Point No.	Frequency Set (GHz)	THz Photocurrent (nA)	Frequency Act (GHz)	Amplitude (via StrMod)	Phase (via StrMod)	Frequency Fit	Timestamp (s)
1	200.000	-0.014	200.002	1.649	2.475	1.328	1782937275.154
2	200.000	0.034	200.003	1.822	0.199	1.328	1782937275.391
3	200.000	-0.040	200.004	4.455	4.811	1.328	1782937275.625
4	200.000	-0.040	200.002	2.221	2.163	1.328	1782937275.914
5	200.000	-0.026	200.004	2.334	5.821	1.328	1782937276.211
6	200.000	-0.077	199.997	2.314	4.909	1.328	1782937276.473
7	200.000	-0.032	200.001	2.663	1.672	1.328	1782937276.779
8	200.000	0.022	200.003	4.216	5.062	1.328	1782937277.049
9	200.000	-0.081	200.002	1.094	3.084	1.328	1782937277.338
10	200.000	0.013	200.000	1.458	6.261	1.328	1782937277.665
11	200.000	0.002	199.997	3.127	4.552	1.328	1782937277.983
12	200.000	-0.010	199.998	2.248	1.764	1.328	1782937278.289
13	200.000	0.026	200.001	4.448	4.887	1.328	1782937278.587
14	200.000	-0.011	199.996	2.128	2.246	1.328	1782937278.841
15	200.000	-0.022	200.001	2.843	0.824	1.328	1782937279.078
16	200.000	-0.070	200.000	4.557	4.806	1.328	1782937279.340
17	200.000	0.020	200.002	2.326	2.234	1.328	1782937279.585
18	200.000	0.033	199.999	1.823	0.301	1.328	1782937279.841
19	200.000	-0.073	200.002	4.238	4.667	1.328	1782937280.106
20	200.000	0.032	200.002	3.102	2.082	1.328	1782937280.412
21	200.000	-0.004	200.002	3.475	5.256	1.328	1782937280.711
22	200.000	-0.005	200.003	1.334	4.209	1.328	1782937280.968
23	200.000	-0.107	199.996	0.893	0.687	1.328	1782937281.278
24	200.000	0.041	200.001	3.192	4.886	1.328	1782937281.533
25	200.000	-0.062	199.999	1.415	2.682	1.328	1782937281.802
26	200.000	-0.023	199.997	2.063	6.091	1.328	1782937282.108
27	200.000	0.021	199.999	3.451	4.643	1.328	1782937282.342
28	200.000	-0.045	199.998	3.118	1.916	1.328	1782937282.610
29	200.000	-0.029	200.000	2.776	5.494	1.328	1782937282.866
30	200.000	0.025	199.996	3.216	4.612	1.328	1782937283.092
31	200.000	0.016	200.002	2.943	1.918	1.328	1782937283.372
32	200.000	0.061	200.002	3.043	5.448	1.328	1782937283.612
33	200.000	0.036	199.999	2.879	4.561	1.328	1782937283.891
34	200.000	-0.025	200.001	2.765	1.607	1.328	1782937284.206
35	200.000	0.016	200.000	4.459	4.892	1.328	1782937284.509
36	200.000	0.065	199.996	2.407	2.120	1.328	1782937284.811
37	200.000	0.045	200.000	2.256	6.008	1.328	1782937285.056
38	200.000	-0.015	200.000	3.321	4.650	1.328	1782937285.342
39	200.000	-0.008	200.004	3.186	1.798	1.328	1782937285.615
40	200.000	0.046	200.002	3.388	5.198	1.328	1782937285.852
41	200.000	-0.017	200.000	2.524	4.528	1.328	1782937286.130
42	200.000	-0.006	199.997	2.561	1.481	1.328	1782937286.440
43	200.000	-0.030	200.001	4.501	4.879	1.328	1782937286.691
44	200.000	-0.006	200.004	1.141	2.896	1.328	1782937286.932
45	200.000	0.025	200.000	2.043	1.116	1.328	1782937287.190
46	200.000	0.020	200.001	4.535	4.930	1.328	1782937287.436
47	200.000	0.015	200.000	0.950	3.122	1.328	1782937287.680
48	200.000	0.031	200.003	1.893	0.749	1.328	1782937287.937
49	200.000	-0.062	200.003	4.579	4.915	1.328	1782937288.190
50	200.000	-0.020	200.002	1.577	2.298	1.328	1782937288.454
51	200.000	0.059	200.001	1.930	0.019	1.328	1782937288.767
52	200.000	-0.004	200.001	3.904	4.702	1.328	1782937289.051
53	200.000	-0.045	200.004	3.028	1.836	1.328	1782937289.306
54	200.000	-0.034	199.996	3.422	5.304	1.328	1782937289.564
55	200.000	0.033	199.999	2.838	4.567	1.328	1782937289.806
56	200.000	-0.024	200.000	3.266	1.899	1.328	1782937290.058
57	200.000	0.043	200.000	3.554	5.304	1.328	1782937290.330
58	200.000	0.010	199.998	1.236	4.108	1.328	1782937290.614
59	200.000	-0.021	200.004	2.440	1.321	1.328	1782937290.878
60	200.000	0.014	200.001	4.374	4.913	1.328	1782937291.106
61	200.000	0.050	200.001	0.777	3.322	1.328	1782937291.386
62	200.000	0.062	199.996	1.897	0.741	1.328	1782937291.687
63	200.000	0.008	200.000	4.272	4.685	1.328	1782937291.929
64	200.000	-0.003	200.001	1.672	2.235	1.328	1782937292.162
65	200.000	0.038	200.001	1.792	0.265	1.328	1782937292.432
66	200.000	0.034	199.999	4.355	4.698	1.328	1782937292.676
67	200.000	-0.012	200.003	1.830	2.230	1.328	1782937292.946
68	200.000	-0.015	200.004	2.197	5.889	1.328	1782937293.245
69	200.000	0.025	200.003	3.363	4.548	1.328	1782937293.505
70	200.000	0.033	200.005	2.915	1.815	1.328	1782937293.819
71	200.000	-0.004	200.003	4.042	4.908	1.328	1782937294.121
72	200.000	-0.037	200.002	1.030	2.971	1.328	1782937294.378
73	200.000	-0.071	200.003	1.860	0.675	1.328	1782937294.629
74	200.000	-0.024	199.999	4.358	4.780	1.328	1782937294.921
75	200.000	0.016	200.002	2.535	2.059	1.328	1782937295.193
76	200.000	-0.030	200.002	2.060	6.109	1.328	1782937295.428
77	200.000	-0.035	200.000	4.151	4.676	1.328	1782937295.689
78	200.000	-0.029	199.997	2.722	1.948	1.328	1782937295.940
79	200.000	-0.014	199.997	2.282	6.147	1.328	1782937296.179
80	200.000	-0.011	199.998	4.199	4.683	1.328	1782937296.431
81	200.000	0.031	200.001	2.773	1.942	1.328	1782937296.678
82	200.000	0.027	199.997	2.532	6.032	1.328	1782937296.939
83	200.000	0.050	200.002	3.824	4.626	1.328	1782937297.176
84	200.000	0.041	200.001	2.667	2.027	1.328	1782937297.420
85	200.000	-0.046	199.996	2.569	5.846	1.328	1782937297.702
86	200.000	0.032	200.000	3.022	4.565	1.328	1782937297.994
87	200.000	-0.007	200.001	3.309	1.808	1.328	1782937298.230
88	200.000	0.002	200.006	3.592	5.261	1.328	1782937298.520
89	200.000	-0.023	200.001	1.321	4.030	1.328	1782937298.823
90	200.000	-0.008	200.001	2.157	0.956	1.328	1782937299.112
91	200.000	0.008	199.999	4.282	4.783	1.328	1782937299.385
92	200.000	0.006	200.005	2.177	2.130	1.328	1782937299.623
93	200.000	-0.022	200.000	1.984	0.049	1.328	1782937299.881
94	200.000	0.026	200.000	4.173	4.706	1.328	1782937300.144
95	200.000	0.017	199.996	2.800	1.907	1.328	1782937300.448
96	200.000	0.045	200.001	3.184	5.461	1.328	1782937300.721
97	200.000	0.020	200.001	2.556	4.315	1.328	1782937300.963
98	200.000	-0.012	200.000	3.222	1.697	1.328	1782937301.232
99	200.000	-0.039	199.999	3.947	4.946	1.328	1782937301.545
100	200.000	-0.022	200.002	1.417	2.345	1.328	1782937301.867
101	200.000	-0.028	199.997	2.147	5.907	1.328	1782937302.154
102	200.000	0.051	199.999	3.644	4.494	1.328	1782937302.399
103	200.000	-0.031	200.001	2.954	1.925	1.328	1782937302.655
104	200.000	0.004	199.999	2.618	5.696	1.328	1782937302.906
105	200.000	0.023	200.003	3.536	4.483	1.328	1782937303.161
106	200.000	0.007	199.999	2.993	1.940	1.328	1782937303.410
107	200.000	-0.028	199.997	2.890	5.608	1.328	1782937303.645
108	200.000	0.019	199.998	3.487	4.476	1.328	1782937303.906
109	200.000	0.015	200.000	2.951	1.915	1.328	1782937304.153
110	200.000	0.016	200.000	2.772	5.803	1.328	1782937304.402
111	200.000	-0.012	200.003	3.107	4.518	1.328	1782937304.667
112	200.000	-0.028	199.996	3.278	1.647	1.328	1782937304.965
113	200.000	-0.029	200.001	3.682	5.088	1.328	1782937305.200
114	200.000	-0.024	200.003	2.032	4.220	1.328	1782937305.472
115	200.000	-0.009	199.999	3.022	1.545	1.328	1782937305.715
116	200.000	0.051	200.002	4.100	4.925	1.328	1782937306.043
117	200.000	0.058	199.997	1.571	2.308	1.328	1782937306.346
118	200.000	0.040	199.998	2.847	5.465	1.328	1782937306.673
119	200.000	-0.044	200.000	1.716	4.208	1.328	1782937306.955
120	200.000	-0.048	200.003	3.107	1.550	1.328	1782937307.215
121	200.000	-0.002	199.997	4.208	4.984	1.328	1782937307.480
122	200.000	-0.031	199.999	1.035	2.874	1.328	1782937307.783
123	200.000	-0.019	200.003	2.022	0.675	1.328	1782937308.000
124	200.000	0.018	200.004	4.420	4.805	1.328	1782937308.283
125	200.000	-0.046	199.999	1.643	2.344	1.328	1782937308.515
126	200.000	-0.015	200.005	1.937	0.465	1.328	1782937308.773
127	200.000	0.044	199.998	4.086	4.651	1.328	1782937309.039
128	200.000	0.010	199.996	2.318	1.961	1.328	1782937309.347
129	200.000	0.009	199.999	3.365	5.381	1.328	1782937309.652
130	200.000	0.001	199.999	2.336	4.178	1.328	1782937309.907
131	200.000	0.032	199.998	3.110	1.666	1.328	1782937310.148
132	200.000	0.043	200.004	3.953	5.077	1.328	1782937310.411
133	200.000	0.045	200.003	1.282	3.768	1.328	1782937310.705
134	200.000	0.053	200.002	2.525	1.207	1.328	1782937310.937
135	200.000	0.006	199.997	4.305	4.838	1.328	1782937311.230
136	200.000	-0.038	200.002	1.978	2.149	1.328	1782937311.519
137	200.000	-0.014	200.000	2.448	6.018	1.328	1782937311.771
138	200.000	-0.041	200.002	4.001	4.596	1.328	1782937312.023
139	200.000	-0.030	200.000	2.783	1.878	1.328	1782937312.293
140	200.000	0.035	200.002	2.829	5.677	1.328	1782937312.521
141	200.000	0.045	200.002	3.698	4.560	1.328	1782937312.789
142	200.000	0.008	200.002	3.044	1.786	1.328	1782937313.045
143	200.000	0.046	200.001	3.377	5.354	1.328	1782937313.314
144	200.000	0.023	200.000	2.371	4.172	1.328	1782937313.601
145	200.000	-0.030	200.002	3.364	1.477	1.328	1782937313.862
146	200.000	0.022	200.002	4.141	5.261	1.328	1782937314.097
147	200.000	0.009	200.001	2.327	4.282	1.328	1782937314.345
148	200.000	0.023	200.001	3.217	1.570	1.328	1782937314.604
149	200.000	-0.068	199.999	4.150	5.193	1.328	1782937314.838
150	200.000	0.016	199.999	1.884	4.215	1.328	1782937315.110
151	200.000	-0.020	199.999	2.739	1.346	1.328	1782937315.402
152	200.000	0.046	200.002	4.421	4.879	1.328	1782937315.656
153	200.000	0.008	200.001	1.290	3.022	1.328	1782937315.918
154	200.000	0.035	200.001	1.944	0.733	1.328	1782937316.173
155	200.000	0.021	200.000	4.069	4.711	1.328	1782937316.489
156	200.000	0.007	200.003	3.029	1.801	1.328	1782937316.786
157	200.000	0.018	200.002	3.681	5.402	1.328	1782937317.034
158	200.000	-0.001	199.998	2.844	4.369	1.328	1782937317.265
159	200.000	0.047	199.997	3.169	1.718	1.328	1782937317.554
160	200.000	0.054	200.002	4.124	5.210	1.328	1782937317.811
161	200.000	0.043	199.996	1.616	4.031	1.328	1782937318.106
162	200.000	0.020	200.000	2.083	0.890	1.328	1782937318.433
163	200.000	-0.027	200.002	3.487	4.589	1.328	1782937318.761
164	200.000	-0.017	199.998	3.289	1.779	1.328	1782937319.070
165	200.000	0.074	199.999	4.306	4.968	1.328	1782937319.345
166	200.000	-0.010	200.003	1.342	3.431	1.328	1782937319.612
167	200.000	0.002	200.000	2.456	1.088	1.328	1782937319.874
168	200.000	0.016	199.997	4.377	4.782	1.328	1782937320.153
169	200.000	-0.012	200.004	1.443	2.457	1.328	1782937320.386
170	200.000	0.058	200.001	2.259	0.852	1.328	1782937320.638
171	200.000	0.017	199.999	4.331	4.719	1.328	1782937320.892
172	200.000	0.016	200.002	1.559	2.487	1.328	1782937321.146
173	200.000	0.028	200.000	2.143	0.069	1.328	1782937321.408
174	200.000	-0.008	199.994	3.932	4.587	1.328	1782937321.704
175	200.000	-0.022	199.999	3.068	1.831	1.328	1782937321.950
176	200.000	0.023	200.001	3.342	5.577	1.328	1782937322.222
177	200.000	-0.040	199.997	2.982	4.355	1.328	1782937322.471
178	200.000	0.045	200.001	3.292	1.817	1.328	1782937322.717
179	200.000	0.042	199.999	3.570	5.370	1.328	1782937323.001
180	200.000	0.042	200.003	1.966	3.915	1.328	1782937323.304
181	200.000	0.000	199.998	2.458	1.153	1.328	1782937323.609
182	200.000	0.020	200.002	4.264	4.663	1.328	1782937323.860
183	200.000	0.023	200.001	1.947	2.292	1.328	1782937324.154
184	200.000	0.033	199.999	2.431	6.031	1.328	1782937324.415
185	200.000	-0.023	200.003	3.157	4.381	1.328	1782937324.725
186	200.000	0.060	199.997	3.558	1.610	1.328	1782937325.004
187	200.000	-0.064	200.000	4.086	5.069	1.328	1782937325.302
188	200.000	-0.104	200.001	1.638	2.527	1.328	1782937325.623
189	200.000	0.008	200.005	2.232	6.067	1.328	1782937325.926
190	200.000	0.020	199.997	3.447	4.462	1.328	1782937326.153
191	200.000	0.035	199.999	3.022	1.952	1.328	1782937326.424
192	200.000	-0.019	199.999	2.973	5.770	1.328	1782937326.652
193	200.000	-0.020	199.999	3.561	4.454	1.328	1782937326.938
194	200.000	-0.058	200.003	3.346	1.725	1.328	1782937327.232
195	200.000	0.009	199.999	4.212	5.283	1.328	1782937327.482
196	200.000	-0.002	199.998	2.553	4.100	1.328	1782937327.720
197	200.000	0.086	199.998	3.508	1.672	1.328	1782937327.969
198	200.000	0.041	200.003	4.260	5.143	1.328	1782937328.234
199	200.000	-0.008	199.999	2.382	4.095	1.328	1782937328.476
200	200.000	-0.070	199.995	3.080	1.452	1.328	1782937328.735
201	200.000	-0.001	199.999	4.177	5.145	1.328	1782937328.973
202	200.000	-0.004	199.997	1.360	3.292	1.328	1782937329.287
203	200.000	0.018	200.003	2.530	1.095	1.328	1782937329.550
204	200.000	0.041	199.997	4.127	4.770	1.328	1782937329.776
205	200.000	-0.004	199.999	1.333	2.987	1.328	1782937330.034
206	200.000	0.039	200.001	2.299	0.938	1.328	1782937330.280
207	200.000	-0.002	200.000	4.197	4.736	1.328	1782937330.544
208	200.000	0.070	200.001	1.782	2.364	1.328	1782937330.851
209	200.000	0.006	199.996	2.549	5.941	1.328	1782937331.100
210	200.000	-0.012	200.001	3.525	4.421	1.328	1782937331.353
211	200.000	-0.019	200.001	2.483	2.100	1.328	1782937331.590
212	200.000	0.049	200.000	2.731	5.734	1.328	1782937331.855
213	200.000	-0.019	199.996	3.739	4.522	1.328	1782937332.094
214	200.000	-0.088	200.002	2.550	2.054	1.328	1782937332.345
215	200.000	0.006	200.002	3.015	5.577	1.328	1782937332.627
216	200.000	-0.004	200.004	2.533	4.102	1.328	1782937332.910
217	200.000	0.053	200.000	3.472	1.596	1.328	1782937333.168
218	200.000	-0.006	200.002	4.034	5.209	1.328	1782937333.421
219	200.000	-0.007	200.001	2.406	4.039	1.328	1782937333.650
220	200.000	0.022	200.004	3.492	1.584	1.328	1782937333.923
221	200.000	0.020	199.999	4.233	5.045	1.328	1782937334.185
222	200.000	0.016	200.001	1.611	3.348	1.328	1782937334.492
223	200.000	0.014	200.001	2.071	0.318	1.328	1782937334.785
224	200.000	0.040	199.994	3.758	4.542	1.328	1782937335.041
225	200.000	-0.004	200.006	2.636	2.122	1.328	1782937335.297
226	200.000	0.086	199.997	2.363	5.776	1.328	1782937335.562
227	200.000	-0.048	200.001	3.276	4.346	1.328	1782937335.852
228	200.000	-0.005	200.002	3.424	1.764	1.328	1782937336.102
229	200.000	0.016	200.000	3.844	5.175	1.328	1782937336.419
230	200.000	0.032	200.001	1.423	3.186	1.328	1782937336.730
231	200.000	0.034	199.995	2.179	0.712	1.328	1782937336.965
232	200.000	0.057	199.995	4.229	4.757	1.328	1782937337.218
233	200.000	-0.004	200.000	1.804	2.522	1.328	1782937337.489
234	200.000	-0.029	199.999	2.177	6.164	1.328	1782937337.783
235	200.000	-0.048	200.002	3.733	4.500	1.328	1782937338.031
236	200.000	-0.009	199.999	2.919	1.891	1.328	1782937338.298
237	200.000	-0.028	200.003	3.533	5.606	1.328	1782937338.530
238	200.000	0.018	199.997	3.168	4.328	1.328	1782937338.791
239	200.000	-0.070	199.997	3.134	1.897	1.328	1782937339.045
240	200.000	0.018	200.002	3.589	5.506	1.328	1782937339.303
241	200.000	-0.012	199.995	3.237	4.226	1.328	1782937339.543
242	200.000	-0.024	200.004	3.140	1.806	1.328	1782937339.791
243	200.000	-0.110	200.003	3.584	5.394	1.328	1782937340.045
244	200.000	0.052	200.001	3.259	4.289	1.328	1782937340.287
245	200.000	-0.038	200.004	3.246	1.765	1.328	1782937340.542
246	200.000	-0.009	200.003	3.781	5.373	1.328	1782937340.806
247	200.000	-0.031	200.002	2.146	3.842	1.328	1782937341.115
248	200.000	-0.048	200.003	3.358	1.492	1.328	1782937341.373
249	200.000	0.054	200.003	4.211	4.862	1.328	1782937341.664
250	200.000	-0.012	199.998	1.956	2.332	1.328	1782937341.984
251	200.000	-0.025	200.001	3.115	5.509	1.328	1782937342.305
252	200.000	0.017	200.004	2.544	4.036	1.328	1782937342.549
253	200.000	-0.042	200.002	3.324	1.527	1.328	1782937342.856
254	200.000	-0.009	199.998	4.507	5.032	1.328	1782937343.085
255	200.000	0.013	199.999	1.982	3.709	1.328	1782937343.344
256	200.000	-0.009	200.000	2.977	1.290	1.328	1782937343.594
257	200.000	0.009	199.998	4.443	4.919	1.328	1782937343.856
258	200.000	0.001	200.002	1.748	3.470	1.328	1782937344.104
259	200.000	-0.010	199.997	2.073	0.572	1.328	1782937344.424
260	200.000	-0.007	199.999	4.031	4.630	1.328	1782937344.651
261	200.000	-0.001	199.998	1.892	2.634	1.328	1782937344.936
262	200.000	0.008	199.999	2.540	5.845	1.328	1782937345.243
263	200.000	-0.049	200.000	3.001	4.165	1.328	1782937345.549
264	200.000	-0.008	200.004	2.848	1.400	1.328	1782937345.845
265	200.000	-0.050	200.000	4.533	4.924	1.328	1782937346.103
266	200.000	-0.022	199.999	1.559	2.991	1.328	1782937346.369
267	200.000	-0.037	199.999	1.978	0.500	1.328	1782937346.662
268	200.000	0.001	199.996	3.967	4.655	1.328	1782937346.893
269	200.000	0.007	200.001	1.901	2.451	1.328	1782937347.164
270	200.000	0.031	200.000	2.316	6.021	1.328	1782937347.464
271	200.000	0.075	199.997	3.067	4.239	1.328	1782937347.747
272	200.000	0.032	199.994	3.293	1.713	1.328	1782937348.018
273	200.000	-0.045	200.003	3.991	5.097	1.328	1782937348.325
274	200.000	-0.057	199.999	1.903	3.469	1.328	1782937348.592
275	200.000	0.038	199.995	2.135	0.549	1.328	1782937348.890
276	200.000	0.035	199.998	3.741	4.590	1.328	1782937349.155
277	200.000	0.023	200.000	2.407	2.007	1.328	1782937349.471
278	200.000	-0.016	200.000	3.983	5.207	1.328	1782937349.781
279	200.000	-0.070	200.001	2.062	3.662	1.328	1782937350.096
280	200.000	-0.047	199.997	2.037	0.419	1.328	1782937350.385
281	200.000	-0.021	200.000	3.301	4.367	1.328	1782937350.708
282	200.000	0.035	199.998	3.080	1.693	1.328	1782937351.010
283	200.000	0.005	199.999	4.534	5.227	1.328	1782937351.249
284	200.000	-0.013	200.004	2.539	3.915	1.328	1782937351.498
285	200.000	-0.028	200.003	3.319	1.516	1.328	1782937351.757
286	200.000	-0.057	200.000	4.483	5.117	1.328	1782937352.015
287	200.000	0.017	200.001	2.137	3.730	1.328	1782937352.271
288	200.000	-0.023	200.003	2.480	1.085	1.328	1782937352.563
289	200.000	-0.013	200.003	4.233	4.819	1.328	1782937352.813
290	200.000	-0.065	200.001	1.759	3.061	1.328	1782937353.090
291	200.000	-0.034	199.998	2.234	0.664	1.328	1782937353.326
292	200.000	-0.044	200.001	4.107	4.837	1.328	1782937353.576
293	200.000	0.012	200.001	1.737	2.795	1.328	1782937353.826
294	200.000	0.013	199.998	2.108	0.456	1.328	1782937354.093
295	200.000	0.073	200.001	3.394	4.496	1.328	1782937354.394
296	200.000	-0.033	200.000	2.954	1.687	1.328	1782937354.723
297	200.000	0.053	200.002	4.329	5.023	1.328	1782937355.028
298	200.000	-0.003	200.002	1.898	2.908	1.328	1782937355.336
299	200.000	-0.040	199.997	2.477	6.045	1.328	1782937355.591
300	200.000	-0.011	200.000	3.502	4.395	1.328	1782937355.884
301	200.000	-0.011	199.997	2.990	1.944	1.328	1782937356.134
302	200.000	-0.052	199.997	3.288	5.593	1.328	1782937356.382
303	200.000	0.031	199.998	2.985	4.114	1.328	1782937356.660
304	200.000	0.017	199.993	3.340	1.605	1.328	1782937356.953
305	200.000	-0.050	199.996	4.455	5.140	1.328	1782937357.190
306	200.000	-0.032	199.999	2.756	3.842	1.328	1782937357.444
307	200.000	-0.010	200.000	3.229	1.400	1.328	1782937357.696
308	200.000	-0.054	200.000	4.570	5.160	1.328	1782937357.946
309	200.000	-0.018	200.000	2.451	3.791	1.328	1782937358.184
310	200.000	-0.039	199.999	3.289	1.389	1.328	1782937358.442
311	200.000	0.019	200.003	4.590	5.156	1.328	1782937358.697
312	200.000	0.025	199.998	1.898	3.629	1.328	1782937358.956
313	200.000	0.044	200.005	2.678	1.165	1.328	1782937359.238
314	200.000	-0.036	199.996	4.176	4.842	1.328	1782937359.547
315	200.000	-0.005	200.004	2.484	2.091	1.328	1782937359.836
316	200.000	-0.000	200.001	3.752	5.456	1.328	1782937360.125
317	200.000	-0.031	200.000	2.499	3.878	1.328	1782937360.441
318	200.000	-0.028	200.005	2.564	1.146	1.328	1782937360.723
319	200.000	-0.031	199.998	3.922	4.725	1.328	1782937361.005
320	200.000	0.031	200.000	2.141	2.555	1.328	1782937361.282
321	200.000	0.049	200.000	2.680	5.739	1.328	1782937361.574
322	200.000	0.016	200.000	3.115	4.217	1.328	1782937361.850
323	200.000	0.024	200.001	3.338	1.649	1.328	1782937362.136
324	200.000	-0.032	200.004	4.485	5.211	1.328	1782937362.387
325	200.000	-0.027	200.001	2.463	3.864	1.328	1782937362.620
326	200.000	-0.014	200.001	3.383	1.574	1.328	1782937362.898
327	200.000	0.056	200.002	4.434	5.098	1.328	1782937363.142
328	200.000	0.015	200.001	2.252	3.483	1.328	1782937363.411
329	200.000	0.048	200.003	3.274	1.323	1.328	1782937363.649
330	200.000	-0.012	200.003	4.450	5.119	1.328	1782937363.888
331	200.000	-0.075	200.005	2.102	3.463	1.328	1782937364.165
332	200.000	-0.044	200.000	2.936	1.223	1.328	1782937364.405
333	200.000	-0.019	200.000	4.833	4.947	1.328	1782937364.656
334	200.000	0.017	199.999	2.209	3.406	1.328	1782937364.897
335	200.000	0.007	200.003	3.160	1.276	1.328	1782937365.155
336	200.000	0.036	200.005	4.373	4.937	1.328	1782937365.423
337	200.000	-0.047	200.001	2.141	2.795	1.328	1782937365.725
338	200.000	-0.038	200.003	2.182	0.411	1.328	1782937365.961
339	200.000	0.011	200.002	3.762	4.736	1.328	1782937366.217
340	200.000	-0.004	200.002	2.346	2.512	1.328	1782937366.460
341	200.000	-0.025	200.003	2.151	0.231	1.328	1782937366.732
342	200.000	0.027	200.005	3.434	4.463	1.328	1782937367.035
343	200.000	0.029	199.997	2.963	1.929	1.328	1782937367.292
344	200.000	-0.044	199.997	4.051	5.202	1.328	1782937367.599
345	200.000	-0.023	199.999	2.503	3.784	1.328	1782937367.830
346	200.000	0.021	199.996	3.553	1.644	1.328	1782937368.097
347	200.000	0.014	200.002	4.708	5.129	1.328	1782937368.335
348	200.000	0.009	200.002	2.510	3.723	1.328	1782937368.609
349	200.000	0.003	199.998	2.762	1.253	1.328	1782937368.891
350	200.000	-0.003	200.002	4.822	4.926	1.328	1782937369.146
351	200.000	-0.008	200.000	2.125	3.090	1.328	1782937369.409
352	200.000	0.092	199.998	2.568	1.014	1.328	1782937369.665
353	200.000	-0.036	200.000	3.815	4.743	1.328	1782937369.965
354	200.000	0.025	200.004	2.532	2.341	1.328	1782937370.217
355	200.000	-0.022	199.997	2.537	5.952	1.328	1782937370.448
356	200.000	-0.004	200.000	3.727	4.604	1.328	1782937370.719
357	200.000	-0.056	200.000	2.746	2.280	1.328	1782937370.975
358	200.000	0.011	200.001	3.048	5.667	1.328	1782937371.270
359	200.000	0.045	200.006	3.120	4.309	1.328	1782937371.510
360	200.000	-0.040	199.998	2.940	2.026	1.328	1782937371.774
361	200.000	0.061	200.003	4.085	5.498	1.328	1782937372.017
362	200.000	0.039	199.998	3.113	4.187	1.328	1782937372.267
363	200.000	-0.061	200.001	3.135	1.743	1.328	1782937372.556
364	200.000	-0.028	199.999	4.549	5.207	1.328	1782937372.837
365	200.000	0.005	200.000	2.239	3.432	1.328	1782937373.074
366	200.000	-0.005	199.996	3.044	1.446	1.328	1782937373.359
367	200.000	0.042	200.000	4.754	5.038	1.328	1782937373.606
368	200.000	0.070	200.002	2.173	2.963	1.328	1782937373.923
369	200.000	-0.028	200.004	2.295	6.209	1.328	1782937374.147
370	200.000	0.032	199.999	4.166	4.755	1.328	1782937374.412
371	200.000	-0.037	199.998	2.318	2.496	1.328	1782937374.695
372	200.000	0.001	200.000	3.285	5.506	1.328	1782937374.973
373	200.000	-0.016	200.003	2.900	4.195	1.328	1782937375.252
374	200.000	0.068	199.999	3.069	1.728	1.328	1782937375.534
375	200.000	-0.020	200.002	4.757	5.219	1.328	1782937375.813
376	200.000	0.021	199.999	2.372	3.032	1.328	1782937376.111
377	200.000	0.086	199.997	2.320	0.768	1.328	1782937376.363
378	200.000	-0.012	200.002	4.517	4.924	1.328	1782937376.589
379	200.000	-0.003	199.998	2.369	2.927	1.328	1782937376.874
380	200.000	-0.007	200.004	2.043	6.221	1.328	1782937377.159
381	200.000	0.102	199.999	3.320	4.441	1.328	1782937377.424
382	200.000	-0.024	200.001	2.768	2.361	1.328	1782937377.658
383	200.000	-0.019	200.000	2.411	6.029	1.328	1782937377.924
384	200.000	-0.004	199.998	3.309	4.356	1.328	1782937378.164
385	200.000	0.050	200.002	2.815	2.367	1.328	1782937378.414
386	200.000	0.024	199.998	2.905	5.800	1.328	1782937378.660
387	200.000	0.055	200.000	3.503	4.467	1.328	1782937378.915
388	200.000	0.006	200.000	2.856	2.088	1.328	1782937379.186
389	200.000	0.021	200.003	3.722	5.346	1.328	1782937379.497
390	200.000	0.065	200.003	2.591	3.635	1.328	1782937379.734
391	200.000	-0.001	200.002	2.952	1.451	1.328	1782937380.040
392	200.000	-0.045	200.001	4.700	4.969	1.328	1782937380.318
393	200.000	-0.047	200.001	2.373	2.763	1.328	1782937380.607
394	200.000	-0.080	200.000	2.253	0.242	1.328	1782937380.876
395	200.000	-0.045	199.996	3.484	4.524	1.328	1782937381.137
396	200.000	0.008	199.999	2.846	2.264	1.328	1782937381.417
397	200.000	0.010	200.000	3.899	5.402	1.328	1782937381.669
398	200.000	0.008	200.001	3.014	4.186	1.328	1782937381.923
399	200.000	-0.033	200.000	3.343	1.927	1.328	1782937382.174
400	200.000	-0.045	200.000	3.821	5.496	1.328	1782937382.431
401	200.000	-0.051	199.999	2.542	3.823	1.328	1782937382.682
402	200.000	-0.020	199.998	3.034	1.596	1.328	1782937383.009
403	200.000	-0.046	200.001	4.357	4.890	1.328	1782937383.316
404	200.000	0.003	200.002	2.630	2.568	1.328	1782937383.565
405	200.000	-0.040	199.997	2.264	0.802	1.328	1782937383.811
406	200.000	-0.004	199.998	4.248	4.775	1.328	1782937384.062
407	200.000	-0.019	200.000	2.604	2.587	1.328	1782937384.333
408	200.000	0.012	200.000	2.433	5.921	1.328	1782937384.627
409	200.000	0.007	200.001	3.071	4.377	1.328	1782937384.869
410	200.000	-0.018	199.999	3.071	2.236	1.328	1782937385.131
411	200.000	-0.008	200.001	3.473	5.568	1.328	1782937385.385
412	200.000	0.001	199.997	2.649	4.011	1.328	1782937385.676
413	200.000	-0.013	200.003	3.507	1.725	1.328	1782937385.943
414	200.000	-0.010	199.997	4.691	5.119	1.328	1782937386.229
415	200.000	-0.020	200.004	2.557	3.407	1.328	1782937386.491
416	200.000	-0.022	200.002	2.820	1.210	1.328	1782937386.757
417	200.000	-0.036	200.000	4.065	4.778	1.328	1782937387.067
418	200.000	-0.006	200.001	2.955	2.232	1.328	1782937387.371
419	200.000	0.008	200.002	3.557	5.574	1.328	1782937387.600
420	200.000	-0.026	200.001	3.240	4.374	1.328	1782937387.862
421	200.000	-0.018	200.001	3.194	2.114	1.328	1782937388.118
422	200.000	-0.017	200.000	3.588	5.565	1.328	1782937388.367
423	200.000	0.023	200.004	3.174	4.191	1.328	1782937388.620
424	200.000	0.008	199.999	3.215	2.085	1.328	1782937388.863
425	200.000	-0.041	199.999	3.563	5.598	1.328	1782937389.117
426	200.000	0.011	200.001	2.906	4.171	1.328	1782937389.391
427	200.000	-0.052	200.000	2.969	1.697	1.328	1782937389.682
428	200.000	0.056	200.001	4.558	5.034	1.328	1782937390.002
429	200.000	-0.044	200.000	2.742	3.142	1.328	1782937390.239
430	200.000	-0.054	199.997	2.883	1.113	1.328	1782937390.489
431	200.000	0.020	200.001	4.589	4.968	1.328	1782937390.719
432	200.000	-0.009	200.001	2.615	3.308	1.328	1782937390.994
433	200.000	0.051	200.001	2.495	0.923	1.328	1782937391.249
434	200.000	-0.035	200.001	4.095	4.782	1.328	1782937391.571
435	200.000	0.004	199.997	2.885	2.323	1.328	1782937391.874
436	200.000	-0.031	199.999	3.974	5.508	1.328	1782937392.111
437	200.000	0.001	199.998	2.801	4.106	1.328	1782937392.383
438	200.000	-0.016	199.999	3.426	1.902	1.328	1782937392.640
439	200.000	-0.008	199.998	4.281	5.402	1.328	1782937392.900
440	200.000	-0.026	200.000	2.822	4.044	1.328	1782937393.135
441	200.000	-0.009	200.000	3.300	1.956	1.328	1782937393.379
442	200.000	0.045	199.999	4.493	5.191	1.328	1782937393.701
443	200.000	0.039	200.000	2.331	3.186	1.328	1782937394.005
444	200.000	-0.034	199.998	2.299	0.656	1.328	1782937394.273
445	200.000	-0.033	200.000	4.160	4.777	1.328	1782937394.532
446	200.000	-0.016	199.999	2.818	2.591	1.328	1782937394.843
447	200.000	-0.045	200.001	3.830	5.677	1.328	1782937395.097
448	200.000	-0.006	199.996	2.730	4.031	1.328	1782937395.399
449	200.000	0.010	199.999	3.087	1.630	1.328	1782937395.707
450	200.000	-0.053	200.003	4.818	5.002	1.328	1782937395.960
451	200.000	-0.028	199.999	2.626	3.008	1.328	1782937396.249
452	200.000	-0.033	200.002	2.280	0.211	1.328	1782937396.510
453	200.000	-0.025	200.001	3.836	4.746	1.328	1782937396.780
454	200.000	-0.020	200.000	3.175	2.292	1.328	1782937397.079
455	200.000	-0.028	200.002	4.291	5.507	1.328	1782937397.344
456	200.000	-0.024	200.001	2.738	3.895	1.328	1782937397.642
457	200.000	-0.003	200.004	3.490	1.766	1.328	1782937397.885
458	200.000	-0.040	200.000	4.933	5.254	1.328	1782937398.155
459	200.000	-0.008	199.999	2.567	3.372	1.328	1782937398.473
460	200.000	0.024	200.001	2.051	0.269	1.328	1782937398.769
461	200.000	-0.022	200.003	3.604	4.636	1.328	1782937399.022
462	200.000	0.034	200.000	2.882	2.378	1.328	1782937399.264
463	200.000	0.015	200.001	2.722	5.993	1.328	1782937399.509
464	200.000	0.021	199.999	3.412	4.557	1.328	1782937399.768
465	200.000	-0.063	200.002	3.085	2.332	1.328	1782937400.020
466	200.000	-0.010	200.003	2.972	5.932	1.328	1782937400.279
467	200.000	0.064	199.997	3.160	4.433	1.328	1782937400.501
468	200.000	-0.017	199.998	3.001	2.310	1.328	1782937400.780
469	200.000	-0.032	199.998	3.815	5.583	1.328	1782937401.022
470	200.000	-0.019	200.001	3.047	4.398	1.328	1782937401.269
471	200.000	-0.038	200.002	3.111	2.216	1.328	1782937401.519
472	200.000	-0.027	200.001	3.623	5.654	1.328	1782937401.793
473	200.000	0.011	200.000	2.586	3.982	1.328	1782937402.032
474	200.000	-0.042	200.002	3.348	2.072	1.328	1782937402.266
475	200.000	0.009	200.002	4.112	5.479	1.328	1782937402.551
476	200.000	-0.039	199.998	2.555	3.858	1.328	1782937402.854
477	200.000	0.006	200.002	3.024	1.547	1.328	1782937403.109
478	200.000	-0.026	199.998	5.000	5.111	1.328	1782937403.381
479	200.000	-0.037	200.000	2.543	3.149	1.328	1782937403.668
480	200.000	-0.027	200.002	2.443	6.038	1.328	1782937404.000
481	200.000	0.038	200.004	2.679	4.192	1.328	1782937404.307
482	200.000	0.012	199.998	3.484	1.866	1.328	1782937404.541
483	200.000	0.003	200.001	4.619	5.213	1.328	1782937404.858
484	200.000	-0.008	200.003	2.738	3.294	1.328	1782937405.113
485	200.000	-0.018	200.002	2.355	1.155	1.328	1782937405.397
486	200.000	-0.025	199.998	4.704	4.903	1.328	1782937405.651
487	200.000	0.011	199.998	3.019	2.572	1.328	1782937405.949
488	200.000	0.001	199.997	2.813	6.054	1.328	1782937406.216
489	200.000	-0.034	200.001	3.229	4.489	1.328	1782937406.444
490	200.000	-0.018	200.000	3.004	2.486	1.328	1782937406.721
491	200.000	-0.017	199.999	3.533	5.620	1.328	1782937406.982
492	200.000	-0.009	200.001	2.863	4.225	1.328	1782937407.251
493	200.000	-0.076	200.004	3.252	1.972	1.328	1782937407.518
494	200.000	0.015	199.999	4.678	5.294	1.328	1782937407.805
495	200.000	-0.044	199.999	2.582	3.481	1.328	1782937408.114
496	200.000	-0.009	200.003	2.103	0.695	1.328	1782937408.397
497	200.000	-0.017	200.005	4.084	4.772	1.328	1782937408.655
498	200.000	0.002	199.997	2.854	2.689	1.328	1782937408.915
499	200.000	0.002	200.005	3.232	5.780	1.328	1782937409.239
500	200.000	-0.026	200.000	2.577	3.945	1.328	1782937409.544
501	200.000	0.008	200.002	3.450	1.778	1.328	1782937409.772
502	200.000	0.009	200.005	4.933	5.342	1.328	1782937410.042
503	200.000	-0.017	199.999	2.545	3.611	1.328	1782937410.291
504	200.000	-0.039	200.001	2.760	1.416	1.328	1782937410.608
505	200.000	-0.039	199.999	5.014	4.993	1.328	1782937410.841
506	200.000	0.009	200.000	2.806	3.273	1.328	1782937411.112
507	200.000	0.011	199.997	2.823	1.118	1.328	1782937411.339
508	200.000	-0.011	199.999	4.675	5.011	1.328	1782937411.620
509	200.000	-0.055	200.000	2.882	2.801	1.328	1782937411.921
510	200.000	0.008	200.001	2.709	0.003	1.328	1782937412.169
511	200.000	0.021	199.998	3.559	4.512	1.328	1782937412.429
512	200.000	0.000	200.001	3.183	2.243	1.328	1782937412.718
513	200.000	-0.025	200.000	4.322	5.589	1.328	1782937412.985
514	200.000	0.024	200.002	2.906	4.154	1.328	1782937413.233
515	200.000	0.033	199.998	3.499	2.050	1.328	1782937413.467
516	200.000	0.033	200.002	4.407	5.613	1.328	1782937413.720
517	200.000	-0.008	200.000	3.077	4.340	1.328	1782937413.952
518	200.000	0.003	199.999	3.422	2.074	1.328	1782937414.259
519	200.000	0.020	200.001	4.927	5.277	1.328	1782937414.554
520	200.000	0.032	200.001	2.851	3.406	1.328	1782937414.795
521	200.000	-0.004	200.000	3.458	1.602	1.328	1782937415.024
522	200.000	-0.042	200.000	5.275	5.228	1.328	1782937415.290
523	200.000	0.024	200.001	2.782	3.290	1.328	1782937415.524
524	200.000	-0.006	200.000	3.215	1.581	1.328	1782937415.795
525	200.000	-0.029	199.995	4.983	5.080	1.328	1782937416.055
526	200.000	0.012	199.998	2.923	2.947	1.328	1782937416.359
527	200.000	-0.032	199.999	2.821	6.078	1.328	1782937416.680
528	200.000	0.002	200.002	2.826	4.200	1.328	1782937416.961
529	200.000	0.035	200.003	3.648	1.993	1.328	1782937417.226
530	200.000	-0.058	199.999	4.872	5.318	1.328	1782937417.461
531	200.000	0.038	200.001	2.821	3.967	1.328	1782937417.735
532	200.000	0.038	200.000	3.035	1.568	1.328	1782937418.012
533	200.000	0.000	200.000	5.151	5.074	1.328	1782937418.264
534	200.000	-0.037	200.002	2.693	3.246	1.328	1782937418.524
535	200.000	-0.080	200.001	2.667	1.103	1.328	1782937418.797
536	200.000	0.019	200.001	4.871	5.006	1.328	1782937419.039
537	200.000	0.018	200.002	3.024	2.911	1.328	1782937419.304
538	200.000	0.021	199.998	2.457	1.024	1.328	1782937419.543
539	200.000	-0.032	199.996	5.102	5.005	1.328	1782937419.789
540	200.000	0.057	200.003	2.906	2.780	1.328	1782937420.050
541	200.000	0.024	199.998	2.616	0.974	1.328	1782937420.304
542	200.000	0.000	199.999	3.578	4.673	1.328	1782937420.621
543	200.000	0.024	200.003	3.638	2.034	1.328	1782937420.927
544	200.000	0.042	199.999	4.634	5.424	1.328	1782937421.183
545	200.000	0.009	199.999	2.675	3.482	1.328	1782937421.476
546	200.000	0.022	199.999	2.388	1.114	1.328	1782937421.788
547	200.000	-0.015	200.002	4.418	4.912	1.328	1782937422.041
548	200.000	0.055	200.000	3.350	2.804	1.328	1782937422.290
549	200.000	0.093	200.003	2.201	0.608	1.328	1782937422.519
550	200.000	-0.041	200.001	4.411	4.905	1.328	1782937422.802
551	200.000	0.061	200.001	3.356	2.491	1.328	1782937423.100
552	200.000	0.070	200.001	3.844	5.459	1.328	1782937423.363
553	200.000	-0.020	199.996	2.738	4.220	1.328	1782937423.617
554	200.000	0.008	200.003	3.597	1.923	1.328	1782937423.910
555	200.000	-0.044	200.000	4.913	5.308	1.328	1782937424.170
556	200.000	0.006	199.998	2.729	3.553	1.328	1782937424.405
557	200.000	-0.009	199.997	3.525	1.680	1.328	1782937424.679
558	200.000	0.023	199.998	4.974	5.060	1.328	1782937424.962
559	200.000	0.004	199.999	2.933	3.012	1.328	1782937425.247
560	200.000	0.067	199.997	2.558	0.907	1.328	1782937425.474
561	200.000	0.018	199.998	4.488	4.846	1.328	1782937425.734
562	200.000	-0.059	199.999	3.202	2.709	1.328	1782937426.009
563	200.000	0.004	200.001	2.675	5.904	1.328	1782937426.318
564	200.000	-0.028	199.998	3.110	4.268	1.328	1782937426.593
565	200.000	-0.003	199.999	3.497	1.795	1.328	1782937426.884
566	200.000	-0.032	199.998	5.359	5.207	1.328	1782937427.126
567	200.000	0.018	199.995	2.609	3.382	1.328	1782937427.378
568	200.000	0.009	199.999	3.636	1.799	1.328	1782937427.627
569	200.000	0.021	200.000	5.241	5.184	1.328	1782937427.891
570	200.000	0.007	200.004	2.669	3.562	1.328	1782937428.161
571	200.000	0.037	199.999	2.793	1.319	1.328	1782937428.452
572	200.000	0.010	200.003	5.038	4.960	1.328	1782937428.704
573	200.000	-0.001	200.000	3.163	2.913	1.328	1782937428.973
574	200.000	-0.007	200.000	2.228	0.619	1.328	1782937429.261
575	200.000	0.026	200.005	3.888	4.761	1.328	1782937429.497
576	200.000	0.038	200.001	3.472	2.680	1.328	1782937429.763
577	200.000	-0.001	199.998	2.547	6.163	1.328	1782937430.020
578	200.000	0.025	200.003	3.034	4.488	1.328	1782937430.319
579	200.000	-0.051	200.001	3.898	2.116	1.328	1782937430.592
580	200.000	-0.041	199.997	4.809	5.273	1.328	1782937430.871
581	200.000	-0.008	199.999	2.743	3.651	1.328	1782937431.146
582	200.000	0.000	199.999	3.138	1.520	1.328	1782937431.458
583	200.000	0.007	200.000	5.126	4.983	1.328	1782937431.721
584	200.000	-0.027	199.997	3.361	2.727	1.328	1782937432.035
585	200.000	0.021	200.002	3.532	5.669	1.328	1782937432.340
586	200.000	0.003	200.001	2.548	3.925	1.328	1782937432.629
587	200.000	0.020	200.000	3.881	1.929	1.328	1782937432.882
588	200.000	0.022	199.999	5.314	5.140	1.328	1782937433.138
589	200.000	0.049	200.000	2.948	3.511	1.328	1782937433.402
590	200.000	0.051	199.992	2.807	1.476	1.328	1782937433.684
591	200.000	0.012	200.004	5.088	5.050	1.328	1782937433.939
592	200.000	-0.047	200.000	3.307	2.980	1.328	1782937434.209
593	200.000	-0.048	200.001	2.228	0.573	1.328	1782937434.506
594	200.000	0.011	199.998	3.972	4.740	1.328	1782937434.745
595	200.000	0.024	200.002	3.597	2.682	1.328	1782937435.016
596	200.000	0.011	200.003	2.840	6.118	1.328	1782937435.262
597	200.000	-0.035	200.003	3.039	4.276	1.328	1782937435.562
598	200.000	-0.060	200.005	4.091	2.131	1.328	1782937435.801
599	200.000	-0.019	199.997	4.441	5.444	1.328	1782937436.066
600	200.000	-0.042	200.006	2.677	3.827	1.328	1782937436.322
601	200.000	0.027	199.997	3.939	2.002	1.328	1782937436.591
602	200.000	0.013	200.001	5.350	5.143	1.328	1782937436.909
603	200.000	-0.021	199.997	3.288	2.819	1.328	1782937437.180
604	200.000	-0.016	200.001	2.214	0.337	1.328	1782937437.456
605	200.000	-0.014	200.001	3.924	4.707	1.328	1782937437.719
606	200.000	0.009	200.005	3.466	2.455	1.328	1782937438.025
607	200.000	-0.020	199.998	4.266	5.460	1.328	1782937438.269
608	200.000	0.037	200.000	2.749	3.838	1.328	1782937438.559
609	200.000	0.004	200.001	3.824	1.952	1.328	1782937438.788
610	200.000	-0.036	200.001	4.883	5.289	1.328	1782937439.063
611	200.000	0.006	200.000	2.764	3.647	1.328	1782937439.332
612	200.000	0.028	200.001	2.593	1.340	1.328	1782937439.632
613	200.000	0.012	199.999	4.206	4.760	1.328	1782937439.943
614	200.000	0.001	199.999	3.684	2.656	1.328	1782937440.201
615	200.000	0.018	200.001	3.039	5.813	1.328	1782937440.512
616	200.000	0.018	200.001	2.579	3.846	1.328	1782937440.808
617	200.000	0.003	200.002	3.527	1.701	1.328	1782937441.084
618	200.000	0.038	199.996	5.187	5.090	1.328	1782937441.363
619	200.000	-0.026	200.000	3.146	3.099	1.328	1782937441.622
620	200.000	0.077	200.000	2.659	1.124	1.328	1782937441.880
621	200.000	-0.004	200.000	5.441	4.970	1.328	1782937442.128
622	200.000	-0.025	200.002	3.517	2.701	1.328	1782937442.430
623	200.000	0.004	199.999	2.639	6.268	1.328	1782937442.685
624	200.000	0.036	199.998	3.669	4.639	1.328	1782937442.942
625	200.000	-0.009	200.003	3.740	2.466	1.328	1782937443.201
626	200.000	-0.043	199.998	3.648	5.693	1.328	1782937443.465
627	200.000	-0.025	200.000	2.736	4.194	1.328	1782937443.776
628	200.000	0.009	200.000	4.041	1.958	1.328	1782937444.008
629	200.000	0.098	200.000	5.249	5.278	1.328	1782937444.289
630	200.000	0.015	200.001	2.691	3.702	1.328	1782937444.519
631	200.000	-0.003	200.001	3.833	1.798	1.328	1782937444.794
632	200.000	-0.054	200.000	5.224	5.133	1.328	1782937445.080
633	200.000	0.005	200.001	3.093	2.950	1.328	1782937445.343
634	200.000	-0.044	200.000	2.924	1.142	1.328	1782937445.575
635	200.000	-0.003	199.999	5.095	5.008	1.328	1782937445.856
636	200.000	0.033	199.999	3.491	2.701	1.328	1782937446.140
637	200.000	0.013	200.004	2.846	5.974	1.328	1782937446.400
638	200.000	-0.023	200.003	3.805	4.739	1.328	1782937446.637
639	200.000	0.011	200.001	3.742	2.449	1.328	1782937446.897
640	200.000	0.017	199.997	3.130	5.863	1.328	1782937447.148
641	200.000	-0.004	200.001	3.410	4.544	1.328	1782937447.428
642	200.000	0.032	200.001	3.821	2.138	1.328	1782937447.727
643	200.000	-0.009	199.999	5.095	5.193	1.328	1782937447.988
644	200.000	0.043	200.006	2.657	3.402	1.328	1782937448.310
645	200.000	0.003	199.999	2.544	0.866	1.328	1782937448.580
646	200.000	-0.006	199.999	4.254	4.771	1.328	1782937448.835
647	200.000	-0.076	199.999	3.664	2.601	1.328	1782937449.097
648	200.000	0.001	200.001	3.125	5.655	1.328	1782937449.407
649	200.000	0.055	200.000	2.880	4.265	1.328	1782937449.666
650	200.000	-0.029	200.001	3.805	2.090	1.328	1782937449.917
651	200.000	-0.069	200.001	4.778	5.330	1.328	1782937450.219
652	200.000	-0.017	199.999	2.878	3.523	1.328	1782937450.465
653	200.000	-0.029	200.001	3.828	1.766	1.328	1782937450.727
654	200.000	-0.000	199.999	5.485	5.166	1.328	1782937450.990
655	200.000	-0.010	200.004	2.869	3.183	1.328	1782937451.269
656	200.000	0.059	200.000	3.128	1.265	1.328	1782937451.506
657	200.000	0.002	199.999	5.256	4.970	1.328	1782937451.782
658	200.000	0.044	199.995	3.554	2.805	1.328	1782937452.030
659	200.000	0.046	200.000	2.413	0.991	1.328	1782937452.289
660	200.000	-0.003	199.999	5.067	4.898	1.328	1782937452.533
661	200.000	0.021	199.998	3.582	2.807	1.328	1782937452.766
662	200.000	0.032	199.997	2.621	0.767	1.328	1782937453.027
663	200.000	-0.025	200.001	4.937	4.867	1.328	1782937453.272
664	200.000	0.009	199.995	3.514	2.714	1.328	1782937453.527
665	200.000	0.015	200.000	2.629	0.815	1.328	1782937453.773
666	200.000	-0.025	199.998	5.019	4.897	1.328	1782937454.029
667	200.000	0.003	199.999	3.654	2.694	1.328	1782937454.277
668	200.000	-0.076	200.002	2.401	0.602	1.328	1782937454.505
669	200.000	-0.021	199.997	4.878	4.838	1.328	1782937454.782
670	200.000	0.017	200.001	3.575	2.680	1.328	1782937455.005
671	200.000	-0.067	199.996	2.143	0.735	1.328	1782937455.309
672	200.000	0.012	199.997	3.832	4.607	1.328	1782937455.606
673	200.000	-0.014	200.004	4.092	2.401	1.328	1782937455.838
674	200.000	-0.065	199.999	3.083	5.852	1.328	1782937456.090
675	200.000	-0.020	199.999	3.718	4.621	1.328	1782937456.347
676	200.000	0.018	199.998	3.941	2.400	1.328	1782937456.615
677	200.000	-0.027	199.998	4.369	5.380	1.328	1782937456.914
678	200.000	0.002	199.999	2.583	3.641	1.328	1782937457.189
679	200.000	0.024	200.004	3.389	1.689	1.328	1782937457.477
680	200.000	0.009	200.002	4.830	4.924	1.328	1782937457.806
681	200.000	-0.037	200.002	3.917	2.427	1.328	1782937458.111
682	200.000	-0.038	199.998	3.990	5.616	1.328	1782937458.338
683	200.000	0.016	200.001	2.965	4.387	1.328	1782937458.623
684	200.000	0.008	200.001	4.158	2.198	1.328	1782937458.848
685	200.000	-0.027	200.001	4.133	5.552	1.328	1782937459.115
686	200.000	-0.028	200.003	3.043	4.319	1.328	1782937459.341
687	200.000	0.041	200.001	4.026	2.227	1.328	1782937459.621
688	200.000	0.002	200.000	4.934	5.287	1.328	1782937459.904
689	200.000	0.040	199.998	2.676	3.446	1.328	1782937460.170
690	200.000	0.034	200.002	3.832	1.684	1.328	1782937460.420
691	200.000	-0.022	200.003	5.205	4.947	1.328	1782937460.731
692	200.000	0.040	199.995	3.380	2.924	1.328	1782937460.978
693	200.000	0.033	199.996	2.531	0.986	1.328	1782937461.234
694	200.000	-0.071	199.998	5.156	4.961	1.328	1782937461.474
695	200.000	0.015	200.000	3.556	2.860	1.328	1782937461.741
696	200.000	-0.037	200.000	2.424	0.796	1.328	1782937461.970
697	200.000	-0.029	200.000	5.087	4.917	1.328	1782937462.254
698	200.000	0.015	199.999	3.753	2.537	1.328	1782937462.561
699	200.000	-0.010	199.998	4.313	5.413	1.328	1782937462.850
700	200.000	0.011	199.998	2.575	3.968	1.328	1782937463.125
701	200.000	0.030	200.006	3.578	1.614	1.328	1782937463.436
702	200.000	0.015	200.001	4.949	4.905	1.328	1782937463.734
703	200.000	0.001	199.998	3.900	2.376	1.328	1782937464.066
704	200.000	0.007	200.000	4.576	5.342	1.328	1782937464.375
705	200.000	-0.003	200.000	2.913	3.093	1.328	1782937464.675
706	200.000	-0.020	199.999	2.941	1.088	1.328	1782937464.936
707	200.000	-0.006	199.998	4.854	4.849	1.328	1782937465.228
708	200.000	0.028	200.001	4.039	2.614	1.328	1782937465.458
709	200.000	0.007	199.995	2.381	0.574	1.328	1782937465.735
710	200.000	0.007	199.998	4.844	4.833	1.328	1782937465.978
711	200.000	-0.033	200.005	3.860	2.828	1.328	1782937466.229
712	200.000	0.021	200.003	2.403	0.352	1.328	1782937466.483
713	200.000	0.052	199.999	4.657	4.808	1.328	1782937466.729
714	200.000	-0.008	200.002	3.654	2.849	1.328	1782937466.983
715	200.000	-0.019	200.002	2.765	0.897	1.328	1782937467.219
716	200.000	-0.001	200.001	5.467	4.923	1.328	1782937467.475
717	200.000	0.003	199.997	3.558	2.670	1.328	1782937467.729
718	200.000	-0.009	199.996	2.815	5.643	1.328	1782937468.066
719	200.000	-0.041	199.999	2.638	3.639	1.328	1782937468.373
720	200.000	-0.025	200.004	3.384	1.539	1.328	1782937468.665
721	200.000	0.014	199.996	5.610	5.001	1.328	1782937468.928
722	200.000	-0.013	200.001	3.386	2.975	1.328	1782937469.182
723	200.000	-0.000	199.998	2.355	0.541	1.328	1782937469.474
724	200.000	0.003	199.999	4.739	4.726	1.328	1782937469.727
725	200.000	-0.019	199.999	3.926	2.671	1.328	1782937469.981
726	200.000	0.006	200.000	2.650	6.247	1.328	1782937470.234
727	200.000	0.067	200.000	4.191	4.704	1.328	1782937470.473
728	200.000	-0.033	200.003	3.925	2.525	1.328	1782937470.707
729	200.000	0.004	200.001	2.689	0.214	1.328	1782937470.993
730	200.000	0.040	200.001	3.901	4.643	1.328	1782937471.311
731	200.000	0.028	200.006	4.167	2.036	1.328	1782937471.613
732	200.000	-0.014	199.998	5.248	5.414	1.328	1782937471.889
733	200.000	-0.026	200.001	3.035	3.296	1.328	1782937472.166
734	200.000	-0.009	200.002	2.744	1.114	1.328	1782937472.421
735	200.000	-0.014	200.000	5.171	4.848	1.328	1782937472.729
736	200.000	0.012	199.998	3.775	2.637	1.328	1782937472.962
737	200.000	0.006	199.999	3.375	5.673	1.328	1782937473.228
738	200.000	0.011	200.000	3.162	4.189	1.328	1782937473.484
739	200.000	0.049	200.000	4.119	2.087	1.328	1782937473.801
740	200.000	-0.026	200.001	4.641	5.509	1.328	1782937474.110
741	200.000	-0.000	200.004	6.527	5.115	1.328	1782937474.409
742	200.000	0.002	200.003	6.515	5.143	1.328	1782937474.662
743	200.000	0.028	200.001	6.554	5.113	1.328	1782937474.898
744	200.000	0.005	199.996	6.464	5.126	1.328	1782937475.147
745	200.000	0.027	199.998	6.615	5.100	1.328	1782937475.436
746	200.000	-0.012	199.997	6.544	5.121	1.328	1782937475.722
747	200.000	-0.052	200.002	6.477	5.122	1.328	1782937475.966
748	200.000	0.021	199.999	6.496	5.104	1.328	1782937476.237
749	200.000	-0.041	200.000	6.401	5.101	1.328	1782937476.479
750	200.000	0.029	199.999	6.450	5.086	1.328	1782937476.739
751	200.000	-0.032	200.003	6.519	5.073	1.328	1782937476.958
752	200.000	-0.009	200.000	6.609	5.187	1.328	1782937477.230
753	200.000	-0.006	200.000	6.418	5.137	1.328	1782937477.483
754	200.000	-0.014	200.002	6.423	5.129	1.328	1782937477.724
755	200.000	-0.002	200.002	6.480	5.166	1.328	1782937477.979
