Point No.	Frequency Set (GHz)	THz Photocurrent (nA)	Frequency Act (GHz)	Amplitude (via StrMod)	Phase (via StrMod)	Frequency Fit	Timestamp (s)
1	100.000	4.096	100.000	0.000	0.000	0.000	1783092823.923
2	100.000	3.924	100.000	0.000	0.000	0.000	1783092824.123
3	100.000	4.378	99.996	0.000	0.000	0.000	1783092824.308
4	100.000	4.346	100.001	0.000	0.000	0.000	1783092824.491
5	100.000	3.876	100.004	0.000	0.000	0.000	1783092824.616
6	100.000	4.371	100.003	0.000	0.000	0.000	1783092824.813
7	100.000	4.304	100.001	0.000	0.000	0.000	1783092825.011
8	100.000	4.088	100.005	0.000	0.000	0.000	1783092825.185
9	100.000	3.866	100.002	0.000	0.000	0.000	1783092825.368
10	100.000	4.193	100.002	0.000	0.000	0.000	1783092825.543
11	100.000	4.270	99.998	0.000	0.000	0.000	1783092825.679
12	100.000	4.186	100.001	0.000	0.000	0.000	1783092825.873
13	100.000	4.284	99.998	0.000	0.000	0.000	1783092826.052
14	100.000	4.238	100.000	0.000	0.000	0.000	1783092826.169
15	100.000	4.069	99.996	0.000	0.000	0.000	1783092826.295
16	100.000	4.224	100.005	0.000	0.000	0.000	1783092826.419
17	100.000	4.087	100.002	0.000	0.000	0.000	1783092826.568
18	100.000	-0.758	99.996	0.000	0.000	0.000	1783092826.752
19	100.000	-0.372	100.000	0.000	0.000	0.000	1783092826.878
20	100.000	-0.958	99.996	0.000	0.000	0.000	1783092827.066
21	100.000	2.084	100.001	0.000	0.000	0.000	1783092827.264
22	100.000	1.430	100.001	0.000	0.000	0.000	1783092827.445
23	100.000	0.022	99.996	0.000	0.000	0.000	1783092827.624
24	100.000	0.292	100.002	0.000	0.000	0.000	1783092827.765
25	100.000	-0.074	100.000	0.000	0.000	0.000	1783092827.953
26	100.000	2.245	99.997	0.000	0.000	0.000	1783092828.130
27	100.000	2.289	99.999	0.000	0.000	0.000	1783092828.248
28	100.000	1.860	100.000	0.000	0.000	0.000	1783092828.444
29	100.000	-0.520	100.003	0.000	0.000	0.000	1783092828.632
30	100.000	-0.573	100.003	0.000	0.000	0.000	1783092828.835
31	100.000	0.768	99.999	0.000	0.000	0.000	1783092829.004
32	100.000	1.287	100.001	0.000	0.000	0.000	1783092829.121
33	100.000	1.314	100.001	0.000	0.000	0.000	1783092829.245
34	100.000	-0.155	100.001	0.000	0.000	0.000	1783092829.372
35	100.000	-0.438	100.002	0.000	0.000	0.000	1783092829.520
36	100.000	-0.852	99.997	0.000	0.000	0.000	1783092829.700
37	100.000	1.321	99.999	0.000	0.000	0.000	1783092829.876
38	100.000	1.372	100.001	0.000	0.000	0.000	1783092829.996
39	100.000	2.046	100.005	0.000	0.000	0.000	1783092830.192
40	100.000	0.234	100.003	0.000	0.000	0.000	1783092830.376
41	100.000	-0.093	99.996	0.000	0.000	0.000	1783092830.526
42	100.000	-0.604	100.002	0.000	0.000	0.000	1783092830.698
43	100.000	0.658	99.997	0.000	0.000	0.000	1783092830.837
44	100.000	0.357	99.998	0.000	0.000	0.000	1783092830.962
45	100.000	0.869	100.000	0.000	0.000	0.000	1783092831.096
46	100.000	0.634	99.998	0.000	0.000	0.000	1783092831.267
47	100.000	0.246	100.001	0.000	0.000	0.000	1783092831.394
48	100.000	0.677	100.000	0.000	0.000	0.000	1783092831.604
49	100.000	2.276	99.998	0.000	0.000	0.000	1783092831.791
50	100.000	2.608	100.000	0.000	0.000	0.000	1783092831.982
51	100.000	-0.283	99.999	0.000	0.000	0.000	1783092832.161
52	100.000	-0.483	99.999	0.000	0.000	0.000	1783092832.296
53	100.000	-0.739	100.001	0.000	0.000	0.000	1783092832.492
54	100.000	0.526	99.996	0.000	0.000	0.000	1783092832.669
55	100.000	2.091	99.999	0.000	0.000	0.000	1783092832.847
56	100.000	0.236	100.003	0.000	0.000	0.000	1783092832.965
57	100.000	1.838	99.999	0.000	0.000	0.000	1783092833.090
58	100.000	2.123	100.001	0.000	0.000	0.000	1783092833.214
59	100.000	0.056	100.002	0.000	0.000	0.000	1783092833.358
60	100.000	-0.063	100.000	0.000	0.000	0.000	1783092833.478
61	100.000	-1.393	99.999	0.000	0.000	0.000	1783092833.669
62	100.000	1.939	99.998	0.000	0.000	0.000	1783092833.857
63	100.000	0.906	100.003	0.000	0.000	0.000	1783092834.060
64	100.000	-1.813	100.004	0.000	0.000	0.000	1783092834.240
65	100.000	-0.159	100.000	0.000	0.000	0.000	1783092834.420
66	100.000	2.053	100.001	0.000	0.000	0.000	1783092834.538
67	100.000	0.798	100.002	0.000	0.000	0.000	1783092834.664
68	100.000	-0.553	100.003	0.000	0.000	0.000	1783092834.789
69	100.000	-1.600	100.002	0.000	0.000	0.000	1783092834.927
70	100.000	-0.767	99.998	0.000	0.000	0.000	1783092835.109
71	100.000	-0.865	100.001	0.000	0.000	0.000	1783092835.229
72	100.000	-1.678	100.003	0.000	0.000	0.000	1783092835.401
73	100.000	-0.962	100.001	0.000	0.000	0.000	1783092835.528
74	100.000	-1.816	99.998	0.000	0.000	0.000	1783092835.655
75	100.000	-1.673	99.996	0.000	0.000	0.000	1783092835.795
76	100.000	-0.773	100.004	0.000	0.000	0.000	1783092835.984
77	100.000	-1.444	100.000	0.000	0.000	0.000	1783092836.156
78	100.000	0.208	99.999	0.000	0.000	0.000	1783092836.279
79	100.000	0.207	100.000	0.000	0.000	0.000	1783092836.486
80	100.000	2.557	99.997	0.000	0.000	0.000	1783092836.676
81	100.000	0.238	99.998	0.000	0.000	0.000	1783092836.855
82	100.000	-1.165	100.002	0.000	0.000	0.000	1783092837.034
83	100.000	0.683	99.994	0.000	0.000	0.000	1783092837.152
84	100.000	-1.588	100.000	0.000	0.000	0.000	1783092837.284
85	100.000	-1.885	100.000	0.000	0.000	0.000	1783092837.473
86	100.000	0.551	100.002	0.000	0.000	0.000	1783092837.597
87	100.000	-1.069	99.999	0.000	0.000	0.000	1783092837.728
88	100.000	-1.119	99.994	0.000	0.000	0.000	1783092837.849
89	100.000	-0.758	99.999	0.000	0.000	0.000	1783092838.052
90	100.000	-0.332	99.999	0.000	0.000	0.000	1783092838.236
91	100.000	2.397	100.000	0.000	0.000	0.000	1783092838.416
92	100.000	1.385	99.995	0.000	0.000	0.000	1783092838.603
93	100.000	-0.958	100.002	0.000	0.000	0.000	1783092838.781
94	100.000	-0.188	100.001	0.000	0.000	0.000	1783092838.931
95	100.000	0.272	100.000	0.000	0.000	0.000	1783092839.092
96	100.000	2.469	99.998	0.000	0.000	0.000	1783092839.298
97	100.000	1.499	100.001	0.000	0.000	0.000	1783092839.478
98	100.000	-0.528	100.004	0.000	0.000	0.000	1783092839.653
99	100.000	0.168	100.001	0.000	0.000	0.000	1783092839.791
100	100.000	0.025	99.998	0.000	0.000	0.000	1783092839.982
101	100.000	1.568	99.998	0.000	0.000	0.000	1783092840.163
102	100.000	1.968	100.001	0.000	0.000	0.000	1783092840.341
103	100.000	-0.148	100.005	0.000	0.000	0.000	1783092840.468
104	100.000	-0.051	99.999	0.000	0.000	0.000	1783092840.679
105	100.000	-0.747	99.999	0.000	0.000	0.000	1783092840.864
106	100.000	2.136	100.002	0.000	0.000	0.000	1783092841.042
107	100.000	1.643	99.995	0.000	0.000	0.000	1783092841.178
108	100.000	1.680	99.996	0.000	0.000	0.000	1783092841.370
109	100.000	-0.455	100.000	0.000	0.000	0.000	1783092841.563
110	100.000	-0.641	100.001	0.000	0.000	0.000	1783092841.681
111	100.000	-1.387	100.002	0.000	0.000	0.000	1783092841.804
112	100.000	-0.119	99.999	0.000	0.000	0.000	1783092841.930
113	100.000	1.507	100.002	0.000	0.000	0.000	1783092842.073
114	100.000	1.922	100.004	0.000	0.000	0.000	1783092842.249
115	100.000	-0.586	99.999	0.000	0.000	0.000	1783092842.368
116	100.000	1.722	99.998	0.000	0.000	0.000	1783092842.495
117	100.000	2.493	99.996	0.000	0.000	0.000	1783092842.620
118	100.000	1.355	100.002	0.000	0.000	0.000	1783092842.755
119	100.000	1.158	99.999	0.000	0.000	0.000	1783092842.932
120	100.000	2.424	100.000	0.000	0.000	0.000	1783092843.123
121	100.000	-0.025	100.000	0.000	0.000	0.000	1783092843.296
122	100.000	-1.690	100.000	0.000	0.000	0.000	1783092843.445
123	100.000	-2.271	100.000	0.000	0.000	0.000	1783092843.619
124	100.000	-1.848	99.993	0.000	0.000	0.000	1783092843.819
125	100.000	2.306	99.996	0.000	0.000	0.000	1783092843.994
126	100.000	0.917	100.004	0.000	0.000	0.000	1783092844.166
127	100.000	-1.493	100.002	0.000	0.000	0.000	1783092844.319
128	100.000	-1.864	100.001	0.000	0.000	0.000	1783092844.522
129	100.000	1.151	100.000	0.000	0.000	0.000	1783092844.696
130	100.000	2.369	100.000	0.000	0.000	0.000	1783092844.818
131	100.000	1.950	99.999	0.000	0.000	0.000	1783092845.021
132	100.000	1.136	100.001	0.000	0.000	0.000	1783092845.206
133	100.000	-1.672	100.002	0.000	0.000	0.000	1783092845.383
134	100.000	-0.523	100.000	0.000	0.000	0.000	1783092845.505
135	100.000	-1.836	100.000	0.000	0.000	0.000	1783092845.687
136	100.000	0.887	99.999	0.000	0.000	0.000	1783092845.813
137	100.000	-2.509	99.998	0.000	0.000	0.000	1783092845.941
138	100.000	-2.717	100.003	0.000	0.000	0.000	1783092846.091
139	100.000	-2.486	100.005	0.000	0.000	0.000	1783092846.260
140	100.000	-1.047	100.001	0.000	0.000	0.000	1783092846.382
141	100.000	-3.611	99.995	0.000	0.000	0.000	1783092846.585
142	100.000	0.463	99.998	0.000	0.000	0.000	1783092846.776
143	100.000	-0.206	99.999	0.000	0.000	0.000	1783092846.956
144	100.000	-0.059	99.998	0.000	0.000	0.000	1783092847.131
145	100.000	0.096	99.999	0.000	0.000	0.000	1783092847.254
146	100.000	0.341	100.002	0.000	0.000	0.000	1783092847.456
147	100.000	0.786	100.002	0.000	0.000	0.000	1783092847.652
148	100.000	-0.290	100.000	0.000	0.000	0.000	1783092847.833
149	100.000	-0.497	99.998	0.000	0.000	0.000	1783092848.010
150	100.000	-0.064	99.997	0.000	0.000	0.000	1783092848.132
151	100.000	-0.427	100.001	0.000	0.000	0.000	1783092848.337
152	100.000	-0.350	99.999	0.000	0.000	0.000	1783092848.519
153	100.000	0.625	99.997	0.000	0.000	0.000	1783092848.705
154	100.000	-2.550	100.001	0.000	0.000	0.000	1783092848.872
155	100.000	-4.316	100.002	0.000	0.000	0.000	1783092849.030
156	100.000	-2.175	100.001	0.000	0.000	0.000	1783092849.204
157	100.000	2.125	100.004	0.000	0.000	0.000	1783092849.404
158	100.000	5.034	100.000	0.000	0.000	0.000	1783092849.583
159	100.000	1.528	99.998	0.000	0.000	0.000	1783092849.757
160	100.000	-3.858	100.001	0.000	0.000	0.000	1783092849.880
161	100.000	-4.310	100.001	0.000	0.000	0.000	1783092850.084
162	100.000	-2.050	100.001	0.000	0.000	0.000	1783092850.267
163	100.000	2.311	100.001	0.000	0.000	0.000	1783092850.443
164	100.000	4.713	100.001	0.000	0.000	0.000	1783092850.565
165	100.000	3.193	99.997	0.000	0.000	0.000	1783092850.767
166	100.000	-1.801	100.002	0.000	0.000	0.000	1783092850.952
167	100.000	-3.980	100.000	0.000	0.000	0.000	1783092851.141
168	100.000	-1.206	100.000	0.000	0.000	0.000	1783092851.326
169	100.000	3.381	99.998	0.000	0.000	0.000	1783092851.503
170	100.000	4.940	99.999	0.000	0.000	0.000	1783092851.648
171	100.000	1.820	100.006	0.000	0.000	0.000	1783092851.834
172	100.000	-2.380	100.003	0.000	0.000	0.000	1783092852.016
173	100.000	-4.085	99.998	0.000	0.000	0.000	1783092852.189
174	100.000	-1.266	100.001	0.000	0.000	0.000	1783092852.315
175	100.000	2.696	100.004	0.000	0.000	0.000	1783092852.517
176	100.000	5.166	99.998	0.000	0.000	0.000	1783092852.703
177	100.000	1.501	99.997	0.000	0.000	0.000	1783092852.893
178	100.000	-3.953	100.001	0.000	0.000	0.000	1783092853.069
179	100.000	-4.319	100.001	0.000	0.000	0.000	1783092853.191
180	100.000	-1.812	99.997	0.000	0.000	0.000	1783092853.394
181	100.000	2.859	99.998	0.000	0.000	0.000	1783092853.586
182	100.000	5.347	100.004	0.000	0.000	0.000	1783092853.754
183	100.000	1.735	100.000	0.000	0.000	0.000	1783092853.878
184	100.000	-3.440	99.996	0.000	0.000	0.000	1783092854.082
185	100.000	-5.055	100.001	0.000	0.000	0.000	1783092854.271
186	100.000	-1.551	100.000	0.000	0.000	0.000	1783092854.453
187	100.000	2.947	100.002	0.000	0.000	0.000	1783092854.642
188	100.000	4.973	100.001	0.000	0.000	0.000	1783092854.820
189	100.000	1.253	100.001	0.000	0.000	0.000	1783092854.938
190	100.000	-2.034	100.000	0.000	0.000	0.000	1783092855.141
191	100.000	-4.522	100.000	0.000	0.000	0.000	1783092855.327
192	100.000	-0.976	99.999	0.000	0.000	0.000	1783092855.503
193	100.000	3.455	99.999	0.000	0.000	0.000	1783092855.625
194	100.000	5.090	100.002	0.000	0.000	0.000	1783092855.829
195	100.000	2.863	99.996	0.000	0.000	0.000	1783092856.014
196	100.000	-2.257	99.997	0.000	0.000	0.000	1783092856.196
197	100.000	-3.177	99.995	0.000	0.000	0.000	1783092856.379
198	100.000	-1.000	99.997	0.000	0.000	0.000	1783092856.499
199	100.000	2.230	99.997	0.000	0.000	0.000	1783092856.683
200	100.000	5.229	99.998	0.000	0.000	0.000	1783092856.888
201	100.000	1.785	100.000	0.000	0.000	0.000	1783092857.075
202	100.000	-4.015	100.000	0.000	0.000	0.000	1783092857.252
203	100.000	-3.916	99.999	0.000	0.000	0.000	1783092857.376
204	100.000	-1.278	99.997	0.000	0.000	0.000	1783092857.581
205	100.000	2.904	99.998	0.000	0.000	0.000	1783092857.762
206	100.000	4.444	100.003	0.000	0.000	0.000	1783092857.879
207	100.000	3.159	100.000	0.000	0.000	0.000	1783092858.003
208	100.000	-0.357	99.999	0.000	0.000	0.000	1783092858.128
209	100.000	-2.864	99.999	0.000	0.000	0.000	1783092858.259
210	100.000	-3.811	99.998	0.000	0.000	0.000	1783092858.448
211	100.000	-0.855	100.001	0.000	0.000	0.000	1783092858.636
212	100.000	2.902	100.003	0.000	0.000	0.000	1783092858.751
213	100.000	4.915	100.001	0.000	0.000	0.000	1783092858.878
214	100.000	5.095	100.000	0.000	0.000	0.000	1783092859.004
215	100.000	1.720	99.999	0.000	0.000	0.000	1783092859.148
216	100.000	-2.229	100.000	0.000	0.000	0.000	1783092859.328
217	100.000	-3.279	99.998	0.000	0.000	0.000	1783092859.510
218	100.000	-0.641	100.002	0.000	0.000	0.000	1783092859.627
219	100.000	2.006	99.999	0.000	0.000	0.000	1783092859.750
220	100.000	4.187	100.001	0.000	0.000	0.000	1783092859.877
221	100.000	5.053	100.003	0.000	0.000	0.000	1783092860.000
222	100.000	2.474	100.003	0.000	0.000	0.000	1783092860.202
223	100.000	-0.906	100.002	0.000	0.000	0.000	1783092860.386
224	100.000	-3.672	100.000	0.000	0.000	0.000	1783092860.563
225	100.000	-1.446	100.003	0.000	0.000	0.000	1783092860.686
226	100.000	1.390	99.999	0.000	0.000	0.000	1783092860.889
227	100.000	4.136	99.999	0.000	0.000	0.000	1783092861.079
228	100.000	2.484	99.999	0.000	0.000	0.000	1783092861.248
229	100.000	-1.614	99.998	0.000	0.000	0.000	1783092861.379
230	100.000	-2.415	100.003	0.000	0.000	0.000	1783092861.587
231	100.000	-1.603	99.998	0.000	0.000	0.000	1783092861.767
232	100.000	1.474	99.999	0.000	0.000	0.000	1783092861.944
233	100.000	4.015	100.007	0.000	0.000	0.000	1783092862.124
234	100.000	3.219	99.998	0.000	0.000	0.000	1783092862.246
235	100.000	0.371	100.004	0.000	0.000	0.000	1783092862.453
236	100.000	-2.615	99.997	0.000	0.000	0.000	1783092862.633
237	100.000	-1.509	100.005	0.000	0.000	0.000	1783092862.810
238	100.000	1.399	100.000	0.000	0.000	0.000	1783092862.942
239	100.000	3.606	100.002	0.000	0.000	0.000	1783092863.137
240	100.000	3.080	100.000	0.000	0.000	0.000	1783092863.332
241	100.000	-1.089	99.997	0.000	0.000	0.000	1783092863.508
242	100.000	-3.433	100.000	0.000	0.000	0.000	1783092863.637
243	100.000	-2.115	100.003	0.000	0.000	0.000	1783092863.808
244	100.000	1.404	99.994	0.000	0.000	0.000	1783092863.948
245	100.000	3.194	100.007	0.000	0.000	0.000	1783092864.088
246	100.000	4.113	100.001	0.000	0.000	0.000	1783092864.260
247	100.000	1.617	100.000	0.000	0.000	0.000	1783092864.387
248	100.000	-1.539	99.999	0.000	0.000	0.000	1783092864.511
249	100.000	-3.077	100.001	0.000	0.000	0.000	1783092864.715
250	100.000	-1.906	99.996	0.000	0.000	0.000	1783092864.898
251	100.000	0.671	99.999	0.000	0.000	0.000	1783092865.084
252	100.000	3.723	100.001	0.000	0.000	0.000	1783092865.264
253	100.000	2.511	99.998	0.000	0.000	0.000	1783092865.395
254	100.000	-1.066	100.000	0.000	0.000	0.000	1783092865.593
255	100.000	-3.917	100.000	0.000	0.000	0.000	1783092865.773
256	100.000	-1.848	99.998	0.000	0.000	0.000	1783092865.954
257	100.000	2.107	100.000	0.000	0.000	0.000	1783092866.089
258	100.000	4.046	100.000	0.000	0.000	0.000	1783092866.283
259	100.000	2.622	99.996	0.000	0.000	0.000	1783092866.454
260	100.000	-1.705	100.006	0.000	0.000	0.000	1783092866.572
261	100.000	-3.440	100.004	0.000	0.000	0.000	1783092866.698
262	100.000	-3.817	99.995	0.000	0.000	0.000	1783092866.833
263	100.000	-1.309	100.003	0.000	0.000	0.000	1783092867.009
264	100.000	1.798	99.997	0.000	0.000	0.000	1783092867.150
265	100.000	3.406	100.005	0.000	0.000	0.000	1783092867.339
266	100.000	2.696	99.997	0.000	0.000	0.000	1783092867.462
267	100.000	-0.055	100.001	0.000	0.000	0.000	1783092867.610
268	100.000	-2.388	99.999	0.000	0.000	0.000	1783092867.730
269	100.000	-2.932	100.002	0.000	0.000	0.000	1783092867.861
270	100.000	-1.710	100.002	0.000	0.000	0.000	1783092867.979
271	100.000	0.068	100.001	0.000	0.000	0.000	1783092868.105
272	100.000	1.907	99.996	0.000	0.000	0.000	1783092868.228
273	100.000	3.198	100.001	0.000	0.000	0.000	1783092868.371
274	100.000	2.412	99.999	0.000	0.000	0.000	1783092868.567
275	100.000	-2.515	100.001	0.000	0.000	0.000	1783092868.743
276	100.000	-3.643	100.002	0.000	0.000	0.000	1783092868.879
277	100.000	-2.362	99.999	0.000	0.000	0.000	1783092869.061
278	100.000	1.210	100.003	0.000	0.000	0.000	1783092869.195
279	100.000	3.109	100.001	0.000	0.000	0.000	1783092869.384
280	100.000	3.049	100.004	0.000	0.000	0.000	1783092869.508
281	100.000	1.375	100.001	0.000	0.000	0.000	1783092869.634
282	100.000	-1.372	100.000	0.000	0.000	0.000	1783092869.771
283	100.000	-2.852	99.999	0.000	0.000	0.000	1783092869.952
284	100.000	-1.625	99.996	0.000	0.000	0.000	1783092870.130
285	100.000	1.688	99.999	0.000	0.000	0.000	1783092870.256
286	100.000	3.768	100.000	0.000	0.000	0.000	1783092870.441
287	100.000	3.489	100.000	0.000	0.000	0.000	1783092870.639
288	100.000	-0.490	100.005	0.000	0.000	0.000	1783092870.826
289	100.000	-3.152	100.000	0.000	0.000	0.000	1783092871.004
290	100.000	-1.442	99.999	0.000	0.000	0.000	1783092871.142
291	100.000	0.988	100.000	0.000	0.000	0.000	1783092871.331
292	100.000	4.144	99.998	0.000	0.000	0.000	1783092871.520
293	100.000	3.395	100.004	0.000	0.000	0.000	1783092871.692
294	100.000	0.112	100.003	0.000	0.000	0.000	1783092871.828
295	100.000	-2.449	100.007	0.000	0.000	0.000	1783092872.007
296	100.000	-1.537	100.005	0.000	0.000	0.000	1783092872.188
297	100.000	0.581	100.004	0.000	0.000	0.000	1783092872.393
298	100.000	3.718	99.998	0.000	0.000	0.000	1783092872.575
299	100.000	3.070	99.997	0.000	0.000	0.000	1783092872.751
300	100.000	-0.289	100.000	0.000	0.000	0.000	1783092872.875
301	100.000	-2.844	100.000	0.000	0.000	0.000	1783092873.077
302	100.000	-1.799	100.000	0.000	0.000	0.000	1783092873.262
303	100.000	1.153	100.001	0.000	0.000	0.000	1783092873.438
304	100.000	3.840	99.994	0.000	0.000	0.000	1783092873.625
305	100.000	2.969	100.000	0.000	0.000	0.000	1783092873.772
306	100.000	-0.547	99.996	0.000	0.000	0.000	1783092873.935
307	100.000	-2.894	99.999	0.000	0.000	0.000	1783092874.145
308	100.000	-1.421	99.999	0.000	0.000	0.000	1783092874.329
309	100.000	1.203	99.999	0.000	0.000	0.000	1783092874.510
310	100.000	4.050	100.001	0.000	0.000	0.000	1783092874.696
311	100.000	2.766	100.003	0.000	0.000	0.000	1783092874.838
312	100.000	-0.603	100.004	0.000	0.000	0.000	1783092875.014
313	100.000	-3.269	100.003	0.000	0.000	0.000	1783092875.136
314	100.000	-1.969	100.001	0.000	0.000	0.000	1783092875.340
315	100.000	0.754	99.998	0.000	0.000	0.000	1783092875.536
316	100.000	3.813	100.000	0.000	0.000	0.000	1783092875.717
317	100.000	2.853	100.000	0.000	0.000	0.000	1783092875.900
318	100.000	-1.103	99.999	0.000	0.000	0.000	1783092876.081
319	100.000	-2.721	100.001	0.000	0.000	0.000	1783092876.261
320	100.000	-1.231	99.999	0.000	0.000	0.000	1783092876.406
321	100.000	0.705	99.999	0.000	0.000	0.000	1783092876.587
322	100.000	3.107	100.000	0.000	0.000	0.000	1783092876.746
323	100.000	3.327	100.001	0.000	0.000	0.000	1783092876.927
324	100.000	-1.054	99.998	0.000	0.000	0.000	1783092877.102
325	100.000	-3.311	99.998	0.000	0.000	0.000	1783092877.230
326	100.000	-2.043	100.000	0.000	0.000	0.000	1783092877.415
327	100.000	0.971	99.995	0.000	0.000	0.000	1783092877.621
328	100.000	3.528	99.999	0.000	0.000	0.000	1783092877.804
329	100.000	2.775	99.998	0.000	0.000	0.000	1783092877.981
330	100.000	-0.541	99.998	0.000	0.000	0.000	1783092878.121
331	100.000	-3.040	99.997	0.000	0.000	0.000	1783092878.307
332	100.000	-2.472	99.998	0.000	0.000	0.000	1783092878.432
333	100.000	0.115	100.001	0.000	0.000	0.000	1783092878.558
334	100.000	2.393	100.002	0.000	0.000	0.000	1783092878.686
335	100.000	3.668	100.003	0.000	0.000	0.000	1783092878.829
336	100.000	2.886	100.002	0.000	0.000	0.000	1783092879.025
337	100.000	-1.220	100.004	0.000	0.000	0.000	1783092879.199
338	100.000	-3.305	99.999	0.000	0.000	0.000	1783092879.376
339	100.000	-1.775	99.996	0.000	0.000	0.000	1783092879.497
340	100.000	0.786	100.001	0.000	0.000	0.000	1783092879.701
341	100.000	3.685	100.001	0.000	0.000	0.000	1783092879.889
342	100.000	2.771	100.003	0.000	0.000	0.000	1783092880.063
343	100.000	-0.913	99.997	0.000	0.000	0.000	1783092880.185
344	100.000	-3.437	99.996	0.000	0.000	0.000	1783092880.387
345	100.000	-2.078	100.002	0.000	0.000	0.000	1783092880.572
346	100.000	0.971	100.000	0.000	0.000	0.000	1783092880.762
347	100.000	3.112	100.001	0.000	0.000	0.000	1783092880.948
348	100.000	2.378	99.997	0.000	0.000	0.000	1783092881.123
349	100.000	-0.703	99.999	0.000	0.000	0.000	1783092881.268
350	100.000	-2.527	100.000	0.000	0.000	0.000	1783092881.449
351	100.000	-1.897	100.000	0.000	0.000	0.000	1783092881.635
352	100.000	1.442	100.004	0.000	0.000	0.000	1783092881.814
353	100.000	2.733	99.999	0.000	0.000	0.000	1783092881.955
354	100.000	2.848	99.997	0.000	0.000	0.000	1783092882.142
355	100.000	-0.512	99.997	0.000	0.000	0.000	1783092882.325
356	100.000	-2.647	100.001	0.000	0.000	0.000	1783092882.514
357	100.000	-1.243	99.999	0.000	0.000	0.000	1783092882.691
358	100.000	1.885	100.000	0.000	0.000	0.000	1783092882.817
359	100.000	3.092	100.001	0.000	0.000	0.000	1783092883.019
360	100.000	2.890	99.997	0.000	0.000	0.000	1783092883.197
361	100.000	-0.669	100.006	0.000	0.000	0.000	1783092883.375
362	100.000	-2.881	99.997	0.000	0.000	0.000	1783092883.507
363	100.000	-2.134	99.999	0.000	0.000	0.000	1783092883.705
364	100.000	0.250	99.998	0.000	0.000	0.000	1783092883.892
365	100.000	2.431	99.997	0.000	0.000	0.000	1783092884.065
366	100.000	2.540	100.003	0.000	0.000	0.000	1783092884.194
367	100.000	0.640	100.002	0.000	0.000	0.000	1783092884.376
368	100.000	-2.033	99.999	0.000	0.000	0.000	1783092884.500
369	100.000	-2.439	100.000	0.000	0.000	0.000	1783092884.625
370	100.000	-1.060	99.998	0.000	0.000	0.000	1783092884.765
371	100.000	1.527	100.001	0.000	0.000	0.000	1783092884.946
372	100.000	3.532	100.002	0.000	0.000	0.000	1783092885.125
373	100.000	2.609	99.999	0.000	0.000	0.000	1783092885.254
374	100.000	0.621	99.999	0.000	0.000	0.000	1783092885.451
375	100.000	-1.963	99.999	0.000	0.000	0.000	1783092885.632
376	100.000	-1.640	99.996	0.000	0.000	0.000	1783092885.812
377	100.000	0.972	99.999	0.000	0.000	0.000	1783092885.996
378	100.000	2.512	100.003	0.000	0.000	0.000	1783092886.128
379	100.000	2.274	99.998	0.000	0.000	0.000	1783092886.326
380	100.000	-0.185	99.999	0.000	0.000	0.000	1783092886.515
381	100.000	-2.227	99.999	0.000	0.000	0.000	1783092886.696
382	100.000	-1.770	99.999	0.000	0.000	0.000	1783092886.821
383	100.000	0.430	100.000	0.000	0.000	0.000	1783092887.009
384	100.000	2.337	99.998	0.000	0.000	0.000	1783092887.203
385	100.000	2.350	100.000	0.000	0.000	0.000	1783092887.380
386	100.000	0.071	99.998	0.000	0.000	0.000	1783092887.562
387	100.000	-2.063	99.999	0.000	0.000	0.000	1783092887.695
388	100.000	-2.369	99.998	0.000	0.000	0.000	1783092887.884
389	100.000	0.161	100.001	0.000	0.000	0.000	1783092888.079
390	100.000	2.828	99.997	0.000	0.000	0.000	1783092888.258
391	100.000	2.943	100.000	0.000	0.000	0.000	1783092888.375
392	100.000	0.926	100.000	0.000	0.000	0.000	1783092888.500
393	100.000	-0.689	100.001	0.000	0.000	0.000	1783092888.626
394	100.000	-2.469	100.001	0.000	0.000	0.000	1783092888.773
395	100.000	-1.860	100.003	0.000	0.000	0.000	1783092888.943
396	100.000	0.778	100.000	0.000	0.000	0.000	1783092889.063
397	100.000	2.804	100.000	0.000	0.000	0.000	1783092889.247
398	100.000	3.404	99.999	0.000	0.000	0.000	1783092889.372
399	100.000	2.044	99.997	0.000	0.000	0.000	1783092889.498
400	100.000	-0.330	100.000	0.000	0.000	0.000	1783092889.634
401	100.000	-1.659	100.003	0.000	0.000	0.000	1783092889.830
402	100.000	-1.824	99.998	0.000	0.000	0.000	1783092890.007
403	100.000	0.976	99.997	0.000	0.000	0.000	1783092890.128
404	100.000	3.327	100.000	0.000	0.000	0.000	1783092890.331
405	100.000	3.166	99.998	0.000	0.000	0.000	1783092890.516
406	100.000	0.071	100.001	0.000	0.000	0.000	1783092890.691
407	100.000	-1.869	100.004	0.000	0.000	0.000	1783092890.873
408	100.000	-1.575	99.999	0.000	0.000	0.000	1783092891.015
409	100.000	0.135	100.002	0.000	0.000	0.000	1783092891.213
410	100.000	2.881	99.996	0.000	0.000	0.000	1783092891.396
411	100.000	3.330	99.999	0.000	0.000	0.000	1783092891.579
412	100.000	0.289	99.998	0.000	0.000	0.000	1783092891.754
413	100.000	-2.629	99.999	0.000	0.000	0.000	1783092891.874
414	100.000	-1.791	99.999	0.000	0.000	0.000	1783092892.079
415	100.000	0.991	99.998	0.000	0.000	0.000	1783092892.261
416	100.000	2.246	99.997	0.000	0.000	0.000	1783092892.437
417	100.000	2.488	99.998	0.000	0.000	0.000	1783092892.562
418	100.000	1.153	100.002	0.000	0.000	0.000	1783092892.766
419	100.000	-0.971	100.003	0.000	0.000	0.000	1783092892.959
420	100.000	-0.711	99.998	0.000	0.000	0.000	1783092893.138
421	100.000	1.398	99.995	0.000	0.000	0.000	1783092893.323
422	100.000	3.510	99.999	0.000	0.000	0.000	1783092893.499
423	100.000	2.366	100.000	0.000	0.000	0.000	1783092893.646
424	100.000	0.154	99.998	0.000	0.000	0.000	1783092893.824
425	100.000	-1.825	99.999	0.000	0.000	0.000	1783092894.008
426	100.000	-0.978	99.998	0.000	0.000	0.000	1783092894.188
427	100.000	1.512	100.000	0.000	0.000	0.000	1783092894.322
428	100.000	3.186	100.001	0.000	0.000	0.000	1783092894.515
429	100.000	3.096	99.998	0.000	0.000	0.000	1783092894.708
430	100.000	-0.283	100.000	0.000	0.000	0.000	1783092894.888
431	100.000	-2.254	99.998	0.000	0.000	0.000	1783092895.066
432	100.000	-1.080	99.999	0.000	0.000	0.000	1783092895.186
433	100.000	1.467	99.999	0.000	0.000	0.000	1783092895.389
434	100.000	4.360	99.995	0.000	0.000	0.000	1783092895.573
435	100.000	3.815	100.002	0.000	0.000	0.000	1783092895.749
436	100.000	0.777	100.002	0.000	0.000	0.000	1783092895.873
437	100.000	-1.843	99.996	0.000	0.000	0.000	1783092896.076
438	100.000	-1.035	99.995	0.000	0.000	0.000	1783092896.267
439	100.000	1.164	99.997	0.000	0.000	0.000	1783092896.459
440	100.000	3.703	100.004	0.000	0.000	0.000	1783092896.636
441	100.000	3.407	100.003	0.000	0.000	0.000	1783092896.812
442	100.000	-0.256	100.001	0.000	0.000	0.000	1783092896.933
443	100.000	-2.269	100.001	0.000	0.000	0.000	1783092897.064
444	100.000	-1.479	99.999	0.000	0.000	0.000	1783092897.185
445	100.000	-0.417	100.000	0.000	0.000	0.000	1783092897.326
446	100.000	1.917	100.001	0.000	0.000	0.000	1783092897.446
447	100.000	3.280	99.998	0.000	0.000	0.000	1783092897.649
448	100.000	3.450	100.007	0.000	0.000	0.000	1783092897.837
449	100.000	0.027	99.993	0.000	0.000	0.000	1783092898.012
450	100.000	-2.250	99.999	0.000	0.000	0.000	1783092898.132
451	100.000	-1.473	100.001	0.000	0.000	0.000	1783092898.258
452	100.000	-0.406	100.003	0.000	0.000	0.000	1783092898.385
453	100.000	1.566	100.002	0.000	0.000	0.000	1783092898.524
454	100.000	3.058	99.998	0.000	0.000	0.000	1783092898.727
455	100.000	2.855	99.999	0.000	0.000	0.000	1783092898.902
456	100.000	0.020	99.999	0.000	0.000	0.000	1783092899.025
457	100.000	-1.751	99.999	0.000	0.000	0.000	1783092899.228
458	100.000	-1.666	100.001	0.000	0.000	0.000	1783092899.412
459	100.000	1.420	99.996	0.000	0.000	0.000	1783092899.590
460	100.000	3.810	99.998	0.000	0.000	0.000	1783092899.744
461	100.000	3.514	99.999	0.000	0.000	0.000	1783092899.939
462	100.000	0.537	99.999	0.000	0.000	0.000	1783092900.112
463	100.000	-2.646	100.004	0.000	0.000	0.000	1783092900.292
464	100.000	-1.410	99.997	0.000	0.000	0.000	1783092900.415
465	100.000	0.633	100.001	0.000	0.000	0.000	1783092900.617
466	100.000	3.272	100.002	0.000	0.000	0.000	1783092900.801
467	100.000	3.349	99.998	0.000	0.000	0.000	1783092900.973
468	100.000	0.822	99.999	0.000	0.000	0.000	1783092901.089
469	100.000	-1.126	100.004	0.000	0.000	0.000	1783092901.214
470	100.000	-2.042	100.002	0.000	0.000	0.000	1783092901.341
471	100.000	-1.215	99.993	0.000	0.000	0.000	1783092901.487
472	100.000	0.419	100.002	0.000	0.000	0.000	1783092901.678
473	100.000	2.449	100.001	0.000	0.000	0.000	1783092901.856
474	100.000	3.126	100.000	0.000	0.000	0.000	1783092902.036
475	100.000	0.379	99.999	0.000	0.000	0.000	1783092902.153
476	100.000	-1.568	100.001	0.000	0.000	0.000	1783092902.278
477	100.000	-2.259	100.005	0.000	0.000	0.000	1783092902.404
478	100.000	-1.310	100.001	0.000	0.000	0.000	1783092902.547
479	100.000	0.500	100.005	0.000	0.000	0.000	1783092902.722
480	100.000	3.159	100.001	0.000	0.000	0.000	1783092902.842
481	100.000	2.687	100.001	0.000	0.000	0.000	1783092903.045
482	100.000	0.319	100.000	0.000	0.000	0.000	1783092903.232
483	100.000	-2.368	100.002	0.000	0.000	0.000	1783092903.429
484	100.000	-1.752	100.000	0.000	0.000	0.000	1783092903.606
485	100.000	0.647	99.997	0.000	0.000	0.000	1783092903.783
486	100.000	3.297	100.001	0.000	0.000	0.000	1783092903.903
487	100.000	3.207	100.002	0.000	0.000	0.000	1783092904.105
488	100.000	0.094	99.996	0.000	0.000	0.000	1783092904.293
489	100.000	-2.750	100.001	0.000	0.000	0.000	1783092904.478
490	100.000	-1.557	99.998	0.000	0.000	0.000	1783092904.613
491	100.000	0.158	100.007	0.000	0.000	0.000	1783092904.805
492	100.000	2.436	99.998	0.000	0.000	0.000	1783092904.982
493	100.000	2.622	99.999	0.000	0.000	0.000	1783092905.103
494	100.000	1.205	100.001	0.000	0.000	0.000	1783092905.227
495	100.000	-0.880	100.000	0.000	0.000	0.000	1783092905.360
496	100.000	-2.048	100.005	0.000	0.000	0.000	1783092905.540
497	100.000	-1.069	99.997	0.000	0.000	0.000	1783092905.689
498	100.000	0.507	99.999	0.000	0.000	0.000	1783092905.855
499	100.000	3.435	99.999	0.000	0.000	0.000	1783092905.974
500	100.000	3.744	100.004	0.000	0.000	0.000	1783092906.161
501	100.000	1.007	100.001	0.000	0.000	0.000	1783092906.372
502	100.000	-2.069	99.999	0.000	0.000	0.000	1783092906.553
503	100.000	-1.632	99.997	0.000	0.000	0.000	1783092906.727
504	100.000	0.806	100.000	0.000	0.000	0.000	1783092906.848
505	100.000	2.478	100.002	0.000	0.000	0.000	1783092906.972
506	100.000	3.197	100.000	0.000	0.000	0.000	1783092907.099
507	100.000	2.867	99.998	0.000	0.000	0.000	1783092907.241
508	100.000	0.417	99.998	0.000	0.000	0.000	1783092907.418
509	100.000	-1.819	100.007	0.000	0.000	0.000	1783092907.536
510	100.000	-2.172	100.000	0.000	0.000	0.000	1783092907.662
511	100.000	-1.002	100.007	0.000	0.000	0.000	1783092907.786
512	100.000	0.534	100.004	0.000	0.000	0.000	1783092907.925
513	100.000	2.088	99.998	0.000	0.000	0.000	1783092908.110
514	100.000	2.759	100.000	0.000	0.000	0.000	1783092908.296
515	100.000	0.284	99.995	0.000	0.000	0.000	1783092908.470
516	100.000	-2.070	100.003	0.000	0.000	0.000	1783092908.612
517	100.000	-2.134	99.994	0.000	0.000	0.000	1783092908.785
518	100.000	-0.038	100.002	0.000	0.000	0.000	1783092908.989
519	100.000	1.920	100.000	0.000	0.000	0.000	1783092909.171
520	100.000	2.990	99.996	0.000	0.000	0.000	1783092909.346
521	100.000	0.068	100.003	0.000	0.000	0.000	1783092909.471
522	100.000	-2.532	99.999	0.000	0.000	0.000	1783092909.674
523	100.000	-1.726	100.007	0.000	0.000	0.000	1783092909.857
524	100.000	0.569	100.005	0.000	0.000	0.000	1783092910.032
525	100.000	2.612	100.000	0.000	0.000	0.000	1783092910.157
526	100.000	3.506	99.997	0.000	0.000	0.000	1783092910.365
527	100.000	0.671	99.996	0.000	0.000	0.000	1783092910.546
528	100.000	-2.182	100.000	0.000	0.000	0.000	1783092910.730
529	100.000	-1.634	100.000	0.000	0.000	0.000	1783092910.916
530	100.000	0.987	100.005	0.000	0.000	0.000	1783092911.094
531	100.000	2.951	100.000	0.000	0.000	0.000	1783092911.238
532	100.000	3.413	100.002	0.000	0.000	0.000	1783092911.420
533	100.000	0.657	100.001	0.000	0.000	0.000	1783092911.607
534	100.000	-2.087	100.004	0.000	0.000	0.000	1783092911.781
535	100.000	-1.765	99.996	0.000	0.000	0.000	1783092911.904
536	100.000	-0.095	99.998	0.000	0.000	0.000	1783092912.041
537	100.000	1.833	99.997	0.000	0.000	0.000	1783092912.165
538	100.000	3.388	100.000	0.000	0.000	0.000	1783092912.305
539	100.000	3.218	100.003	0.000	0.000	0.000	1783092912.482
540	100.000	0.290	100.005	0.000	0.000	0.000	1783092912.602
541	100.000	-1.964	100.001	0.000	0.000	0.000	1783092912.728
542	100.000	-2.650	100.003	0.000	0.000	0.000	1783092912.862
543	100.000	-1.987	100.005	0.000	0.000	0.000	1783092913.025
544	100.000	0.743	100.001	0.000	0.000	0.000	1783092913.175
545	100.000	3.310	100.002	0.000	0.000	0.000	1783092913.356
546	100.000	2.576	99.999	0.000	0.000	0.000	1783092913.501
547	100.000	0.014	99.994	0.000	0.000	0.000	1783092913.676
548	100.000	-2.623	100.003	0.000	0.000	0.000	1783092913.878
549	100.000	-1.795	100.005	0.000	0.000	0.000	1783092914.054
550	100.000	0.979	100.003	0.000	0.000	0.000	1783092914.231
551	100.000	2.800	100.000	0.000	0.000	0.000	1783092914.354
552	100.000	2.835	99.999	0.000	0.000	0.000	1783092914.556
553	100.000	-0.156	99.998	0.000	0.000	0.000	1783092914.671
554	100.000	-2.314	99.998	0.000	0.000	0.000	1783092914.826
555	100.000	-3.105	99.998	0.000	0.000	0.000	1783092914.947
556	100.000	-1.492	100.003	0.000	0.000	0.000	1783092915.082
557	100.000	0.816	100.000	0.000	0.000	0.000	1783092915.260
558	100.000	3.514	100.002	0.000	0.000	0.000	1783092915.387
559	100.000	3.810	99.997	0.000	0.000	0.000	1783092915.597
560	100.000	0.211	100.001	0.000	0.000	0.000	1783092915.779
561	100.000	-2.534	100.006	0.000	0.000	0.000	1783092915.956
562	100.000	-1.601	100.000	0.000	0.000	0.000	1783092916.135
563	100.000	0.998	99.999	0.000	0.000	0.000	1783092916.323
564	100.000	2.649	100.001	0.000	0.000	0.000	1783092916.471
565	100.000	3.259	99.998	0.000	0.000	0.000	1783092916.650
566	100.000	1.015	99.999	0.000	0.000	0.000	1783092916.828
567	100.000	-1.612	99.998	0.000	0.000	0.000	1783092916.946
568	100.000	-1.732	100.001	0.000	0.000	0.000	1783092917.077
569	100.000	-0.546	100.002	0.000	0.000	0.000	1783092917.258
570	100.000	1.979	99.999	0.000	0.000	0.000	1783092917.383
571	100.000	3.432	99.999	0.000	0.000	0.000	1783092917.525
572	100.000	3.925	100.000	0.000	0.000	0.000	1783092917.701
573	100.000	1.135	100.002	0.000	0.000	0.000	1783092917.820
574	100.000	-0.908	100.004	0.000	0.000	0.000	1783092918.026
575	100.000	-2.208	99.999	0.000	0.000	0.000	1783092918.215
576	100.000	0.498	99.993	0.000	0.000	0.000	1783092918.399
577	100.000	3.271	100.003	0.000	0.000	0.000	1783092918.571
578	100.000	3.221	99.999	0.000	0.000	0.000	1783092918.705
579	100.000	1.771	100.003	0.000	0.000	0.000	1783092918.892
580	100.000	-1.470	99.998	0.000	0.000	0.000	1783092919.096
581	100.000	-2.253	100.004	0.000	0.000	0.000	1783092919.275
582	100.000	0.493	99.998	0.000	0.000	0.000	1783092919.448
583	100.000	3.274	99.999	0.000	0.000	0.000	1783092919.571
584	100.000	3.739	99.999	0.000	0.000	0.000	1783092919.704
585	100.000	2.815	99.996	0.000	0.000	0.000	1783092919.882
586	100.000	-0.355	100.000	0.000	0.000	0.000	1783092920.017
587	100.000	-1.958	99.998	0.000	0.000	0.000	1783092920.193
588	100.000	-1.048	100.000	0.000	0.000	0.000	1783092920.319
589	100.000	0.337	100.000	0.000	0.000	0.000	1783092920.505
590	100.000	2.759	100.002	0.000	0.000	0.000	1783092920.644
591	100.000	3.274	100.000	0.000	0.000	0.000	1783092920.835
592	100.000	1.120	100.002	0.000	0.000	0.000	1783092921.020
593	100.000	-1.699	100.000	0.000	0.000	0.000	1783092921.198
594	100.000	-2.112	100.002	0.000	0.000	0.000	1783092921.378
595	100.000	0.133	100.003	0.000	0.000	0.000	1783092921.519
596	100.000	2.138	100.002	0.000	0.000	0.000	1783092921.708
597	100.000	3.148	100.001	0.000	0.000	0.000	1783092921.883
598	100.000	1.102	100.002	0.000	0.000	0.000	1783092922.001
599	100.000	-1.217	100.000	0.000	0.000	0.000	1783092922.126
600	100.000	-2.242	99.998	0.000	0.000	0.000	1783092922.255
601	100.000	-2.814	99.999	0.000	0.000	0.000	1783092922.391
602	100.000	-1.179	99.999	0.000	0.000	0.000	1783092922.583
603	100.000	1.967	100.000	0.000	0.000	0.000	1783092922.759
604	100.000	2.813	100.001	0.000	0.000	0.000	1783092922.878
605	100.000	1.281	99.998	0.000	0.000	0.000	1783092923.079
606	100.000	-1.962	100.002	0.000	0.000	0.000	1783092923.276
607	100.000	-2.537	100.000	0.000	0.000	0.000	1783092923.443
608	100.000	-1.249	100.001	0.000	0.000	0.000	1783092923.562
609	100.000	1.043	100.000	0.000	0.000	0.000	1783092923.752
610	100.000	2.829	99.999	0.000	0.000	0.000	1783092923.954
611	100.000	1.118	99.999	0.000	0.000	0.000	1783092924.140
612	100.000	-1.568	99.999	0.000	0.000	0.000	1783092924.331
613	100.000	-2.957	99.998	0.000	0.000	0.000	1783092924.503
614	100.000	-1.059	100.001	0.000	0.000	0.000	1783092924.626
615	100.000	1.577	100.000	0.000	0.000	0.000	1783092924.827
616	100.000	3.368	99.999	0.000	0.000	0.000	1783092925.015
617	100.000	0.876	100.000	0.000	0.000	0.000	1783092925.191
618	100.000	-2.438	100.001	0.000	0.000	0.000	1783092925.313
619	100.000	-3.231	100.002	0.000	0.000	0.000	1783092925.516
620	100.000	-1.495	100.003	0.000	0.000	0.000	1783092925.702
621	100.000	1.474	99.998	0.000	0.000	0.000	1783092925.886
622	100.000	3.120	100.002	0.000	0.000	0.000	1783092926.067
623	100.000	0.781	99.997	0.000	0.000	0.000	1783092926.193
624	100.000	-2.420	100.000	0.000	0.000	0.000	1783092926.382
625	100.000	-3.882	100.002	0.000	0.000	0.000	1783092926.575
626	100.000	-1.682	99.999	0.000	0.000	0.000	1783092926.755
627	100.000	1.441	100.003	0.000	0.000	0.000	1783092926.874
628	100.000	2.847	99.998	0.000	0.000	0.000	1783092927.064
629	100.000	1.762	99.996	0.000	0.000	0.000	1783092927.263
630	100.000	-2.014	99.999	0.000	0.000	0.000	1783092927.387
631	100.000	-3.482	99.996	0.000	0.000	0.000	1783092927.518
632	100.000	-3.386	100.002	0.000	0.000	0.000	1783092927.650
633	100.000	-1.400	99.999	0.000	0.000	0.000	1783092927.795
634	100.000	1.652	99.999	0.000	0.000	0.000	1783092927.972
635	100.000	3.608	100.001	0.000	0.000	0.000	1783092928.156
636	100.000	1.039	99.995	0.000	0.000	0.000	1783092928.332
637	100.000	-2.901	99.998	0.000	0.000	0.000	1783092928.479
638	100.000	-3.972	100.004	0.000	0.000	0.000	1783092928.657
639	100.000	-1.557	100.004	0.000	0.000	0.000	1783092928.843
640	100.000	1.851	100.002	0.000	0.000	0.000	1783092929.021
641	100.000	3.878	99.999	0.000	0.000	0.000	1783092929.158
642	100.000	2.548	99.998	0.000	0.000	0.000	1783092929.347
643	100.000	-1.672	99.998	0.000	0.000	0.000	1783092929.537
644	100.000	-3.862	100.001	0.000	0.000	0.000	1783092929.719
645	100.000	-1.803	99.997	0.000	0.000	0.000	1783092929.895
646	100.000	1.853	99.997	0.000	0.000	0.000	1783092930.016
647	100.000	3.520	99.997	0.000	0.000	0.000	1783092930.221
648	100.000	2.337	100.001	0.000	0.000	0.000	1783092930.404
649	100.000	-1.278	99.999	0.000	0.000	0.000	1783092930.582
650	100.000	-2.926	99.998	0.000	0.000	0.000	1783092930.713
651	100.000	-2.074	100.000	0.000	0.000	0.000	1783092930.911
652	100.000	1.217	99.994	0.000	0.000	0.000	1783092931.098
653	100.000	3.607	99.998	0.000	0.000	0.000	1783092931.279
654	100.000	2.750	99.998	0.000	0.000	0.000	1783092931.455
655	100.000	-1.241	100.000	0.000	0.000	0.000	1783092931.588
656	100.000	-2.640	100.000	0.000	0.000	0.000	1783092931.785
657	100.000	-1.710	99.999	0.000	0.000	0.000	1783092931.963
658	100.000	1.361	100.002	0.000	0.000	0.000	1783092932.083
659	100.000	2.959	99.999	0.000	0.000	0.000	1783092932.278
660	100.000	2.955	99.999	0.000	0.000	0.000	1783092932.471
661	100.000	-0.306	100.002	0.000	0.000	0.000	1783092932.650
662	100.000	-3.144	100.004	0.000	0.000	0.000	1783092932.767
663	100.000	-2.348	99.998	0.000	0.000	0.000	1783092932.893
664	100.000	-0.884	99.994	0.000	0.000	0.000	1783092933.021
665	100.000	2.266	100.005	0.000	0.000	0.000	1783092933.205
666	100.000	3.605	100.002	0.000	0.000	0.000	1783092933.350
667	100.000	3.141	100.002	0.000	0.000	0.000	1783092933.524
668	100.000	-0.686	99.999	0.000	0.000	0.000	1783092933.642
669	100.000	-3.451	99.999	0.000	0.000	0.000	1783092933.766
670	100.000	-3.149	100.000	0.000	0.000	0.000	1783092933.892
671	100.000	-1.802	99.999	0.000	0.000	0.000	1783092934.037
672	100.000	0.982	99.999	0.000	0.000	0.000	1783092934.217
673	100.000	3.572	100.001	0.000	0.000	0.000	1783092934.398
674	100.000	2.900	99.998	0.000	0.000	0.000	1783092934.574
675	100.000	-0.583	100.001	0.000	0.000	0.000	1783092934.701
676	100.000	-2.903	99.997	0.000	0.000	0.000	1783092934.894
677	100.000	-2.055	100.000	0.000	0.000	0.000	1783092935.090
678	100.000	0.950	99.999	0.000	0.000	0.000	1783092935.272
679	100.000	3.842	100.001	0.000	0.000	0.000	1783092935.449
680	100.000	2.948	100.000	0.000	0.000	0.000	1783092935.578
681	100.000	-0.239	100.000	0.000	0.000	0.000	1783092935.777
682	100.000	-3.837	99.999	0.000	0.000	0.000	1783092935.968
683	100.000	-2.616	99.999	0.000	0.000	0.000	1783092936.139
684	100.000	0.692	99.999	0.000	0.000	0.000	1783092936.271
685	100.000	3.571	99.997	0.000	0.000	0.000	1783092936.478
686	100.000	3.081	99.997	0.000	0.000	0.000	1783092936.655
687	100.000	-0.847	100.002	0.000	0.000	0.000	1783092936.835
688	100.000	-3.509	99.999	0.000	0.000	0.000	1783092936.958
689	100.000	-2.881	99.999	0.000	0.000	0.000	1783092937.150
690	100.000	-0.194	99.999	0.000	0.000	0.000	1783092937.341
691	100.000	2.914	99.998	0.000	0.000	0.000	1783092937.519
692	100.000	3.517	100.000	0.000	0.000	0.000	1783092937.638
693	100.000	1.045	100.001	0.000	0.000	0.000	1783092937.762
694	100.000	-2.412	100.000	0.000	0.000	0.000	1783092937.886
695	100.000	-4.217	100.002	0.000	0.000	0.000	1783092938.026
696	100.000	-3.816	100.000	0.000	0.000	0.000	1783092938.151
697	100.000	-1.526	99.999	0.000	0.000	0.000	1783092938.273
698	100.000	1.352	100.001	0.000	0.000	0.000	1783092938.401
699	100.000	3.274	99.997	0.000	0.000	0.000	1783092938.538
700	100.000	2.929	99.999	0.000	0.000	0.000	1783092938.736
701	100.000	-0.383	99.997	0.000	0.000	0.000	1783092938.914
702	100.000	-4.541	100.000	0.000	0.000	0.000	1783092939.095
703	100.000	-3.416	99.997	0.000	0.000	0.000	1783092939.249
704	100.000	0.011	99.999	0.000	0.000	0.000	1783092939.432
705	100.000	3.628	99.998	0.000	0.000	0.000	1783092939.610
706	100.000	2.944	99.996	0.000	0.000	0.000	1783092939.780
707	100.000	-0.668	99.999	0.000	0.000	0.000	1783092939.902
708	100.000	-3.847	100.000	0.000	0.000	0.000	1783092940.089
709	100.000	-4.177	99.998	0.000	0.000	0.000	1783092940.293
710	100.000	-0.483	99.999	0.000	0.000	0.000	1783092940.480
711	100.000	3.054	100.002	0.000	0.000	0.000	1783092940.655
712	100.000	3.153	99.999	0.000	0.000	0.000	1783092940.777
713	100.000	0.610	100.000	0.000	0.000	0.000	1783092940.981
714	100.000	-3.759	100.000	0.000	0.000	0.000	1783092941.176
715	100.000	-3.952	100.002	0.000	0.000	0.000	1783092941.344
716	100.000	-0.343	99.997	0.000	0.000	0.000	1783092941.465
717	100.000	3.116	99.996	0.000	0.000	0.000	1783092941.656
718	100.000	4.186	100.003	0.000	0.000	0.000	1783092941.844
719	100.000	0.411	100.001	0.000	0.000	0.000	1783092942.047
720	100.000	-4.485	99.998	0.000	0.000	0.000	1783092942.232
721	100.000	-3.164	100.001	0.000	0.000	0.000	1783092942.410
722	100.000	0.178	100.000	0.000	0.000	0.000	1783092942.532
723	100.000	2.624	100.000	0.000	0.000	0.000	1783092942.736
724	100.000	2.940	99.999	0.000	0.000	0.000	1783092942.919
725	100.000	0.330	99.996	0.000	0.000	0.000	1783092943.094
726	100.000	-3.554	100.001	0.000	0.000	0.000	1783092943.218
727	100.000	-2.902	99.992	0.000	0.000	0.000	1783092943.436
728	100.000	-0.055	99.996	0.000	0.000	0.000	1783092943.612
729	100.000	3.159	100.002	0.000	0.000	0.000	1783092943.803
730	100.000	3.536	99.998	0.000	0.000	0.000	1783092943.986
731	100.000	0.269	99.999	0.000	0.000	0.000	1783092944.162
732	100.000	-3.927	100.000	0.000	0.000	0.000	1783092944.282
733	100.000	-3.381	100.001	0.000	0.000	0.000	1783092944.483
734	100.000	-0.371	99.999	0.000	0.000	0.000	1783092944.671
735	100.000	3.704	99.997	0.000	0.000	0.000	1783092944.846
736	100.000	4.317	100.001	0.000	0.000	0.000	1783092944.970
737	100.000	1.850	99.997	0.000	0.000	0.000	1783092945.177
738	100.000	-2.678	100.002	0.000	0.000	0.000	1783092945.360
739	100.000	-2.759	100.003	0.000	0.000	0.000	1783092945.547
740	100.000	-0.454	99.999	0.000	0.000	0.000	1783092945.731
741	100.000	3.429	99.997	0.000	0.000	0.000	1783092945.861
742	100.000	3.434	100.001	0.000	0.000	0.000	1783092946.057
743	100.000	0.973	100.005	0.000	0.000	0.000	1783092946.232
744	100.000	-2.976	99.999	0.000	0.000	0.000	1783092946.420
745	100.000	-4.026	99.998	0.000	0.000	0.000	1783092946.597
746	100.000	-0.436	99.998	0.000	0.000	0.000	1783092946.744
747	100.000	2.432	100.000	0.000	0.000	0.000	1783092946.937
748	100.000	3.939	99.998	0.000	0.000	0.000	1783092947.111
749	100.000	1.411	99.999	0.000	0.000	0.000	1783092947.295
750	100.000	-2.785	100.000	0.000	0.000	0.000	1783092947.474
751	100.000	-4.054	100.005	0.000	0.000	0.000	1783092947.611
752	100.000	-2.168	100.001	0.000	0.000	0.000	1783092947.808
753	100.000	2.788	100.001	0.000	0.000	0.000	1783092947.980
754	100.000	3.414	99.998	0.000	0.000	0.000	1783092948.100
755	100.000	2.295	99.996	0.000	0.000	0.000	1783092948.305
756	100.000	-1.772	100.001	0.000	0.000	0.000	1783092948.492
757	100.000	-3.482	100.000	0.000	0.000	0.000	1783092948.690
758	100.000	-1.035	99.998	0.000	0.000	0.000	1783092948.867
759	100.000	2.935	99.999	0.000	0.000	0.000	1783092949.043
760	100.000	3.854	100.002	0.000	0.000	0.000	1783092949.165
761	100.000	2.192	100.005	0.000	0.000	0.000	1783092949.362
762	100.000	-1.566	100.004	0.000	0.000	0.000	1783092949.553
763	100.000	-2.516	100.003	0.000	0.000	0.000	1783092949.730
764	100.000	-0.530	100.002	0.000	0.000	0.000	1783092949.851
765	100.000	2.222	100.005	0.000	0.000	0.000	1783092950.047
766	100.000	4.101	99.998	0.000	0.000	0.000	1783092950.241
767	100.000	2.135	99.999	0.000	0.000	0.000	1783092950.431
768	100.000	-1.818	99.998	0.000	0.000	0.000	1783092950.615
769	100.000	-2.826	99.998	0.000	0.000	0.000	1783092950.783
770	100.000	0.181	99.999	0.000	0.000	0.000	1783092950.918
771	100.000	3.106	100.002	0.000	0.000	0.000	1783092951.113
772	100.000	4.507	99.999	0.000	0.000	0.000	1783092951.302
773	100.000	2.454	99.997	0.000	0.000	0.000	1783092951.478
774	100.000	-1.450	99.993	0.000	0.000	0.000	1783092951.606
775	100.000	-2.739	100.000	0.000	0.000	0.000	1783092951.795
776	100.000	-0.707	100.000	0.000	0.000	0.000	1783092951.987
777	100.000	2.843	99.998	0.000	0.000	0.000	1783092952.181
778	100.000	4.818	100.001	0.000	0.000	0.000	1783092952.354
779	100.000	2.625	100.000	0.000	0.000	0.000	1783092952.473
780	100.000	-0.151	99.997	0.000	0.000	0.000	1783092952.598
781	100.000	-2.094	100.000	0.000	0.000	0.000	1783092952.721
782	100.000	-2.232	99.999	0.000	0.000	0.000	1783092952.863
783	100.000	-0.162	99.998	0.000	0.000	0.000	1783092953.040
784	100.000	3.819	100.000	0.000	0.000	0.000	1783092953.159
785	100.000	5.014	99.999	0.000	0.000	0.000	1783092953.355
786	100.000	3.697	100.000	0.000	0.000	0.000	1783092953.559
787	100.000	-0.317	99.998	0.000	0.000	0.000	1783092953.738
788	100.000	-2.024	100.003	0.000	0.000	0.000	1783092953.926
789	100.000	0.747	99.999	0.000	0.000	0.000	1783092954.103
790	100.000	4.105	99.999	0.000	0.000	0.000	1783092954.282
791	100.000	5.279	100.000	0.000	0.000	0.000	1783092954.426
792	100.000	3.335	99.999	0.000	0.000	0.000	1783092954.610
793	100.000	-0.523	100.002	0.000	0.000	0.000	1783092954.788
794	100.000	-1.646	100.000	0.000	0.000	0.000	1783092954.907
795	100.000	-0.059	99.995	0.000	0.000	0.000	1783092955.104
796	100.000	2.986	100.003	0.000	0.000	0.000	1783092955.297
797	100.000	5.156	100.000	0.000	0.000	0.000	1783092955.476
798	100.000	3.542	100.003	0.000	0.000	0.000	1783092955.663
799	100.000	-0.233	99.995	0.000	0.000	0.000	1783092955.781
800	100.000	-1.191	99.999	0.000	0.000	0.000	1783092955.905
801	100.000	-0.881	100.001	0.000	0.000	0.000	1783092956.030
802	100.000	1.133	100.004	0.000	0.000	0.000	1783092956.177
803	100.000	2.974	100.000	0.000	0.000	0.000	1783092956.362
804	100.000	3.917	99.998	0.000	0.000	0.000	1783092956.538
805	100.000	3.213	100.004	0.000	0.000	0.000	1783092956.659
806	100.000	0.684	99.997	0.000	0.000	0.000	1783092956.859
807	100.000	-0.776	99.997	0.000	0.000	0.000	1783092957.047
808	100.000	1.040	100.003	0.000	0.000	0.000	1783092957.225
809	100.000	3.837	100.000	0.000	0.000	0.000	1783092957.350
810	100.000	5.562	100.001	0.000	0.000	0.000	1783092957.536
811	100.000	3.673	99.997	0.000	0.000	0.000	1783092957.738
812	100.000	0.080	99.995	0.000	0.000	0.000	1783092957.924
813	100.000	-1.825	99.999	0.000	0.000	0.000	1783092958.107
814	100.000	1.056	100.003	0.000	0.000	0.000	1783092958.286
815	100.000	3.811	99.998	0.000	0.000	0.000	1783092958.430
816	100.000	4.861	100.000	0.000	0.000	0.000	1783092958.613
817	100.000	3.598	100.000	0.000	0.000	0.000	1783092958.796
818	100.000	0.278	100.004	0.000	0.000	0.000	1783092958.972
819	100.000	-1.292	100.001	0.000	0.000	0.000	1783092959.096
820	100.000	-0.081	99.997	0.000	0.000	0.000	1783092959.285
821	100.000	3.323	100.000	0.000	0.000	0.000	1783092959.485
822	100.000	4.655	99.995	0.000	0.000	0.000	1783092959.672
823	100.000	3.392	99.997	0.000	0.000	0.000	1783092959.850
824	100.000	0.409	100.003	0.000	0.000	0.000	1783092959.973
825	100.000	-1.395	99.997	0.000	0.000	0.000	1783092960.170
826	100.000	0.104	100.001	0.000	0.000	0.000	1783092960.359
827	100.000	3.095	99.997	0.000	0.000	0.000	1783092960.534
828	100.000	4.743	99.999	0.000	0.000	0.000	1783092960.657
829	100.000	3.178	99.998	0.000	0.000	0.000	1783092960.859
830	100.000	0.584	100.001	0.000	0.000	0.000	1783092961.053
831	100.000	-1.770	99.995	0.000	0.000	0.000	1783092961.234
832	100.000	-1.031	99.998	0.000	0.000	0.000	1783092961.409
833	100.000	2.383	99.997	0.000	0.000	0.000	1783092961.529
834	100.000	4.486	100.002	0.000	0.000	0.000	1783092961.735
835	100.000	3.231	100.005	0.000	0.000	0.000	1783092961.920
836	100.000	0.163	100.005	0.000	0.000	0.000	1783092962.096
837	100.000	-1.632	100.001	0.000	0.000	0.000	1783092962.217
838	100.000	-0.883	99.999	0.000	0.000	0.000	1783092962.419
839	100.000	1.426	100.000	0.000	0.000	0.000	1783092962.616
840	100.000	3.591	99.999	0.000	0.000	0.000	1783092962.796
841	100.000	2.731	100.000	0.000	0.000	0.000	1783092962.983
842	100.000	-0.787	99.997	0.000	0.000	0.000	1783092963.154
843	100.000	-2.082	100.005	0.000	0.000	0.000	1783092963.301
844	100.000	-1.581	100.001	0.000	0.000	0.000	1783092963.475
845	100.000	1.046	100.000	0.000	0.000	0.000	1783092963.669
846	100.000	3.310	99.998	0.000	0.000	0.000	1783092963.847
847	100.000	2.912	100.004	0.000	0.000	0.000	1783092963.972
848	100.000	0.102	100.002	0.000	0.000	0.000	1783092964.171
849	100.000	-2.382	99.998	0.000	0.000	0.000	1783092964.368
850	100.000	-0.850	99.997	0.000	0.000	0.000	1783092964.547
851	100.000	1.675	100.006	0.000	0.000	0.000	1783092964.723
852	100.000	3.179	99.997	0.000	0.000	0.000	1783092964.844
853	100.000	3.306	99.997	0.000	0.000	0.000	1783092965.045
854	100.000	-0.043	99.999	0.000	0.000	0.000	1783092965.235
855	100.000	-2.736	99.998	0.000	0.000	0.000	1783092965.408
856	100.000	-1.591	100.000	0.000	0.000	0.000	1783092965.527
857	100.000	0.811	99.998	0.000	0.000	0.000	1783092965.731
858	100.000	2.762	100.004	0.000	0.000	0.000	1783092965.926
859	100.000	2.329	99.999	0.000	0.000	0.000	1783092966.117
860	100.000	-0.285	100.001	0.000	0.000	0.000	1783092966.297
861	100.000	-2.296	100.000	0.000	0.000	0.000	1783092966.471
862	100.000	-1.586	99.997	0.000	0.000	0.000	1783092966.593
863	100.000	0.869	99.998	0.000	0.000	0.000	1783092966.797
864	100.000	3.813	99.999	0.000	0.000	0.000	1783092966.985
865	100.000	2.563	100.004	0.000	0.000	0.000	1783092967.160
866	100.000	-0.672	99.997	0.000	0.000	0.000	1783092967.281
867	100.000	-1.930	99.999	0.000	0.000	0.000	1783092967.485
868	100.000	-0.868	99.995	0.000	0.000	0.000	1783092967.670
869	100.000	1.399	99.996	0.000	0.000	0.000	1783092967.869
870	100.000	3.036	99.998	0.000	0.000	0.000	1783092968.035
871	100.000	2.039	100.002	0.000	0.000	0.000	1783092968.150
872	100.000	0.265	100.000	0.000	0.000	0.000	1783092968.278
873	100.000	-1.256	99.997	0.000	0.000	0.000	1783092968.402
874	100.000	-1.852	99.999	0.000	0.000	0.000	1783092968.549
875	100.000	-0.242	100.002	0.000	0.000	0.000	1783092968.734
876	100.000	1.790	100.001	0.000	0.000	0.000	1783092968.907
877	100.000	2.713	100.000	0.000	0.000	0.000	1783092969.031
878	100.000	1.949	99.998	0.000	0.000	0.000	1783092969.234
879	100.000	-0.427	99.997	0.000	0.000	0.000	1783092969.416
880	100.000	-2.141	100.001	0.000	0.000	0.000	1783092969.608
881	100.000	-0.166	99.996	0.000	0.000	0.000	1783092969.782
882	100.000	1.876	99.999	0.000	0.000	0.000	1783092969.903
883	100.000	2.652	99.998	0.000	0.000	0.000	1783092970.110
884	100.000	2.524	99.997	0.000	0.000	0.000	1783092970.292
885	100.000	-0.209	99.999	0.000	0.000	0.000	1783092970.477
886	100.000	-2.669	100.002	0.000	0.000	0.000	1783092970.654
887	100.000	-1.095	100.000	0.000	0.000	0.000	1783092970.800
888	100.000	1.496	100.000	0.000	0.000	0.000	1783092970.982
889	100.000	2.827	99.997	0.000	0.000	0.000	1783092971.165
890	100.000	2.300	99.994	0.000	0.000	0.000	1783092971.356
891	100.000	-0.830	100.000	0.000	0.000	0.000	1783092971.532
892	100.000	-2.388	99.999	0.000	0.000	0.000	1783092971.654
893	100.000	-1.157	100.001	0.000	0.000	0.000	1783092971.857
894	100.000	1.563	99.997	0.000	0.000	0.000	1783092972.040
895	100.000	3.573	100.003	0.000	0.000	0.000	1783092972.216
896	100.000	1.879	100.005	0.000	0.000	0.000	1783092972.346
897	100.000	-0.102	99.998	0.000	0.000	0.000	1783092972.544
898	100.000	-2.376	99.997	0.000	0.000	0.000	1783092972.723
899	100.000	-0.111	100.000	0.000	0.000	0.000	1783092972.903
900	100.000	1.958	99.999	0.000	0.000	0.000	1783092973.032
901	100.000	3.488	100.001	0.000	0.000	0.000	1783092973.212
902	100.000	2.558	100.001	0.000	0.000	0.000	1783092973.342
903	100.000	0.760	100.002	0.000	0.000	0.000	1783092973.466
904	100.000	-1.503	100.000	0.000	0.000	0.000	1783092973.611
905	100.000	-2.452	100.002	0.000	0.000	0.000	1783092973.786
906	100.000	-0.665	100.001	0.000	0.000	0.000	1783092973.905
907	100.000	1.276	100.004	0.000	0.000	0.000	1783092974.107
908	100.000	3.080	100.000	0.000	0.000	0.000	1783092974.294
909	100.000	2.525	100.000	0.000	0.000	0.000	1783092974.468
910	100.000	-1.016	100.001	0.000	0.000	0.000	1783092974.590
911	100.000	-2.891	100.004	0.000	0.000	0.000	1783092974.785
912	100.000	-2.033	99.996	0.000	0.000	0.000	1783092974.973
913	100.000	1.433	99.996	0.000	0.000	0.000	1783092975.167
914	100.000	3.821	100.002	0.000	0.000	0.000	1783092975.353
915	100.000	1.978	99.995	0.000	0.000	0.000	1783092975.525
916	100.000	-1.063	100.002	0.000	0.000	0.000	1783092975.690
917	100.000	-3.063	100.003	0.000	0.000	0.000	1783092975.867
918	100.000	-1.527	99.997	0.000	0.000	0.000	1783092976.046
919	100.000	1.874	100.001	0.000	0.000	0.000	1783092976.166
920	100.000	3.912	99.998	0.000	0.000	0.000	1783092976.342
921	100.000	3.276	100.000	0.000	0.000	0.000	1783092976.546
922	100.000	-0.312	100.004	0.000	0.000	0.000	1783092976.725
923	100.000	-2.685	100.002	0.000	0.000	0.000	1783092976.919
924	100.000	-1.038	100.002	0.000	0.000	0.000	1783092977.096
925	100.000	1.752	99.999	0.000	0.000	0.000	1783092977.215
926	100.000	4.116	100.000	0.000	0.000	0.000	1783092977.421
927	100.000	3.449	100.001	0.000	0.000	0.000	1783092977.603
928	100.000	-0.225	100.003	0.000	0.000	0.000	1783092977.779
929	100.000	-2.995	100.000	0.000	0.000	0.000	1783092977.900
930	100.000	-2.025	100.005	0.000	0.000	0.000	1783092978.104
931	100.000	1.211	99.997	0.000	0.000	0.000	1783092978.312
932	100.000	4.589	99.997	0.000	0.000	0.000	1783092978.476
933	100.000	3.661	100.005	0.000	0.000	0.000	1783092978.668
934	100.000	-0.334	100.002	0.000	0.000	0.000	1783092978.845
935	100.000	-2.151	99.997	0.000	0.000	0.000	1783092978.964
936	100.000	-1.362	100.006	0.000	0.000	0.000	1783092979.087
937	100.000	0.463	100.002	0.000	0.000	0.000	1783092979.214
938	100.000	2.375	100.003	0.000	0.000	0.000	1783092979.353
939	100.000	4.212	99.995	0.000	0.000	0.000	1783092979.478
940	100.000	3.617	100.001	0.000	0.000	0.000	1783092979.649
941	100.000	1.046	100.000	0.000	0.000	0.000	1783092979.790
942	100.000	-1.015	100.000	0.000	0.000	0.000	1783092979.921
943	100.000	-2.586	99.996	0.000	0.000	0.000	1783092980.063
944	100.000	-0.696	99.997	0.000	0.000	0.000	1783092980.247
945	100.000	2.123	99.998	0.000	0.000	0.000	1783092980.379
946	100.000	4.206	100.002	0.000	0.000	0.000	1783092980.580
947	100.000	4.240	100.000	0.000	0.000	0.000	1783092980.760
948	100.000	0.365	99.998	0.000	0.000	0.000	1783092980.934
949	100.000	-2.190	100.002	0.000	0.000	0.000	1783092981.056
950	100.000	-1.053	99.999	0.000	0.000	0.000	1783092981.180
951	100.000	0.068	100.001	0.000	0.000	0.000	1783092981.307
952	100.000	2.689	99.997	0.000	0.000	0.000	1783092981.445
953	100.000	4.071	100.002	0.000	0.000	0.000	1783092981.622
954	100.000	4.268	100.002	0.000	0.000	0.000	1783092981.743
955	100.000	1.601	100.002	0.000	0.000	0.000	1783092981.873
956	100.000	-0.824	100.004	0.000	0.000	0.000	1783092981.993
957	100.000	-2.231	99.998	0.000	0.000	0.000	1783092982.129
958	100.000	-1.630	99.999	0.000	0.000	0.000	1783092982.318
959	100.000	1.870	99.997	0.000	0.000	0.000	1783092982.503
960	100.000	4.679	99.993	0.000	0.000	0.000	1783092982.677
961	100.000	4.078	100.001	0.000	0.000	0.000	1783092982.812
962	100.000	1.475	100.000	0.000	0.000	0.000	1783092983.002
963	100.000	-1.982	99.999	0.000	0.000	0.000	1783092983.190
964	100.000	-0.433	100.002	0.000	0.000	0.000	1783092983.371
965	100.000	2.342	100.000	0.000	0.000	0.000	1783092983.560
966	100.000	4.685	99.997	0.000	0.000	0.000	1783092983.735
967	100.000	3.465	100.004	0.000	0.000	0.000	1783092983.856
968	100.000	0.944	100.002	0.000	0.000	0.000	1783092984.058
969	100.000	-1.799	100.006	0.000	0.000	0.000	1783092984.243
970	100.000	-1.366	100.001	0.000	0.000	0.000	1783092984.422
971	100.000	1.528	100.000	0.000	0.000	0.000	1783092984.542
972	100.000	4.162	99.998	0.000	0.000	0.000	1783092984.745
973	100.000	3.223	100.004	0.000	0.000	0.000	1783092984.929
974	100.000	0.014	100.000	0.000	0.000	0.000	1783092985.126
975	100.000	-2.570	99.998	0.000	0.000	0.000	1783092985.265
976	100.000	-2.080	100.000	0.000	0.000	0.000	1783092985.467
977	100.000	1.740	100.000	0.000	0.000	0.000	1783092985.637
978	100.000	3.933	99.998	0.000	0.000	0.000	1783092985.820
979	100.000	2.663	99.998	0.000	0.000	0.000	1783092985.997
980	100.000	-0.030	99.999	0.000	0.000	0.000	1783092986.121
981	100.000	-2.361	99.999	0.000	0.000	0.000	1783092986.323
982	100.000	-1.601	99.999	0.000	0.000	0.000	1783092986.513
983	100.000	1.920	100.003	0.000	0.000	0.000	1783092986.665
984	100.000	4.404	99.996	0.000	0.000	0.000	1783092986.849
985	100.000	4.221	99.999	0.000	0.000	0.000	1783092987.037
986	100.000	-0.151	100.002	0.000	0.000	0.000	1783092987.210
987	100.000	-3.236	100.002	0.000	0.000	0.000	1783092987.333
988	100.000	-3.188	100.001	0.000	0.000	0.000	1783092987.460
989	100.000	-1.488	99.999	0.000	0.000	0.000	1783092987.587
990	100.000	2.372	99.996	0.000	0.000	0.000	1783092987.730
991	100.000	4.376	100.001	0.000	0.000	0.000	1783092987.899
992	100.000	3.507	100.002	0.000	0.000	0.000	1783092988.022
993	100.000	0.501	99.998	0.000	0.000	0.000	1783092988.209
994	100.000	-3.035	100.001	0.000	0.000	0.000	1783092988.412
995	100.000	-2.557	100.003	0.000	0.000	0.000	1783092988.597
996	100.000	1.649	100.001	0.000	0.000	0.000	1783092988.787
997	100.000	4.675	99.997	0.000	0.000	0.000	1783092988.961
998	100.000	3.329	99.995	0.000	0.000	0.000	1783092989.085
999	100.000	0.523	100.001	0.000	0.000	0.000	1783092989.287
1000	100.000	-3.148	100.000	0.000	0.000	0.000	1783092989.472
1001	100.000	-2.716	100.004	0.000	0.000	0.000	1783092989.647
1002	100.000	1.364	100.001	0.000	0.000	0.000	1783092989.772
1003	100.000	4.213	100.001	0.000	0.000	0.000	1783092989.974
1004	100.000	4.745	100.000	0.000	0.000	0.000	1783092990.157
1005	100.000	0.718	100.000	0.000	0.000	0.000	1783092990.340
1006	100.000	-3.441	99.998	0.000	0.000	0.000	1783092990.456
1007	100.000	-4.349	100.003	0.000	0.000	0.000	1783092990.580
1008	100.000	-1.813	100.002	0.000	0.000	0.000	1783092990.709
1009	100.000	1.558	99.997	0.000	0.000	0.000	1783092990.849
1010	100.000	3.681	99.998	0.000	0.000	0.000	1783092991.032
1011	100.000	4.208	100.000	0.000	0.000	0.000	1783092991.209
1012	100.000	3.930	99.998	0.000	0.000	0.000	1783092991.333
1013	100.000	4.382	99.994	0.000	0.000	0.000	1783092991.540
1014	100.000	4.320	99.998	0.000	0.000	0.000	1783092991.717
1015	100.000	4.237	99.999	0.000	0.000	0.000	1783092991.895
1016	100.000	4.119	99.998	0.000	0.000	0.000	1783092992.027
1017	100.000	4.075	99.998	0.000	0.000	0.000	1783092992.236
1018	100.000	4.021	100.005	0.000	0.000	0.000	1783092992.414
1019	100.000	4.085	100.000	0.000	0.000	0.000	1783092992.602
1020	100.000	4.308	100.001	0.000	0.000	0.000	1783092992.773
1021	100.000	4.064	100.004	0.000	0.000	0.000	1783092992.908
1022	100.000	4.106	100.000	0.000	0.000	0.000	1783092993.100
1023	100.000	4.419	100.002	0.000	0.000	0.000	1783092993.287
1024	100.000	4.259	99.999	0.000	0.000	0.000	1783092993.468
1025	100.000	4.190	99.995	0.000	0.000	0.000	1783092993.644
1026	100.000	4.021	100.000	0.000	0.000	0.000	1783092993.772
1027	100.000	4.120	99.996	0.000	0.000	0.000	1783092993.976
1028	100.000	3.909	99.996	0.000	0.000	0.000	1783092994.159
1029	100.000	3.954	100.000	0.000	0.000	0.000	1783092994.345
1030	100.000	3.991	100.001	0.000	0.000	0.000	1783092994.521
1031	100.000	4.060	100.000	0.000	0.000	0.000	1783092994.642
1032	100.000	4.042	99.998	0.000	0.000	0.000	1783092994.846
1033	100.000	4.102	100.003	0.000	0.000	0.000	1783092995.027
1034	100.000	4.261	99.997	0.000	0.000	0.000	1783092995.211
1035	100.000	4.256	100.000	0.000	0.000	0.000	1783092995.385
1036	100.000	4.264	99.999	0.000	0.000	0.000	1783092995.530
1037	100.000	4.151	99.998	0.000	0.000	0.000	1783092995.725
1038	100.000	4.012	100.000	0.000	0.000	0.000	1783092995.902
1039	100.000	3.946	100.001	0.000	0.000	0.000	1783092996.080
1040	100.000	3.990	100.000	0.000	0.000	0.000	1783092996.206
1041	100.000	3.830	100.004	0.000	0.000	0.000	1783092996.403
1042	100.000	3.935	100.002	0.000	0.000	0.000	1783092996.590
1043	100.000	3.828	100.000	0.000	0.000	0.000	1783092996.765
1044	100.000	3.990	100.002	0.000	0.000	0.000	1783092996.916
1045	100.000	4.179	100.000	0.000	0.000	0.000	1783092997.104
1046	100.000	3.922	99.999	0.000	0.000	0.000	1783092997.279
1047	100.000	3.974	100.000	0.000	0.000	0.000	1783092997.402
1048	100.000	4.308	99.998	0.000	0.000	0.000	1783092997.572
1049	100.000	4.173	99.999	0.000	0.000	0.000	1783092997.712
1050	100.000	4.441	100.005	0.000	0.000	0.000	1783092997.836
1051	100.000	4.331	100.001	0.000	0.000	0.000	1783092997.975
1052	100.000	4.302	100.002	0.000	0.000	0.000	1783092998.158
1053	100.000	4.357	99.999	0.000	0.000	0.000	1783092998.341
1054	100.000	4.041	99.999	0.000	0.000	0.000	1783092998.520
1055	100.000	4.075	100.000	0.000	0.000	0.000	1783092998.656
1056	100.000	4.147	99.994	0.000	0.000	0.000	1783092998.850
1057	100.000	4.039	99.998	0.000	0.000	0.000	1783092999.028
1058	100.000	3.963	100.001	0.000	0.000	0.000	1783092999.145
1059	100.000	4.169	100.001	0.000	0.000	0.000	1783092999.267
1060	100.000	4.354	100.000	0.000	0.000	0.000	1783092999.394
1061	100.000	3.861	100.001	0.000	0.000	0.000	1783092999.521
1062	100.000	4.093	99.999	0.000	0.000	0.000	1783092999.719
1063	100.000	4.060	100.001	0.000	0.000	0.000	1783092999.901
1064	100.000	3.779	99.999	0.000	0.000	0.000	1783093000.020
1065	100.000	4.243	99.999	0.000	0.000	0.000	1783093000.220
1066	100.000	4.010	100.001	0.000	0.000	0.000	1783093000.403
1067	100.000	3.950	100.000	0.000	0.000	0.000	1783093000.585
1068	100.000	3.832	100.001	0.000	0.000	0.000	1783093000.771
1069	100.000	4.249	100.001	0.000	0.000	0.000	1783093000.894
1070	100.000	4.056	99.998	0.000	0.000	0.000	1783093001.084
1071	100.000	3.934	100.001	0.000	0.000	0.000	1783093001.204
1072	100.000	3.778	100.001	0.000	0.000	0.000	1783093001.324
1073	100.000	3.842	99.995	0.000	0.000	0.000	1783093001.468
1074	100.000	3.742	100.000	0.000	0.000	0.000	1783093001.650
1075	100.000	4.118	100.000	0.000	0.000	0.000	1783093001.766
1076	100.000	4.099	100.001	0.000	0.000	0.000	1783093001.891
1077	100.000	4.119	100.003	0.000	0.000	0.000	1783093002.013
1078	100.000	4.012	100.002	0.000	0.000	0.000	1783093002.156
1079	100.000	4.168	100.000	0.000	0.000	0.000	1783093002.336
1080	100.000	3.869	99.996	0.000	0.000	0.000	1783093002.515
1081	100.000	3.924	100.001	0.000	0.000	0.000	1783093002.642
1082	100.000	3.682	100.000	0.000	0.000	0.000	1783093002.833
1083	100.000	3.757	99.997	0.000	0.000	0.000	1783093003.036
1084	100.000	3.602	99.997	0.000	0.000	0.000	1783093003.213
1085	100.000	3.822	99.996	0.000	0.000	0.000	1783093003.398
1086	100.000	3.828	99.999	0.000	0.000	0.000	1783093003.575
1087	100.000	3.867	99.996	0.000	0.000	0.000	1783093003.703
1088	100.000	3.654	100.001	0.000	0.000	0.000	1783093003.903
1089	100.000	3.865	99.996	0.000	0.000	0.000	1783093004.083
1090	100.000	3.962	100.005	0.000	0.000	0.000	1783093004.198
1091	100.000	4.006	99.994	0.000	0.000	0.000	1783093004.331
1092	100.000	3.915	99.998	0.000	0.000	0.000	1783093004.451
1093	100.000	3.851	100.001	0.000	0.000	0.000	1783093004.576
1094	100.000	3.968	100.000	0.000	0.000	0.000	1783093004.713
1095	100.000	3.975	100.001	0.000	0.000	0.000	1783093004.837
1096	100.000	3.853	100.004	0.000	0.000	0.000	1783093004.962
1097	100.000	3.712	99.999	0.000	0.000	0.000	1783093005.147
1098	100.000	3.859	100.002	0.000	0.000	0.000	1783093005.290
1099	100.000	3.921	100.003	0.000	0.000	0.000	1783093005.468
1100	100.000	3.954	100.003	0.000	0.000	0.000	1783093005.655
1101	100.000	4.009	100.002	0.000	0.000	0.000	1783093005.828
1102	100.000	3.990	100.000	0.000	0.000	0.000	1783093005.971
1103	100.000	4.220	100.000	0.000	0.000	0.000	1783093006.172
1104	100.000	3.900	99.999	0.000	0.000	0.000	1783093006.534
1105	100.000	3.840	99.999	0.000	0.000	0.000	1783093006.710
1106	100.000	3.935	99.999	0.000	0.000	0.000	1783093006.849
1107	100.000	3.870	99.999	0.000	0.000	0.000	1783093007.037
1108	100.000	3.976	100.000	0.000	0.000	0.000	1783093007.213
1109	100.000	3.697	100.000	0.000	0.000	0.000	1783093007.392
1110	100.000	3.827	100.001	0.000	0.000	0.000	1783093007.513
1111	100.000	3.983	100.003	0.000	0.000	0.000	1783093007.720
1112	100.000	3.939	100.000	0.000	0.000	0.000	1783093007.921
1113	100.000	3.913	100.001	0.000	0.000	0.000	1783093008.094
1114	100.000	4.076	100.000	0.000	0.000	0.000	1783093008.278
1115	100.000	4.094	100.000	0.000	0.000	0.000	1783093008.457
1116	100.000	3.831	99.999	0.000	0.000	0.000	1783093008.580
1117	100.000	4.062	99.997	0.000	0.000	0.000	1783093008.781
1118	100.000	3.935	100.000	0.000	0.000	0.000	1783093008.966
1119	100.000	3.835	100.001	0.000	0.000	0.000	1783093009.141
1120	100.000	3.965	100.002	0.000	0.000	0.000	1783093009.264
1121	100.000	4.091	100.003	0.000	0.000	0.000	1783093009.469
1122	100.000	4.064	100.000	0.000	0.000	0.000	1783093009.664
1123	100.000	3.923	100.002	0.000	0.000	0.000	1783093009.844
1124	100.000	3.814	100.000	0.000	0.000	0.000	1783093010.016
1125	100.000	3.991	100.006	0.000	0.000	0.000	1783093010.140
1126	100.000	4.051	99.997	0.000	0.000	0.000	1783093010.342
1127	100.000	3.761	99.998	0.000	0.000	0.000	1783093010.535
1128	100.000	3.732	100.001	0.000	0.000	0.000	1783093010.715
1129	100.000	3.800	99.998	0.000	0.000	0.000	1783093010.890
1130	100.000	3.930	99.999	0.000	0.000	0.000	1783093011.015
1131	100.000	3.772	100.000	0.000	0.000	0.000	1783093011.217
1132	100.000	4.127	100.002	0.000	0.000	0.000	1783093011.412
1133	100.000	3.609	100.000	0.000	0.000	0.000	1783093011.590
1134	100.000	3.451	100.001	0.000	0.000	0.000	1783093011.768
1135	100.000	3.772	100.004	0.000	0.000	0.000	1783093011.890
1136	100.000	3.619	100.001	0.000	0.000	0.000	1783093012.092
1137	100.000	3.323	100.002	0.000	0.000	0.000	1783093012.277
1138	100.000	3.812	100.001	0.000	0.000	0.000	1783093012.455
1139	100.000	3.780	99.997	0.000	0.000	0.000	1783093012.639
1140	100.000	3.789	99.997	0.000	0.000	0.000	1783093012.780
1141	100.000	3.611	99.995	0.000	0.000	0.000	1783093012.961
1142	100.000	3.661	100.003	0.000	0.000	0.000	1783093013.161
1143	100.000	3.749	99.998	0.000	0.000	0.000	1783093013.339
1144	100.000	3.660	100.000	0.000	0.000	0.000	1783093013.514
1145	100.000	3.844	99.998	0.000	0.000	0.000	1783093013.635
1146	100.000	3.880	100.000	0.000	0.000	0.000	1783093013.771
1147	100.000	3.965	99.997	0.000	0.000	0.000	1783093013.898
1148	100.000	3.737	100.000	0.000	0.000	0.000	1783093014.027
1149	100.000	3.912	99.996	0.000	0.000	0.000	1783093014.148
1150	100.000	3.671	99.998	0.000	0.000	0.000	1783093014.352
1151	100.000	3.715	100.000	0.000	0.000	0.000	1783093014.539
1152	100.000	3.749	99.996	0.000	0.000	0.000	1783093014.715
1153	100.000	3.872	100.004	0.000	0.000	0.000	1783093014.834
1154	100.000	3.752	100.002	0.000	0.000	0.000	1783093014.961
1155	100.000	3.795	99.998	0.000	0.000	0.000	1783093015.089
1156	100.000	3.527	100.004	0.000	0.000	0.000	1783093015.226
1157	100.000	3.845	100.003	0.000	0.000	0.000	1783093015.403
1158	100.000	3.744	100.000	0.000	0.000	0.000	1783093015.587
1159	100.000	3.777	100.000	0.000	0.000	0.000	1783093015.773
1160	100.000	3.983	100.003	0.000	0.000	0.000	1783093015.951
1161	100.000	3.824	100.000	0.000	0.000	0.000	1783093016.077
1162	100.000	3.594	100.001	0.000	0.000	0.000	1783093016.286
1163	100.000	3.696	100.002	0.000	0.000	0.000	1783093016.462
1164	100.000	3.867	99.999	0.000	0.000	0.000	1783093016.590
1165	100.000	3.414	100.002	0.000	0.000	0.000	1783093016.760
1166	100.000	3.621	99.999	0.000	0.000	0.000	1783093016.904
1167	100.000	3.931	100.004	0.000	0.000	0.000	1783093017.032
1168	100.000	3.948	99.997	0.000	0.000	0.000	1783093017.211
1169	100.000	3.938	99.998	0.000	0.000	0.000	1783093017.343
1170	100.000	3.529	99.997	0.000	0.000	0.000	1783093017.522
1171	100.000	3.658	100.000	0.000	0.000	0.000	1783093017.665
1172	100.000	3.955	100.000	0.000	0.000	0.000	1783093017.846
1173	100.000	3.627	100.003	0.000	0.000	0.000	1783093018.032
1174	100.000	3.434	100.004	0.000	0.000	0.000	1783093018.211
1175	100.000	3.678	100.000	0.000	0.000	0.000	1783093018.344
1176	100.000	3.713	99.999	0.000	0.000	0.000	1783093018.523
1177	100.000	3.634	99.998	0.000	0.000	0.000	1783093018.714
1178	100.000	3.592	100.003	0.000	0.000	0.000	1783093018.912
1179	100.000	3.671	100.001	0.000	0.000	0.000	1783093019.086
1180	100.000	3.953	100.005	0.000	0.000	0.000	1783093019.209
1181	100.000	3.972	100.005	0.000	0.000	0.000	1783093019.409
1182	100.000	3.949	100.001	0.000	0.000	0.000	1783093019.596
1183	100.000	3.960	100.002	0.000	0.000	0.000	1783093019.772
1184	100.000	3.921	99.998	0.000	0.000	0.000	1783093019.894
1185	100.000	3.974	99.998	0.000	0.000	0.000	1783093020.075
1186	100.000	3.961	99.999	0.000	0.000	0.000	1783093020.280
1187	100.000	3.714	100.000	0.000	0.000	0.000	1783093020.465
1188	100.000	4.150	100.000	0.000	0.000	0.000	1783093020.658
1189	100.000	3.957	100.001	0.000	0.000	0.000	1783093020.837
1190	100.000	3.808	99.996	0.000	0.000	0.000	1783093020.962
1191	100.000	3.934	99.998	0.000	0.000	0.000	1783093021.160
1192	100.000	3.637	100.003	0.000	0.000	0.000	1783093021.346
1193	100.000	4.153	100.000	0.000	0.000	0.000	1783093021.522
1194	100.000	4.017	99.996	0.000	0.000	0.000	1783093021.646
1195	100.000	3.949	100.000	0.000	0.000	0.000	1783093021.849
1196	100.000	4.187	100.001	0.000	0.000	0.000	1783093022.037
1197	100.000	3.958	99.999	0.000	0.000	0.000	1783093022.224
1198	100.000	3.652	99.999	0.000	0.000	0.000	1783093022.398
1199	100.000	3.408	100.006	0.000	0.000	0.000	1783093022.522
1200	100.000	3.774	100.000	0.000	0.000	0.000	1783093022.726
1201	100.000	3.943	100.000	0.000	0.000	0.000	1783093022.917
1202	100.000	4.138	100.001	0.000	0.000	0.000	1783093023.088
1203	100.000	3.903	100.000	0.000	0.000	0.000	1783093023.270
1204	100.000	3.857	99.999	0.000	0.000	0.000	1783093023.392
1205	100.000	3.807	100.002	0.000	0.000	0.000	1783093023.585
1206	100.000	3.902	100.002	0.000	0.000	0.000	1783093023.784
1207	100.000	4.237	100.000	0.000	0.000	0.000	1783093023.971
1208	100.000	3.970	99.998	0.000	0.000	0.000	1783093024.145
1209	100.000	4.161	100.000	0.000	0.000	0.000	1783093024.271
1210	100.000	3.920	100.002	0.000	0.000	0.000	1783093024.471
1211	100.000	4.013	100.003	0.000	0.000	0.000	1783093024.656
1212	100.000	3.967	99.998	0.000	0.000	0.000	1783093024.836
1213	100.000	4.085	100.000	0.000	0.000	0.000	1783093025.017
1214	100.000	3.744	99.999	0.000	0.000	0.000	1783093025.164
1215	100.000	4.250	99.997	0.000	0.000	0.000	1783093025.351
1216	100.000	4.198	99.999	0.000	0.000	0.000	1783093025.533
1217	100.000	3.976	99.995	0.000	0.000	0.000	1783093025.713
1218	100.000	3.853	100.004	0.000	0.000	0.000	1783093025.891
1219	100.000	4.131	99.996	0.000	0.000	0.000	1783093026.026
1220	100.000	3.866	99.999	0.000	0.000	0.000	1783093026.222
1221	100.000	3.789	99.999	0.000	0.000	0.000	1783093026.398
1222	100.000	4.133	99.999	0.000	0.000	0.000	1783093026.517
1223	100.000	4.192	100.000	0.000	0.000	0.000	1783093026.639
1224	100.000	4.268	100.002	0.000	0.000	0.000	1783093026.763
1225	100.000	4.171	100.002	0.000	0.000	0.000	1783093026.907
1226	100.000	4.115	100.000	0.000	0.000	0.000	1783093027.097
1227	100.000	4.115	99.997	0.000	0.000	0.000	1783093027.273
1228	100.000	4.048	100.000	0.000	0.000	0.000	1783093027.391
1229	100.000	4.139	99.999	0.000	0.000	0.000	1783093027.590
1230	100.000	4.128	100.002	0.000	0.000	0.000	1783093027.788
1231	100.000	3.724	100.001	0.000	0.000	0.000	1783093027.958
1232	100.000	3.916	100.005	0.000	0.000	0.000	1783093028.076
1233	100.000	4.128	100.003	0.000	0.000	0.000	1783093028.206
1234	100.000	4.154	100.002	0.000	0.000	0.000	1783093028.331
1235	100.000	4.047	100.000	0.000	0.000	0.000	1783093028.470
1236	100.000	3.771	100.000	0.000	0.000	0.000	1783093028.658
1237	100.000	3.873	100.002	0.000	0.000	0.000	1783093028.846
1238	100.000	4.269	100.000	0.000	0.000	0.000	1783093029.022
1239	100.000	4.138	100.005	0.000	0.000	0.000	1783093029.145
1240	100.000	3.713	99.997	0.000	0.000	0.000	1783093029.345
1241	100.000	4.044	99.997	0.000	0.000	0.000	1783093029.531
1242	100.000	4.383	100.004	0.000	0.000	0.000	1783093029.706
1243	100.000	4.412	100.001	0.000	0.000	0.000	1783093029.889
1244	100.000	3.903	100.004	0.000	0.000	0.000	1783093030.031
1245	100.000	4.317	100.001	0.000	0.000	0.000	1783093030.214
1246	100.000	4.266	100.000	0.000	0.000	0.000	1783093030.400
1247	100.000	3.616	99.999	0.000	0.000	0.000	1783093030.579
1248	100.000	3.747	100.001	0.000	0.000	0.000	1783093030.709
1249	100.000	4.048	99.999	0.000	0.000	0.000	1783093030.897
1250	100.000	3.422	99.996	0.000	0.000	0.000	1783093031.088
1251	100.000	3.576	100.001	0.000	0.000	0.000	1783093031.266
1252	100.000	4.185	99.999	0.000	0.000	0.000	1783093031.387
1253	100.000	3.596	99.999	0.000	0.000	0.000	1783093031.589
1254	100.000	3.731	99.995	0.000	0.000	0.000	1783093031.778
1255	100.000	4.028	99.999	0.000	0.000	0.000	1783093031.953
1256	100.000	3.919	100.003	0.000	0.000	0.000	1783093032.077
1257	100.000	3.917	100.005	0.000	0.000	0.000	1783093032.284
1258	100.000	3.817	99.998	0.000	0.000	0.000	1783093032.466
1259	100.000	4.192	99.998	0.000	0.000	0.000	1783093032.658
1260	100.000	3.865	99.999	0.000	0.000	0.000	1783093032.836
1261	100.000	3.896	100.000	0.000	0.000	0.000	1783093033.010
1262	100.000	3.850	100.002	0.000	0.000	0.000	1783093033.155
1263	100.000	4.239	100.000	0.000	0.000	0.000	1783093033.342
1264	100.000	4.210	100.003	0.000	0.000	0.000	1783093033.526
1265	100.000	3.983	100.000	0.000	0.000	0.000	1783093033.703
1266	100.000	3.868	100.000	0.000	0.000	0.000	1783093033.850
1267	100.000	3.991	100.002	0.000	0.000	0.000	1783093034.047
1268	100.000	3.931	99.998	0.000	0.000	0.000	1783093034.207
1269	100.000	3.497	100.000	0.000	0.000	0.000	1783093034.335
1270	100.000	3.915	100.000	0.000	0.000	0.000	1783093034.455
1271	100.000	3.486	100.000	0.000	0.000	0.000	1783093034.584
1272	100.000	4.007	100.001	0.000	0.000	0.000	1783093034.766
1273	100.000	3.512	100.000	0.000	0.000	0.000	1783093034.903
1274	100.000	3.837	100.005	0.000	0.000	0.000	1783093035.019
1275	100.000	3.999	99.997	0.000	0.000	0.000	1783093035.142
1276	100.000	3.820	99.999	0.000	0.000	0.000	1783093035.272
1277	100.000	3.789	99.999	0.000	0.000	0.000	1783093035.403
1278	100.000	3.825	99.999	0.000	0.000	0.000	1783093035.604
1279	100.000	4.034	100.002	0.000	0.000	0.000	1783093035.789
1280	100.000	4.090	100.000	0.000	0.000	0.000	1783093035.963
1281	100.000	3.684	100.005	0.000	0.000	0.000	1783093036.142
1282	100.000	3.990	99.999	0.000	0.000	0.000	1783093036.283
1283	100.000	3.812	99.997	0.000	0.000	0.000	1783093036.471
1284	100.000	3.863	99.997	0.000	0.000	0.000	1783093036.647
1285	100.000	3.869	100.003	0.000	0.000	0.000	1783093036.765
1286	100.000	3.840	100.000	0.000	0.000	0.000	1783093036.896
1287	100.000	3.787	100.003	0.000	0.000	0.000	1783093037.015
1288	100.000	3.769	100.000	0.000	0.000	0.000	1783093037.153
1289	100.000	3.823	100.003	0.000	0.000	0.000	1783093037.331
1290	100.000	3.995	99.995	0.000	0.000	0.000	1783093037.452
1291	100.000	4.044	99.998	0.000	0.000	0.000	1783093037.573
1292	100.000	4.067	100.002	0.000	0.000	0.000	1783093037.702
1293	100.000	4.178	100.004	0.000	0.000	0.000	1783093037.836
1294	100.000	4.249	99.999	0.000	0.000	0.000	1783093038.030
1295	100.000	4.425	99.998	0.000	0.000	0.000	1783093038.215
1296	100.000	4.251	99.999	0.000	0.000	0.000	1783093038.388
1297	100.000	3.996	100.002	0.000	0.000	0.000	1783093038.521
1298	100.000	4.154	99.998	0.000	0.000	0.000	1783093038.704
1299	100.000	4.101	99.997	0.000	0.000	0.000	1783093038.898
1300	100.000	3.998	100.001	0.000	0.000	0.000	1783093039.083
1301	100.000	4.092	100.004	0.000	0.000	0.000	1783093039.216
1302	100.000	4.264	99.994	0.000	0.000	0.000	1783093039.431
1303	100.000	3.933	100.005	0.000	0.000	0.000	1783093039.611
1304	100.000	4.124	99.997	0.000	0.000	0.000	1783093039.788
1305	100.000	4.426	100.000	0.000	0.000	0.000	1783093039.975
1306	100.000	4.457	100.005	0.000	0.000	0.000	1783093040.116
1307	100.000	4.139	100.001	0.000	0.000	0.000	1783093040.296
1308	100.000	4.405	99.997	0.000	0.000	0.000	1783093040.484
1309	100.000	4.379	100.003	0.000	0.000	0.000	1783093040.659
1310	100.000	4.284	100.002	0.000	0.000	0.000	1783093040.807
1311	100.000	4.088	100.003	0.000	0.000	0.000	1783093040.993
1312	100.000	4.272	100.003	0.000	0.000	0.000	1783093041.169
1313	100.000	4.256	100.000	0.000	0.000	0.000	1783093041.346
1314	100.000	3.991	99.999	0.000	0.000	0.000	1783093041.487
1315	100.000	4.240	100.000	0.000	0.000	0.000	1783093041.673
1316	100.000	4.100	100.000	0.000	0.000	0.000	1783093041.858
1317	100.000	4.082	99.998	0.000	0.000	0.000	1783093042.034
1318	100.000	4.037	100.002	0.000	0.000	0.000	1783093042.170
1319	100.000	4.194	100.002	0.000	0.000	0.000	1783093042.361
1320	100.000	4.305	100.003	0.000	0.000	0.000	1783093042.540
1321	100.000	4.085	99.998	0.000	0.000	0.000	1783093042.659
1322	100.000	4.064	100.000	0.000	0.000	0.000	1783093042.783
1323	100.000	3.982	100.000	0.000	0.000	0.000	1783093042.905
1324	100.000	4.096	100.002	0.000	0.000	0.000	1783093043.039
1325	100.000	4.044	99.997	0.000	0.000	0.000	1783093043.236
1326	100.000	4.004	100.001	0.000	0.000	0.000	1783093043.423
1327	100.000	4.125	99.999	0.000	0.000	0.000	1783093043.597
1328	100.000	4.094	100.000	0.000	0.000	0.000	1783093043.729
