Point No.	Frequency Set (GHz)	THz Photocurrent (nA)	Frequency Act (GHz)	Amplitude (via StrMod)	Phase (via StrMod)	Frequency Fit	Timestamp (s)
1	100.000	3.947	100.001	0.000	0.000	0.000	1783093047.231
2	100.000	4.025	100.000	0.000	0.000	0.000	1783093047.410
3	100.000	4.398	99.997	0.000	0.000	0.000	1783093047.529
4	100.000	3.853	99.996	0.000	0.000	0.000	1783093047.723
5	100.000	3.881	100.001	0.000	0.000	0.000	1783093047.927
6	100.000	4.224	99.999	0.000	0.000	0.000	1783093048.105
7	100.000	4.197	99.999	0.000	0.000	0.000	1783093048.295
8	100.000	4.090	99.998	0.000	0.000	0.000	1783093048.464
9	100.000	3.851	100.000	0.000	0.000	0.000	1783093048.602
10	100.000	4.199	99.997	0.000	0.000	0.000	1783093048.790
11	100.000	4.066	100.001	0.000	0.000	0.000	1783093048.986
12	100.000	3.736	100.001	0.000	0.000	0.000	1783093049.166
13	100.000	3.981	100.001	0.000	0.000	0.000	1783093049.338
14	100.000	4.330	99.999	0.000	0.000	0.000	1783093049.495
15	100.000	4.053	99.998	0.000	0.000	0.000	1783093049.685
16	100.000	4.082	99.999	0.000	0.000	0.000	1783093049.859
17	100.000	4.445	99.999	0.000	0.000	0.000	1783093050.039
18	100.000	4.326	99.998	0.000	0.000	0.000	1783093050.175
19	100.000	3.937	99.999	0.000	0.000	0.000	1783093050.368
20	100.000	4.140	100.000	0.000	0.000	0.000	1783093050.545
21	100.000	4.135	100.002	0.000	0.000	0.000	1783093050.717
22	100.000	3.957	99.999	0.000	0.000	0.000	1783093050.859
23	100.000	4.021	99.996	0.000	0.000	0.000	1783093051.051
24	100.000	3.981	100.003	0.000	0.000	0.000	1783093051.237
25	100.000	4.033	99.996	0.000	0.000	0.000	1783093051.421
26	100.000	4.023	100.000	0.000	0.000	0.000	1783093051.597
27	100.000	4.369	99.998	0.000	0.000	0.000	1783093051.736
28	100.000	3.939	99.996	0.000	0.000	0.000	1783093051.928
29	100.000	3.927	100.000	0.000	0.000	0.000	1783093052.103
30	100.000	4.037	100.004	0.000	0.000	0.000	1783093052.223
31	100.000	4.104	100.003	0.000	0.000	0.000	1783093052.350
32	100.000	4.057	99.995	0.000	0.000	0.000	1783093052.473
33	100.000	4.301	100.003	0.000	0.000	0.000	1783093052.614
34	100.000	4.241	99.999	0.000	0.000	0.000	1783093052.789
35	100.000	3.934	100.006	0.000	0.000	0.000	1783093052.911
36	100.000	4.196	99.998	0.000	0.000	0.000	1783093053.108
37	100.000	3.972	100.000	0.000	0.000	0.000	1783093053.298
38	100.000	3.937	100.005	0.000	0.000	0.000	1783093053.495
39	100.000	3.893	100.000	0.000	0.000	0.000	1783093053.665
40	100.000	3.797	100.003	0.000	0.000	0.000	1783093053.783
41	100.000	4.311	100.002	0.000	0.000	0.000	1783093053.910
42	100.000	3.899	99.999	0.000	0.000	0.000	1783093054.035
43	100.000	4.193	99.996	0.000	0.000	0.000	1783093054.181
44	100.000	3.702	100.001	0.000	0.000	0.000	1783093054.365
45	100.000	3.793	99.997	0.000	0.000	0.000	1783093054.539
46	100.000	4.478	99.998	0.000	0.000	0.000	1783093054.657
47	100.000	3.872	100.002	0.000	0.000	0.000	1783093054.850
48	100.000	4.164	99.997	0.000	0.000	0.000	1783093055.036
49	100.000	4.353	99.999	0.000	0.000	0.000	1783093055.232
50	100.000	4.236	100.000	0.000	0.000	0.000	1783093055.413
51	100.000	3.962	100.003	0.000	0.000	0.000	1783093055.591
52	100.000	4.127	99.998	0.000	0.000	0.000	1783093055.729
53	100.000	4.210	100.000	0.000	0.000	0.000	1783093055.919
54	100.000	4.146	99.998	0.000	0.000	0.000	1783093056.108
55	100.000	4.249	100.002	0.000	0.000	0.000	1783093056.277
56	100.000	4.468	99.999	0.000	0.000	0.000	1783093056.415
57	100.000	4.041	99.995	0.000	0.000	0.000	1783093056.623
58	100.000	3.988	99.996	0.000	0.000	0.000	1783093056.793
59	100.000	4.276	100.001	0.000	0.000	0.000	1783093056.979
60	100.000	4.258	99.999	0.000	0.000	0.000	1783093057.133
61	100.000	4.027	100.000	0.000	0.000	0.000	1783093057.307
62	100.000	4.249	100.001	0.000	0.000	0.000	1783093057.495
63	100.000	4.321	100.001	0.000	0.000	0.000	1783093057.630
64	100.000	4.294	100.000	0.000	0.000	0.000	1783093057.817
65	100.000	4.404	100.000	0.000	0.000	0.000	1783093058.000
66	100.000	4.438	99.999	0.000	0.000	0.000	1783093058.178
67	100.000	4.379	99.997	0.000	0.000	0.000	1783093058.307
68	100.000	4.370	100.003	0.000	0.000	0.000	1783093058.495
69	100.000	4.187	100.002	0.000	0.000	0.000	1783093058.694
70	100.000	4.149	100.004	0.000	0.000	0.000	1783093058.876
71	100.000	4.185	100.003	0.000	0.000	0.000	1783093058.993
72	100.000	4.062	100.000	0.000	0.000	0.000	1783093059.118
73	100.000	4.002	100.003	0.000	0.000	0.000	1783093059.242
74	100.000	4.263	99.998	0.000	0.000	0.000	1783093059.391
75	100.000	3.977	100.001	0.000	0.000	0.000	1783093059.571
76	100.000	4.291	100.000	0.000	0.000	0.000	1783093059.747
77	100.000	4.403	100.005	0.000	0.000	0.000	1783093059.867
78	100.000	4.556	99.997	0.000	0.000	0.000	1783093059.991
79	100.000	4.185	100.002	0.000	0.000	0.000	1783093060.116
80	100.000	4.318	99.998	0.000	0.000	0.000	1783093060.252
81	100.000	4.168	100.001	0.000	0.000	0.000	1783093060.446
82	100.000	4.161	100.003	0.000	0.000	0.000	1783093060.625
83	100.000	4.378	100.001	0.000	0.000	0.000	1783093060.802
84	100.000	4.317	100.002	0.000	0.000	0.000	1783093060.939
85	100.000	4.158	100.002	0.000	0.000	0.000	1783093061.126
86	100.000	4.409	100.002	0.000	0.000	0.000	1783093061.317
87	100.000	4.331	100.001	0.000	0.000	0.000	1783093061.486
88	100.000	4.342	99.997	0.000	0.000	0.000	1783093061.625
89	100.000	4.379	99.999	0.000	0.000	0.000	1783093061.827
90	100.000	4.300	99.998	0.000	0.000	0.000	1783093062.007
91	100.000	4.197	99.999	0.000	0.000	0.000	1783093062.187
92	100.000	4.204	100.003	0.000	0.000	0.000	1783093062.361
93	100.000	4.305	99.999	0.000	0.000	0.000	1783093062.501
94	100.000	4.258	99.998	0.000	0.000	0.000	1783093062.691
95	100.000	4.000	100.003	0.000	0.000	0.000	1783093062.870
96	100.000	4.177	100.001	0.000	0.000	0.000	1783093062.986
97	100.000	4.109	99.999	0.000	0.000	0.000	1783093063.111
98	100.000	4.314	99.999	0.000	0.000	0.000	1783093063.235
99	100.000	4.291	99.999	0.000	0.000	0.000	1783093063.380
100	100.000	4.129	99.999	0.000	0.000	0.000	1783093063.570
101	100.000	4.004	100.004	0.000	0.000	0.000	1783093063.746
102	100.000	4.073	100.003	0.000	0.000	0.000	1783093063.931
103	100.000	4.339	100.002	0.000	0.000	0.000	1783093064.107
104	100.000	4.044	100.000	0.000	0.000	0.000	1783093064.257
105	100.000	4.122	100.001	0.000	0.000	0.000	1783093064.427
106	100.000	4.309	100.003	0.000	0.000	0.000	1783093064.546
107	100.000	4.290	99.999	0.000	0.000	0.000	1783093064.672
108	100.000	4.048	99.999	0.000	0.000	0.000	1783093064.797
109	100.000	4.362	100.000	0.000	0.000	0.000	1783093064.939
110	100.000	3.917	99.998	0.000	0.000	0.000	1783093065.126
111	100.000	4.097	100.003	0.000	0.000	0.000	1783093065.316
112	100.000	4.131	100.001	0.000	0.000	0.000	1783093065.492
113	100.000	4.196	100.002	0.000	0.000	0.000	1783093065.671
114	100.000	3.939	100.000	0.000	0.000	0.000	1783093065.805
115	100.000	4.154	99.998	0.000	0.000	0.000	1783093065.997
116	100.000	4.153	99.999	0.000	0.000	0.000	1783093066.178
117	100.000	4.269	100.002	0.000	0.000	0.000	1783093066.357
118	100.000	4.139	100.003	0.000	0.000	0.000	1783093066.485
119	100.000	4.038	100.000	0.000	0.000	0.000	1783093066.691
120	100.000	4.097	100.001	0.000	0.000	0.000	1783093066.885
121	100.000	3.854	100.001	0.000	0.000	0.000	1783093067.037
122	100.000	3.977	99.998	0.000	0.000	0.000	1783093067.223
123	100.000	4.026	99.999	0.000	0.000	0.000	1783093067.401
124	100.000	4.019	100.002	0.000	0.000	0.000	1783093067.540
125	100.000	3.718	100.004	0.000	0.000	0.000	1783093067.729
126	100.000	3.898	100.001	0.000	0.000	0.000	1783093067.902
127	100.000	4.002	99.995	0.000	0.000	0.000	1783093068.081
128	100.000	4.100	100.003	0.000	0.000	0.000	1783093068.258
129	100.000	4.081	100.001	0.000	0.000	0.000	1783093068.397
130	100.000	4.068	99.999	0.000	0.000	0.000	1783093068.589
131	100.000	4.221	100.000	0.000	0.000	0.000	1783093068.712
132	100.000	4.139	100.002	0.000	0.000	0.000	1783093068.838
133	100.000	4.110	100.003	0.000	0.000	0.000	1783093068.978
134	100.000	4.043	100.002	0.000	0.000	0.000	1783093069.120
135	100.000	4.243	100.004	0.000	0.000	0.000	1783093069.292
136	100.000	4.204	100.000	0.000	0.000	0.000	1783093069.479
137	100.000	4.046	100.002	0.000	0.000	0.000	1783093069.652
138	100.000	3.852	100.000	0.000	0.000	0.000	1783093069.789
139	100.000	4.017	100.001	0.000	0.000	0.000	1783093069.969
140	100.000	3.947	99.998	0.000	0.000	0.000	1783093070.167
141	100.000	4.040	100.000	0.000	0.000	0.000	1783093070.349
142	100.000	3.957	99.996	0.000	0.000	0.000	1783093070.466
143	100.000	4.533	99.999	0.000	0.000	0.000	1783093070.602
144	100.000	-1.995	99.996	0.000	0.000	0.000	1783093070.727
145	100.000	-2.910	100.001	0.000	0.000	0.000	1783093070.858
146	100.000	-2.411	99.999	0.000	0.000	0.000	1783093070.976
147	100.000	2.058	99.999	0.000	0.000	0.000	1783093071.108
148	100.000	2.859	100.004	0.000	0.000	0.000	1783093071.285
149	100.000	-0.084	100.000	0.000	0.000	0.000	1783093071.420
150	100.000	1.288	100.001	0.000	0.000	0.000	1783093071.596
151	100.000	-1.082	100.000	0.000	0.000	0.000	1783093071.737
152	100.000	-0.971	100.001	0.000	0.000	0.000	1783093071.912
153	100.000	-1.238	100.000	0.000	0.000	0.000	1783093072.045
154	100.000	-2.279	100.002	0.000	0.000	0.000	1783093072.247
155	100.000	1.416	100.004	0.000	0.000	0.000	1783093072.430
156	100.000	2.737	100.000	0.000	0.000	0.000	1783093072.610
157	100.000	-0.780	100.000	0.000	0.000	0.000	1783093072.788
158	100.000	-2.834	100.002	0.000	0.000	0.000	1783093072.924
159	100.000	-1.770	99.999	0.000	0.000	0.000	1783093073.121
160	100.000	0.457	99.999	0.000	0.000	0.000	1783093073.298
161	100.000	2.198	100.001	0.000	0.000	0.000	1783093073.417
162	100.000	2.037	100.002	0.000	0.000	0.000	1783093073.620
163	100.000	0.764	99.999	0.000	0.000	0.000	1783093073.806
164	100.000	-2.142	99.999	0.000	0.000	0.000	1783093073.996
165	100.000	1.039	100.000	0.000	0.000	0.000	1783093074.176
166	100.000	2.788	100.002	0.000	0.000	0.000	1783093074.354
167	100.000	1.069	99.999	0.000	0.000	0.000	1783093074.484
168	100.000	2.614	100.003	0.000	0.000	0.000	1783093074.684
169	100.000	-1.749	99.998	0.000	0.000	0.000	1783093074.858
170	100.000	0.030	100.002	0.000	0.000	0.000	1783093075.046
171	100.000	3.921	99.997	0.000	0.000	0.000	1783093075.222
172	100.000	3.501	100.003	0.000	0.000	0.000	1783093075.367
173	100.000	2.868	100.004	0.000	0.000	0.000	1783093075.550
174	100.000	-0.812	99.997	0.000	0.000	0.000	1783093075.742
175	100.000	0.273	100.001	0.000	0.000	0.000	1783093075.918
176	100.000	2.798	100.002	0.000	0.000	0.000	1783093076.095
177	100.000	2.775	100.001	0.000	0.000	0.000	1783093076.217
178	100.000	2.649	100.004	0.000	0.000	0.000	1783093076.422
179	100.000	-0.351	99.995	0.000	0.000	0.000	1783093076.604
180	100.000	-2.274	100.006	0.000	0.000	0.000	1783093076.780
181	100.000	-0.504	100.000	0.000	0.000	0.000	1783093076.911
182	100.000	-0.472	99.998	0.000	0.000	0.000	1783093077.107
183	100.000	2.250	99.991	0.000	0.000	0.000	1783093077.295
184	100.000	0.002	99.996	0.000	0.000	0.000	1783093077.477
185	100.000	-2.431	100.000	0.000	0.000	0.000	1783093077.653
186	100.000	-2.063	100.000	0.000	0.000	0.000	1783093077.785
187	100.000	-2.200	100.000	0.000	0.000	0.000	1783093077.983
188	100.000	1.794	99.997	0.000	0.000	0.000	1783093078.165
189	100.000	1.530	100.001	0.000	0.000	0.000	1783093078.282
190	100.000	2.341	100.001	0.000	0.000	0.000	1783093078.473
191	100.000	-0.290	99.997	0.000	0.000	0.000	1783093078.671
192	100.000	-1.402	99.997	0.000	0.000	0.000	1783093078.849
193	100.000	0.517	100.000	0.000	0.000	0.000	1783093079.030
194	100.000	2.138	100.000	0.000	0.000	0.000	1783093079.157
195	100.000	2.105	100.000	0.000	0.000	0.000	1783093079.340
196	100.000	0.155	100.001	0.000	0.000	0.000	1783093079.546
197	100.000	-2.075	100.000	0.000	0.000	0.000	1783093079.726
198	100.000	-0.230	100.000	0.000	0.000	0.000	1783093079.911
199	100.000	1.845	99.999	0.000	0.000	0.000	1783093080.026
200	100.000	0.148	100.002	0.000	0.000	0.000	1783093080.154
201	100.000	-0.522	99.999	0.000	0.000	0.000	1783093080.278
202	100.000	-1.298	99.999	0.000	0.000	0.000	1783093080.423
203	100.000	-0.768	99.999	0.000	0.000	0.000	1783093080.596
204	100.000	-0.425	100.000	0.000	0.000	0.000	1783093080.716
205	100.000	-1.132	99.999	0.000	0.000	0.000	1783093080.923
206	100.000	2.822	100.001	0.000	0.000	0.000	1783093081.104
207	100.000	1.974	99.999	0.000	0.000	0.000	1783093081.297
208	100.000	-1.428	100.003	0.000	0.000	0.000	1783093081.471
209	100.000	-0.316	99.998	0.000	0.000	0.000	1783093081.591
210	100.000	-0.414	100.001	0.000	0.000	0.000	1783093081.719
211	100.000	-0.276	99.998	0.000	0.000	0.000	1783093081.850
212	100.000	1.108	100.000	0.000	0.000	0.000	1783093081.982
213	100.000	1.243	99.999	0.000	0.000	0.000	1783093082.166
214	100.000	-0.573	100.000	0.000	0.000	0.000	1783093082.341
215	100.000	-0.144	100.001	0.000	0.000	0.000	1783093082.490
216	100.000	-0.193	100.003	0.000	0.000	0.000	1783093082.678
217	100.000	1.666	99.996	0.000	0.000	0.000	1783093082.857
218	100.000	1.684	100.001	0.000	0.000	0.000	1783093083.033
219	100.000	0.410	100.000	0.000	0.000	0.000	1783093083.166
220	100.000	0.698	100.001	0.000	0.000	0.000	1783093083.356
221	100.000	-0.253	99.997	0.000	0.000	0.000	1783093083.542
222	100.000	1.348	100.002	0.000	0.000	0.000	1783093083.717
223	100.000	2.760	99.999	0.000	0.000	0.000	1783093083.839
224	100.000	2.746	100.003	0.000	0.000	0.000	1783093084.043
225	100.000	1.790	99.999	0.000	0.000	0.000	1783093084.227
226	100.000	-0.651	100.004	0.000	0.000	0.000	1783093084.416
227	100.000	1.003	100.004	0.000	0.000	0.000	1783093084.592
228	100.000	2.158	99.997	0.000	0.000	0.000	1783093084.713
229	100.000	1.477	100.000	0.000	0.000	0.000	1783093084.922
230	100.000	0.600	100.000	0.000	0.000	0.000	1783093085.110
231	100.000	-1.541	99.998	0.000	0.000	0.000	1783093085.280
232	100.000	-1.240	99.999	0.000	0.000	0.000	1783093085.412
233	100.000	-1.559	99.998	0.000	0.000	0.000	1783093085.597
234	100.000	1.551	99.998	0.000	0.000	0.000	1783093085.795
235	100.000	1.880	100.004	0.000	0.000	0.000	1783093085.977
236	100.000	-1.042	99.999	0.000	0.000	0.000	1783093086.095
237	100.000	1.236	99.999	0.000	0.000	0.000	1783093086.215
238	100.000	2.369	99.998	0.000	0.000	0.000	1783093086.343
239	100.000	1.896	99.995	0.000	0.000	0.000	1783093086.464
240	100.000	0.727	100.001	0.000	0.000	0.000	1783093086.669
241	100.000	2.361	100.002	0.000	0.000	0.000	1783093086.853
242	100.000	-0.659	100.002	0.000	0.000	0.000	1783093087.030
243	100.000	-1.528	100.002	0.000	0.000	0.000	1783093087.215
244	100.000	1.267	100.001	0.000	0.000	0.000	1783093087.359
245	100.000	1.423	99.997	0.000	0.000	0.000	1783093087.538
246	100.000	2.336	99.997	0.000	0.000	0.000	1783093087.722
247	100.000	-0.039	100.002	0.000	0.000	0.000	1783093087.849
248	100.000	0.232	99.998	0.000	0.000	0.000	1783093088.053
249	100.000	-2.027	99.999	0.000	0.000	0.000	1783093088.228
250	100.000	0.017	99.999	0.000	0.000	0.000	1783093088.412
251	100.000	2.571	100.001	0.000	0.000	0.000	1783093088.588
252	100.000	1.209	100.004	0.000	0.000	0.000	1783093088.730
253	100.000	0.899	100.001	0.000	0.000	0.000	1783093088.919
254	100.000	-1.509	99.999	0.000	0.000	0.000	1783093089.097
255	100.000	-1.408	100.001	0.000	0.000	0.000	1783093089.216
256	100.000	-1.857	100.002	0.000	0.000	0.000	1783093089.346
257	100.000	-0.557	99.994	0.000	0.000	0.000	1783093089.467
258	100.000	1.821	100.001	0.000	0.000	0.000	1783093089.616
259	100.000	1.563	100.001	0.000	0.000	0.000	1783093089.795
260	100.000	-1.824	99.999	0.000	0.000	0.000	1783093089.982
261	100.000	-1.886	100.000	0.000	0.000	0.000	1783093090.152
262	100.000	0.981	99.999	0.000	0.000	0.000	1783093090.290
263	100.000	1.146	99.997	0.000	0.000	0.000	1783093090.483
264	100.000	-2.461	100.001	0.000	0.000	0.000	1783093090.667
265	100.000	-1.166	100.000	0.000	0.000	0.000	1783093090.791
266	100.000	-1.294	100.004	0.000	0.000	0.000	1783093090.915
267	100.000	-0.916	99.999	0.000	0.000	0.000	1783093091.038
268	100.000	-1.710	100.002	0.000	0.000	0.000	1783093091.178
269	100.000	-1.124	100.004	0.000	0.000	0.000	1783093091.367
270	100.000	-1.867	100.002	0.000	0.000	0.000	1783093091.550
271	100.000	-1.435	99.998	0.000	0.000	0.000	1783093091.727
272	100.000	-2.092	100.004	0.000	0.000	0.000	1783093091.865
273	100.000	-0.730	100.001	0.000	0.000	0.000	1783093092.057
274	100.000	-0.732	100.001	0.000	0.000	0.000	1783093092.234
275	100.000	-1.430	99.997	0.000	0.000	0.000	1783093092.378
276	100.000	-1.316	100.001	0.000	0.000	0.000	1783093092.556
277	100.000	-1.783	100.003	0.000	0.000	0.000	1783093092.748
278	100.000	-3.983	99.999	0.000	0.000	0.000	1783093092.868
279	100.000	-5.289	100.006	0.000	0.000	0.000	1783093093.066
280	100.000	-4.151	99.997	0.000	0.000	0.000	1783093093.275
281	100.000	-0.990	99.997	0.000	0.000	0.000	1783093093.454
282	100.000	2.594	100.005	0.000	0.000	0.000	1783093093.634
283	100.000	5.081	99.999	0.000	0.000	0.000	1783093093.821
284	100.000	4.492	99.995	0.000	0.000	0.000	1783093093.967
285	100.000	1.337	100.003	0.000	0.000	0.000	1783093094.087
286	100.000	-2.002	99.999	0.000	0.000	0.000	1783093094.260
287	100.000	-5.553	99.995	0.000	0.000	0.000	1783093094.400
288	100.000	-5.225	100.000	0.000	0.000	0.000	1783093094.527
289	100.000	-4.561	99.999	0.000	0.000	0.000	1783093094.711
290	100.000	-1.530	100.003	0.000	0.000	0.000	1783093094.839
291	100.000	0.666	99.999	0.000	0.000	0.000	1783093095.023
292	100.000	4.074	100.000	0.000	0.000	0.000	1783093095.165
293	100.000	5.302	100.002	0.000	0.000	0.000	1783093095.350
294	100.000	3.097	100.003	0.000	0.000	0.000	1783093095.534
295	100.000	-1.491	100.000	0.000	0.000	0.000	1783093095.657
296	100.000	-4.399	100.001	0.000	0.000	0.000	1783093095.864
297	100.000	-5.906	100.005	0.000	0.000	0.000	1783093096.044
298	100.000	-3.398	100.005	0.000	0.000	0.000	1783093096.225
299	100.000	0.326	99.999	0.000	0.000	0.000	1783093096.341
300	100.000	1.809	100.004	0.000	0.000	0.000	1783093096.483
301	100.000	4.100	100.003	0.000	0.000	0.000	1783093096.619
302	100.000	5.372	99.999	0.000	0.000	0.000	1783093096.756
303	100.000	4.429	100.001	0.000	0.000	0.000	1783093096.930
304	100.000	0.504	99.999	0.000	0.000	0.000	1783093097.052
305	100.000	-2.813	99.999	0.000	0.000	0.000	1783093097.255
306	100.000	-4.686	100.000	0.000	0.000	0.000	1783093097.442
307	100.000	-3.727	100.007	0.000	0.000	0.000	1783093097.617
308	100.000	-1.612	99.999	0.000	0.000	0.000	1783093097.738
309	100.000	1.370	100.004	0.000	0.000	0.000	1783093097.940
310	100.000	4.747	100.000	0.000	0.000	0.000	1783093098.133
311	100.000	5.215	100.000	0.000	0.000	0.000	1783093098.317
312	100.000	1.947	100.001	0.000	0.000	0.000	1783093098.492
313	100.000	-1.731	100.001	0.000	0.000	0.000	1783093098.613
314	100.000	-3.200	99.999	0.000	0.000	0.000	1783093098.800
315	100.000	-5.221	99.999	0.000	0.000	0.000	1783093099.003
316	100.000	-2.715	100.000	0.000	0.000	0.000	1783093099.180
317	100.000	0.909	99.997	0.000	0.000	0.000	1783093099.297
318	100.000	2.611	100.001	0.000	0.000	0.000	1783093099.501
319	100.000	5.170	99.998	0.000	0.000	0.000	1783093099.690
320	100.000	4.468	100.002	0.000	0.000	0.000	1783093099.867
321	100.000	0.576	100.000	0.000	0.000	0.000	1783093099.985
322	100.000	-2.930	100.002	0.000	0.000	0.000	1783093100.110
323	100.000	-4.740	100.000	0.000	0.000	0.000	1783093100.236
324	100.000	-5.512	99.996	0.000	0.000	0.000	1783093100.376
325	100.000	-4.276	100.000	0.000	0.000	0.000	1783093100.563
326	100.000	-1.563	100.002	0.000	0.000	0.000	1783093100.748
327	100.000	2.434	100.000	0.000	0.000	0.000	1783093100.925
328	100.000	5.408	99.998	0.000	0.000	0.000	1783093101.062
329	100.000	5.030	100.004	0.000	0.000	0.000	1783093101.249
330	100.000	2.390	99.999	0.000	0.000	0.000	1783093101.435
331	100.000	-1.190	99.998	0.000	0.000	0.000	1783093101.612
332	100.000	-4.950	100.000	0.000	0.000	0.000	1783093101.735
333	100.000	-4.784	99.999	0.000	0.000	0.000	1783093101.862
334	100.000	-3.517	99.998	0.000	0.000	0.000	1783093101.985
335	100.000	-1.649	100.001	0.000	0.000	0.000	1783093102.126
336	100.000	1.544	100.004	0.000	0.000	0.000	1783093102.311
337	100.000	4.230	100.003	0.000	0.000	0.000	1783093102.489
338	100.000	5.903	100.000	0.000	0.000	0.000	1783093102.606
339	100.000	4.562	100.000	0.000	0.000	0.000	1783093102.732
340	100.000	2.015	100.004	0.000	0.000	0.000	1783093102.861
341	100.000	-0.943	100.004	0.000	0.000	0.000	1783093103.007
342	100.000	-3.936	100.001	0.000	0.000	0.000	1783093103.174
343	100.000	-3.955	99.998	0.000	0.000	0.000	1783093103.292
344	100.000	-3.966	100.000	0.000	0.000	0.000	1783093103.425
345	100.000	-1.680	99.999	0.000	0.000	0.000	1783093103.551
346	100.000	0.179	100.002	0.000	0.000	0.000	1783093103.675
347	100.000	3.050	100.004	0.000	0.000	0.000	1783093103.879
348	100.000	5.113	99.996	0.000	0.000	0.000	1783093104.062
349	100.000	4.473	99.995	0.000	0.000	0.000	1783093104.241
350	100.000	0.343	100.003	0.000	0.000	0.000	1783093104.383
351	100.000	-1.817	99.999	0.000	0.000	0.000	1783093104.567
352	100.000	-3.791	100.000	0.000	0.000	0.000	1783093104.745
353	100.000	-4.064	100.004	0.000	0.000	0.000	1783093104.863
354	100.000	-1.813	99.999	0.000	0.000	0.000	1783093105.059
355	100.000	0.850	99.998	0.000	0.000	0.000	1783093105.267
356	100.000	3.748	99.998	0.000	0.000	0.000	1783093105.441
357	100.000	4.943	100.004	0.000	0.000	0.000	1783093105.629
358	100.000	2.363	99.999	0.000	0.000	0.000	1783093105.810
359	100.000	-2.436	99.996	0.000	0.000	0.000	1783093105.936
360	100.000	-5.245	100.001	0.000	0.000	0.000	1783093106.128
361	100.000	-4.871	99.999	0.000	0.000	0.000	1783093106.315
362	100.000	-2.495	99.999	0.000	0.000	0.000	1783093106.494
363	100.000	0.600	100.003	0.000	0.000	0.000	1783093106.672
364	100.000	3.386	100.001	0.000	0.000	0.000	1783093106.802
365	100.000	5.408	100.002	0.000	0.000	0.000	1783093107.013
366	100.000	4.670	100.002	0.000	0.000	0.000	1783093107.185
367	100.000	1.145	100.000	0.000	0.000	0.000	1783093107.369
368	100.000	-2.108	99.998	0.000	0.000	0.000	1783093107.549
369	100.000	-4.262	100.001	0.000	0.000	0.000	1783093107.732
370	100.000	-2.882	99.994	0.000	0.000	0.000	1783093107.879
371	100.000	-0.236	99.999	0.000	0.000	0.000	1783093108.053
372	100.000	2.181	99.999	0.000	0.000	0.000	1783093108.170
373	100.000	4.234	99.998	0.000	0.000	0.000	1783093108.296
374	100.000	5.483	100.002	0.000	0.000	0.000	1783093108.420
375	100.000	4.770	100.006	0.000	0.000	0.000	1783093108.570
376	100.000	2.862	100.002	0.000	0.000	0.000	1783093108.760
377	100.000	-2.125	100.001	0.000	0.000	0.000	1783093108.937
378	100.000	-4.494	100.005	0.000	0.000	0.000	1783093109.118
379	100.000	-4.241	99.996	0.000	0.000	0.000	1783093109.235
380	100.000	-3.006	99.998	0.000	0.000	0.000	1783093109.360
381	100.000	-0.647	100.007	0.000	0.000	0.000	1783093109.485
382	100.000	1.302	100.001	0.000	0.000	0.000	1783093109.626
383	100.000	3.595	99.999	0.000	0.000	0.000	1783093109.803
384	100.000	5.092	100.000	0.000	0.000	0.000	1783093109.919
385	100.000	4.341	99.998	0.000	0.000	0.000	1783093110.042
386	100.000	2.412	100.004	0.000	0.000	0.000	1783093110.178
387	100.000	-0.995	100.000	0.000	0.000	0.000	1783093110.355
388	100.000	-3.112	99.996	0.000	0.000	0.000	1783093110.510
389	100.000	-4.950	100.001	0.000	0.000	0.000	1783093110.683
390	100.000	-3.346	99.999	0.000	0.000	0.000	1783093110.866
391	100.000	-0.355	100.000	0.000	0.000	0.000	1783093111.042
392	100.000	2.630	99.994	0.000	0.000	0.000	1783093111.170
393	100.000	4.184	99.997	0.000	0.000	0.000	1783093111.370
394	100.000	4.661	100.003	0.000	0.000	0.000	1783093111.496
395	100.000	3.132	100.001	0.000	0.000	0.000	1783093111.618
396	100.000	0.728	99.997	0.000	0.000	0.000	1783093111.745
397	100.000	-2.620	99.998	0.000	0.000	0.000	1783093111.893
398	100.000	-3.206	100.000	0.000	0.000	0.000	1783093112.070
399	100.000	-4.018	99.999	0.000	0.000	0.000	1783093112.196
400	100.000	-2.292	99.999	0.000	0.000	0.000	1783093112.373
401	100.000	0.711	100.002	0.000	0.000	0.000	1783093112.507
402	100.000	2.229	99.998	0.000	0.000	0.000	1783093112.630
403	100.000	3.672	99.997	0.000	0.000	0.000	1783093112.775
404	100.000	4.712	100.003	0.000	0.000	0.000	1783093112.944
405	100.000	3.177	100.003	0.000	0.000	0.000	1783093113.083
406	100.000	0.137	100.000	0.000	0.000	0.000	1783093113.265
407	100.000	-3.216	100.002	0.000	0.000	0.000	1783093113.455
408	100.000	-4.943	99.999	0.000	0.000	0.000	1783093113.643
409	100.000	-2.659	100.001	0.000	0.000	0.000	1783093113.812
410	100.000	-0.276	100.002	0.000	0.000	0.000	1783093113.932
411	100.000	1.682	99.998	0.000	0.000	0.000	1783093114.056
412	100.000	3.716	100.004	0.000	0.000	0.000	1783093114.183
413	100.000	4.687	100.002	0.000	0.000	0.000	1783093114.344
414	100.000	4.070	99.999	0.000	0.000	0.000	1783093114.519
415	100.000	1.003	100.001	0.000	0.000	0.000	1783093114.659
416	100.000	-1.879	99.998	0.000	0.000	0.000	1783093114.855
417	100.000	-4.441	100.000	0.000	0.000	0.000	1783093115.027
418	100.000	-3.198	100.000	0.000	0.000	0.000	1783093115.210
419	100.000	-1.077	99.998	0.000	0.000	0.000	1783093115.344
420	100.000	1.463	100.003	0.000	0.000	0.000	1783093115.535
421	100.000	3.753	99.998	0.000	0.000	0.000	1783093115.737
422	100.000	4.717	99.998	0.000	0.000	0.000	1783093115.912
423	100.000	2.207	100.004	0.000	0.000	0.000	1783093116.094
424	100.000	-2.270	99.999	0.000	0.000	0.000	1783093116.211
425	100.000	-3.754	99.998	0.000	0.000	0.000	1783093116.386
426	100.000	-5.250	100.000	0.000	0.000	0.000	1783093116.512
427	100.000	-4.119	99.999	0.000	0.000	0.000	1783093116.646
428	100.000	-1.940	100.000	0.000	0.000	0.000	1783093116.780
429	100.000	0.248	100.005	0.000	0.000	0.000	1783093116.959
430	100.000	3.945	100.001	0.000	0.000	0.000	1783093117.095
431	100.000	4.332	100.000	0.000	0.000	0.000	1783093117.286
432	100.000	3.709	100.003	0.000	0.000	0.000	1783093117.479
433	100.000	0.596	100.001	0.000	0.000	0.000	1783093117.664
434	100.000	-3.406	100.003	0.000	0.000	0.000	1783093117.832
435	100.000	-4.324	99.998	0.000	0.000	0.000	1783093117.968
436	100.000	-2.957	99.998	0.000	0.000	0.000	1783093118.149
437	100.000	-1.077	99.991	0.000	0.000	0.000	1783093118.346
438	100.000	1.053	100.001	0.000	0.000	0.000	1783093118.528
439	100.000	3.597	99.996	0.000	0.000	0.000	1783093118.653
440	100.000	4.388	100.004	0.000	0.000	0.000	1783093118.841
441	100.000	2.439	100.002	0.000	0.000	0.000	1783093119.033
442	100.000	-1.396	100.001	0.000	0.000	0.000	1783093119.227
443	100.000	-4.813	99.995	0.000	0.000	0.000	1783093119.404
444	100.000	-3.544	100.002	0.000	0.000	0.000	1783093119.580
445	100.000	-1.752	99.999	0.000	0.000	0.000	1783093119.700
446	100.000	0.297	100.000	0.000	0.000	0.000	1783093119.902
447	100.000	2.139	100.001	0.000	0.000	0.000	1783093120.091
448	100.000	4.360	99.996	0.000	0.000	0.000	1783093120.275
449	100.000	2.618	99.998	0.000	0.000	0.000	1783093120.405
450	100.000	0.051	100.002	0.000	0.000	0.000	1783093120.606
451	100.000	-3.470	99.997	0.000	0.000	0.000	1783093120.785
452	100.000	-4.222	100.002	0.000	0.000	0.000	1783093120.977
453	100.000	-2.705	99.998	0.000	0.000	0.000	1783093121.152
454	100.000	-0.013	100.007	0.000	0.000	0.000	1783093121.269
455	100.000	1.647	99.999	0.000	0.000	0.000	1783093121.394
456	100.000	3.328	100.001	0.000	0.000	0.000	1783093121.521
457	100.000	4.111	100.000	0.000	0.000	0.000	1783093121.660
458	100.000	4.051	99.994	0.000	0.000	0.000	1783093121.837
459	100.000	1.451	100.001	0.000	0.000	0.000	1783093121.955
460	100.000	-0.885	100.005	0.000	0.000	0.000	1783093122.154
461	100.000	-2.476	99.998	0.000	0.000	0.000	1783093122.348
462	100.000	-3.148	99.999	0.000	0.000	0.000	1783093122.530
463	100.000	-1.378	99.997	0.000	0.000	0.000	1783093122.711
464	100.000	1.594	99.999	0.000	0.000	0.000	1783093122.898
465	100.000	4.223	100.000	0.000	0.000	0.000	1783093123.017
466	100.000	4.745	100.001	0.000	0.000	0.000	1783093123.226
467	100.000	3.314	99.999	0.000	0.000	0.000	1783093123.410
468	100.000	-0.285	99.999	0.000	0.000	0.000	1783093123.585
469	100.000	-3.353	99.996	0.000	0.000	0.000	1783093123.707
470	100.000	-3.913	99.996	0.000	0.000	0.000	1783093123.911
471	100.000	-2.307	99.999	0.000	0.000	0.000	1783093124.093
472	100.000	0.407	99.997	0.000	0.000	0.000	1783093124.272
473	100.000	3.271	100.001	0.000	0.000	0.000	1783093124.398
474	100.000	4.942	100.001	0.000	0.000	0.000	1783093124.584
475	100.000	4.177	99.998	0.000	0.000	0.000	1783093124.788
476	100.000	1.233	100.004	0.000	0.000	0.000	1783093124.970
477	100.000	-2.613	100.000	0.000	0.000	0.000	1783093125.156
478	100.000	-3.827	99.999	0.000	0.000	0.000	1783093125.284
479	100.000	-4.114	99.999	0.000	0.000	0.000	1783093125.482
480	100.000	-1.195	99.999	0.000	0.000	0.000	1783093125.664
481	100.000	1.967	99.998	0.000	0.000	0.000	1783093125.841
482	100.000	3.647	99.997	0.000	0.000	0.000	1783093126.014
483	100.000	4.773	100.000	0.000	0.000	0.000	1783093126.157
484	100.000	2.952	100.000	0.000	0.000	0.000	1783093126.347
485	100.000	-0.578	99.997	0.000	0.000	0.000	1783093126.541
486	100.000	-4.381	100.001	0.000	0.000	0.000	1783093126.719
487	100.000	-4.446	100.002	0.000	0.000	0.000	1783093126.837
488	100.000	-2.497	99.996	0.000	0.000	0.000	1783093127.043
489	100.000	0.646	100.000	0.000	0.000	0.000	1783093127.227
490	100.000	2.696	99.999	0.000	0.000	0.000	1783093127.402
491	100.000	4.403	100.004	0.000	0.000	0.000	1783093127.577
492	100.000	4.017	100.003	0.000	0.000	0.000	1783093127.701
493	100.000	1.481	99.996	0.000	0.000	0.000	1783093127.910
494	100.000	-2.439	100.001	0.000	0.000	0.000	1783093128.099
495	100.000	-3.458	100.003	0.000	0.000	0.000	1783093128.279
496	100.000	-3.063	99.996	0.000	0.000	0.000	1783093128.454
497	100.000	-0.308	100.000	0.000	0.000	0.000	1783093128.575
498	100.000	1.901	100.000	0.000	0.000	0.000	1783093128.780
499	100.000	3.859	99.999	0.000	0.000	0.000	1783093128.966
500	100.000	4.181	100.004	0.000	0.000	0.000	1783093129.143
501	100.000	2.535	100.001	0.000	0.000	0.000	1783093129.264
502	100.000	-0.096	99.997	0.000	0.000	0.000	1783093129.465
503	100.000	-2.437	99.996	0.000	0.000	0.000	1783093129.661
504	100.000	-3.258	100.000	0.000	0.000	0.000	1783093129.842
505	100.000	-1.524	100.000	0.000	0.000	0.000	1783093130.027
506	100.000	0.911	100.002	0.000	0.000	0.000	1783093130.202
507	100.000	3.575	99.998	0.000	0.000	0.000	1783093130.350
508	100.000	4.549	100.003	0.000	0.000	0.000	1783093130.526
509	100.000	3.363	99.997	0.000	0.000	0.000	1783093130.712
510	100.000	-0.182	99.999	0.000	0.000	0.000	1783093130.888
511	100.000	-2.091	100.001	0.000	0.000	0.000	1783093131.030
512	100.000	-3.893	99.996	0.000	0.000	0.000	1783093131.216
513	100.000	-2.713	100.000	0.000	0.000	0.000	1783093131.410
514	100.000	-0.384	100.000	0.000	0.000	0.000	1783093131.587
515	100.000	2.330	100.000	0.000	0.000	0.000	1783093131.762
516	100.000	4.385	99.997	0.000	0.000	0.000	1783093131.887
517	100.000	4.030	100.001	0.000	0.000	0.000	1783093132.091
518	100.000	1.651	100.000	0.000	0.000	0.000	1783093132.272
519	100.000	-1.557	99.996	0.000	0.000	0.000	1783093132.449
520	100.000	-3.864	99.999	0.000	0.000	0.000	1783093132.572
521	100.000	-4.052	100.004	0.000	0.000	0.000	1783093132.775
522	100.000	-1.643	99.999	0.000	0.000	0.000	1783093132.969
523	100.000	1.315	99.999	0.000	0.000	0.000	1783093133.086
524	100.000	2.704	100.000	0.000	0.000	0.000	1783093133.211
525	100.000	4.082	100.000	0.000	0.000	0.000	1783093133.337
526	100.000	3.896	100.001	0.000	0.000	0.000	1783093133.476
527	100.000	3.022	99.997	0.000	0.000	0.000	1783093133.657
528	100.000	-0.318	100.001	0.000	0.000	0.000	1783093133.834
529	100.000	-2.845	100.002	0.000	0.000	0.000	1783093133.959
530	100.000	-3.771	99.999	0.000	0.000	0.000	1783093134.162
531	100.000	-2.699	100.000	0.000	0.000	0.000	1783093134.347
532	100.000	-0.239	99.999	0.000	0.000	0.000	1783093134.523
533	100.000	2.412	99.999	0.000	0.000	0.000	1783093134.645
534	100.000	3.571	100.000	0.000	0.000	0.000	1783093134.854
535	100.000	3.195	100.002	0.000	0.000	0.000	1783093135.032
536	100.000	1.715	99.998	0.000	0.000	0.000	1783093135.226
537	100.000	-1.295	99.998	0.000	0.000	0.000	1783093135.396
538	100.000	-4.226	100.002	0.000	0.000	0.000	1783093135.512
539	100.000	-3.802	100.004	0.000	0.000	0.000	1783093135.636
540	100.000	-2.699	100.002	0.000	0.000	0.000	1783093135.759
541	100.000	-0.524	100.002	0.000	0.000	0.000	1783093135.914
542	100.000	1.484	99.998	0.000	0.000	0.000	1783093136.093
543	100.000	3.352	100.003	0.000	0.000	0.000	1783093136.268
544	100.000	4.296	99.998	0.000	0.000	0.000	1783093136.387
545	100.000	3.200	99.997	0.000	0.000	0.000	1783093136.583
546	100.000	-0.475	100.000	0.000	0.000	0.000	1783093136.774
547	100.000	-2.896	100.002	0.000	0.000	0.000	1783093136.963
548	100.000	-3.180	99.998	0.000	0.000	0.000	1783093137.141
549	100.000	-2.035	100.001	0.000	0.000	0.000	1783093137.260
550	100.000	0.045	99.996	0.000	0.000	0.000	1783093137.386
551	100.000	1.413	100.002	0.000	0.000	0.000	1783093137.522
552	100.000	2.938	100.002	0.000	0.000	0.000	1783093137.652
553	100.000	3.407	99.998	0.000	0.000	0.000	1783093137.835
554	100.000	2.918	99.999	0.000	0.000	0.000	1783093138.013
555	100.000	0.518	100.001	0.000	0.000	0.000	1783093138.155
556	100.000	-1.660	99.999	0.000	0.000	0.000	1783093138.273
557	100.000	-2.272	100.001	0.000	0.000	0.000	1783093138.430
558	100.000	-3.162	100.001	0.000	0.000	0.000	1783093138.553
559	100.000	-2.406	100.000	0.000	0.000	0.000	1783093138.702
560	100.000	-0.373	100.002	0.000	0.000	0.000	1783093138.882
561	100.000	2.134	99.999	0.000	0.000	0.000	1783093139.016
562	100.000	3.238	100.003	0.000	0.000	0.000	1783093139.209
563	100.000	3.570	100.004	0.000	0.000	0.000	1783093139.387
564	100.000	2.058	100.000	0.000	0.000	0.000	1783093139.564
565	100.000	-1.134	99.996	0.000	0.000	0.000	1783093139.694
566	100.000	-2.532	100.001	0.000	0.000	0.000	1783093139.889
567	100.000	-2.916	100.000	0.000	0.000	0.000	1783093140.084
568	100.000	-1.405	99.999	0.000	0.000	0.000	1783093140.261
569	100.000	1.049	99.999	0.000	0.000	0.000	1783093140.378
570	100.000	2.668	100.003	0.000	0.000	0.000	1783093140.500
571	100.000	3.662	100.001	0.000	0.000	0.000	1783093140.627
572	100.000	4.046	99.997	0.000	0.000	0.000	1783093140.774
573	100.000	3.166	100.001	0.000	0.000	0.000	1783093140.950
574	100.000	0.454	100.001	0.000	0.000	0.000	1783093141.136
575	100.000	-1.988	99.996	0.000	0.000	0.000	1783093141.315
576	100.000	-3.100	100.002	0.000	0.000	0.000	1783093141.457
577	100.000	-2.045	100.000	0.000	0.000	0.000	1783093141.642
578	100.000	-0.661	100.002	0.000	0.000	0.000	1783093141.834
579	100.000	1.392	99.995	0.000	0.000	0.000	1783093142.010
580	100.000	2.718	100.002	0.000	0.000	0.000	1783093142.186
581	100.000	3.110	100.003	0.000	0.000	0.000	1783093142.316
582	100.000	1.843	100.001	0.000	0.000	0.000	1783093142.513
583	100.000	-0.618	99.996	0.000	0.000	0.000	1783093142.694
584	100.000	-2.537	100.000	0.000	0.000	0.000	1783093142.871
585	100.000	-2.876	99.998	0.000	0.000	0.000	1783093143.003
586	100.000	-1.426	100.000	0.000	0.000	0.000	1783093143.202
587	100.000	0.771	100.003	0.000	0.000	0.000	1783093143.386
588	100.000	2.272	100.004	0.000	0.000	0.000	1783093143.569
589	100.000	3.473	99.998	0.000	0.000	0.000	1783093143.744
590	100.000	2.735	99.994	0.000	0.000	0.000	1783093143.868
591	100.000	0.693	100.002	0.000	0.000	0.000	1783093144.035
592	100.000	-2.576	100.000	0.000	0.000	0.000	1783093144.242
593	100.000	-2.845	100.000	0.000	0.000	0.000	1783093144.426
594	100.000	-1.851	100.002	0.000	0.000	0.000	1783093144.619
595	100.000	-0.104	99.999	0.000	0.000	0.000	1783093144.758
596	100.000	1.951	100.002	0.000	0.000	0.000	1783093144.940
597	100.000	3.014	100.001	0.000	0.000	0.000	1783093145.118
598	100.000	2.965	100.001	0.000	0.000	0.000	1783093145.247
599	100.000	1.543	99.998	0.000	0.000	0.000	1783093145.423
600	100.000	-1.408	99.998	0.000	0.000	0.000	1783093145.638
601	100.000	-3.800	100.001	0.000	0.000	0.000	1783093145.821
602	100.000	-3.264	100.002	0.000	0.000	0.000	1783093145.961
603	100.000	-1.659	99.999	0.000	0.000	0.000	1783093146.147
604	100.000	1.010	100.000	0.000	0.000	0.000	1783093146.336
605	100.000	3.100	100.000	0.000	0.000	0.000	1783093146.519
606	100.000	3.175	100.001	0.000	0.000	0.000	1783093146.695
607	100.000	2.321	100.000	0.000	0.000	0.000	1783093146.832
608	100.000	0.507	99.994	0.000	0.000	0.000	1783093147.035
609	100.000	-2.268	100.000	0.000	0.000	0.000	1783093147.212
610	100.000	-3.791	100.003	0.000	0.000	0.000	1783093147.391
611	100.000	-2.302	99.999	0.000	0.000	0.000	1783093147.509
612	100.000	-0.913	99.999	0.000	0.000	0.000	1783093147.634
613	100.000	1.216	100.000	0.000	0.000	0.000	1783093147.756
614	100.000	2.174	100.004	0.000	0.000	0.000	1783093147.900
615	100.000	3.453	99.998	0.000	0.000	0.000	1783093148.073
616	100.000	3.251	100.000	0.000	0.000	0.000	1783093148.194
617	100.000	2.115	100.002	0.000	0.000	0.000	1783093148.317
618	100.000	0.213	99.999	0.000	0.000	0.000	1783093148.442
619	100.000	-1.265	100.001	0.000	0.000	0.000	1783093148.591
620	100.000	-3.049	100.001	0.000	0.000	0.000	1783093148.781
621	100.000	-3.228	99.997	0.000	0.000	0.000	1783093148.958
622	100.000	-1.107	99.999	0.000	0.000	0.000	1783093149.139
623	100.000	1.643	100.003	0.000	0.000	0.000	1783093149.316
624	100.000	3.472	99.998	0.000	0.000	0.000	1783093149.454
625	100.000	3.905	100.003	0.000	0.000	0.000	1783093149.639
626	100.000	2.522	99.999	0.000	0.000	0.000	1783093149.824
627	100.000	-0.391	99.996	0.000	0.000	0.000	1783093150.002
628	100.000	-2.383	100.001	0.000	0.000	0.000	1783093150.129
629	100.000	-2.972	99.999	0.000	0.000	0.000	1783093150.327
630	100.000	-2.223	99.997	0.000	0.000	0.000	1783093150.526
631	100.000	0.218	99.996	0.000	0.000	0.000	1783093150.699
632	100.000	2.301	100.001	0.000	0.000	0.000	1783093150.883
633	100.000	3.798	99.996	0.000	0.000	0.000	1783093151.065
634	100.000	2.866	100.002	0.000	0.000	0.000	1783093151.206
635	100.000	1.009	100.000	0.000	0.000	0.000	1783093151.391
636	100.000	-1.657	99.998	0.000	0.000	0.000	1783093151.572
637	100.000	-2.994	100.001	0.000	0.000	0.000	1783093151.750
638	100.000	-2.462	100.001	0.000	0.000	0.000	1783093151.872
639	100.000	-0.896	99.999	0.000	0.000	0.000	1783093152.077
640	100.000	0.895	100.000	0.000	0.000	0.000	1783093152.270
641	100.000	2.408	100.002	0.000	0.000	0.000	1783093152.448
642	100.000	3.111	99.998	0.000	0.000	0.000	1783093152.623
643	100.000	2.040	99.998	0.000	0.000	0.000	1783093152.747
644	100.000	0.356	99.999	0.000	0.000	0.000	1783093152.947
645	100.000	-2.611	99.999	0.000	0.000	0.000	1783093153.143
646	100.000	-2.286	99.998	0.000	0.000	0.000	1783093153.321
647	100.000	-0.940	99.999	0.000	0.000	0.000	1783093153.461
648	100.000	0.632	99.999	0.000	0.000	0.000	1783093153.641
649	100.000	2.133	100.000	0.000	0.000	0.000	1783093153.832
650	100.000	3.093	100.002	0.000	0.000	0.000	1783093154.024
651	100.000	2.259	99.996	0.000	0.000	0.000	1783093154.197
652	100.000	0.047	99.998	0.000	0.000	0.000	1783093154.320
653	100.000	-2.078	99.995	0.000	0.000	0.000	1783093154.524
654	100.000	-3.057	100.000	0.000	0.000	0.000	1783093154.708
655	100.000	-1.708	99.996	0.000	0.000	0.000	1783093154.885
656	100.000	0.646	99.998	0.000	0.000	0.000	1783093155.007
657	100.000	2.789	99.999	0.000	0.000	0.000	1783093155.210
658	100.000	3.408	99.998	0.000	0.000	0.000	1783093155.393
659	100.000	3.027	100.001	0.000	0.000	0.000	1783093155.573
660	100.000	0.652	99.998	0.000	0.000	0.000	1783093155.742
661	100.000	-1.887	100.001	0.000	0.000	0.000	1783093155.885
662	100.000	-2.556	100.001	0.000	0.000	0.000	1783093156.009
663	100.000	-2.693	99.999	0.000	0.000	0.000	1783093156.151
664	100.000	-1.726	100.003	0.000	0.000	0.000	1783093156.283
665	100.000	-0.215	99.996	0.000	0.000	0.000	1783093156.463
666	100.000	1.835	99.999	0.000	0.000	0.000	1783093156.598
667	100.000	3.789	100.002	0.000	0.000	0.000	1783093156.790
668	100.000	3.758	100.001	0.000	0.000	0.000	1783093156.966
669	100.000	2.147	100.002	0.000	0.000	0.000	1783093157.084
670	100.000	0.381	100.002	0.000	0.000	0.000	1783093157.209
671	100.000	-1.021	100.003	0.000	0.000	0.000	1783093157.335
672	100.000	-2.084	100.000	0.000	0.000	0.000	1783093157.485
673	100.000	-3.267	99.998	0.000	0.000	0.000	1783093157.661
674	100.000	-1.213	100.000	0.000	0.000	0.000	1783093157.843
675	100.000	1.572	99.998	0.000	0.000	0.000	1783093158.027
676	100.000	4.329	99.996	0.000	0.000	0.000	1783093158.150
677	100.000	4.862	100.001	0.000	0.000	0.000	1783093158.351
678	100.000	4.062	99.998	0.000	0.000	0.000	1783093158.532
679	100.000	1.324	100.003	0.000	0.000	0.000	1783093158.715
680	100.000	-1.239	99.996	0.000	0.000	0.000	1783093158.891
681	100.000	-2.624	99.997	0.000	0.000	0.000	1783093159.023
682	100.000	-2.084	100.000	0.000	0.000	0.000	1783093159.231
683	100.000	0.100	100.002	0.000	0.000	0.000	1783093159.409
684	100.000	2.923	99.997	0.000	0.000	0.000	1783093159.592
685	100.000	4.325	100.002	0.000	0.000	0.000	1783093159.770
686	100.000	4.007	99.999	0.000	0.000	0.000	1783093159.899
687	100.000	2.538	99.998	0.000	0.000	0.000	1783093160.098
688	100.000	-0.459	100.000	0.000	0.000	0.000	1783093160.277
689	100.000	-2.315	99.998	0.000	0.000	0.000	1783093160.452
690	100.000	-2.002	100.002	0.000	0.000	0.000	1783093160.590
691	100.000	-1.071	99.995	0.000	0.000	0.000	1783093160.781
692	100.000	1.551	100.004	0.000	0.000	0.000	1783093160.984
693	100.000	3.573	100.004	0.000	0.000	0.000	1783093161.158
694	100.000	4.028	99.999	0.000	0.000	0.000	1783093161.341
695	100.000	2.823	100.000	0.000	0.000	0.000	1783093161.519
696	100.000	0.153	100.000	0.000	0.000	0.000	1783093161.646
697	100.000	-2.219	99.993	0.000	0.000	0.000	1783093161.849
698	100.000	-2.935	100.004	0.000	0.000	0.000	1783093162.029
699	100.000	-1.504	100.003	0.000	0.000	0.000	1783093162.208
700	100.000	0.552	100.000	0.000	0.000	0.000	1783093162.344
701	100.000	2.652	100.001	0.000	0.000	0.000	1783093162.536
702	100.000	4.253	100.004	0.000	0.000	0.000	1783093162.725
703	100.000	3.389	99.998	0.000	0.000	0.000	1783093162.909
704	100.000	1.581	100.000	0.000	0.000	0.000	1783093163.083
705	100.000	-1.330	100.001	0.000	0.000	0.000	1783093163.217
706	100.000	-2.454	100.001	0.000	0.000	0.000	1783093163.392
707	100.000	-2.125	100.002	0.000	0.000	0.000	1783093163.591
708	100.000	-0.388	99.997	0.000	0.000	0.000	1783093163.781
709	100.000	2.526	100.003	0.000	0.000	0.000	1783093163.956
710	100.000	4.059	100.002	0.000	0.000	0.000	1783093164.094
711	100.000	4.510	100.001	0.000	0.000	0.000	1783093164.286
712	100.000	3.160	100.001	0.000	0.000	0.000	1783093164.477
713	100.000	0.152	100.000	0.000	0.000	0.000	1783093164.655
714	100.000	-2.748	99.998	0.000	0.000	0.000	1783093164.770
715	100.000	-3.114	100.000	0.000	0.000	0.000	1783093164.893
716	100.000	-2.293	99.998	0.000	0.000	0.000	1783093165.017
717	100.000	-1.284	99.998	0.000	0.000	0.000	1783093165.157
718	100.000	0.695	100.000	0.000	0.000	0.000	1783093165.339
719	100.000	2.780	99.996	0.000	0.000	0.000	1783093165.523
720	100.000	4.017	100.002	0.000	0.000	0.000	1783093165.651
721	100.000	3.581	100.002	0.000	0.000	0.000	1783093165.847
722	100.000	1.505	100.005	0.000	0.000	0.000	1783093166.032
723	100.000	-0.883	99.999	0.000	0.000	0.000	1783093166.227
724	100.000	-2.514	100.003	0.000	0.000	0.000	1783093166.404
725	100.000	-2.577	100.001	0.000	0.000	0.000	1783093166.580
726	100.000	-0.215	100.000	0.000	0.000	0.000	1783093166.705
727	100.000	1.806	99.998	0.000	0.000	0.000	1783093166.907
728	100.000	3.872	100.003	0.000	0.000	0.000	1783093167.092
729	100.000	4.016	100.003	0.000	0.000	0.000	1783093167.267
730	100.000	2.070	99.999	0.000	0.000	0.000	1783093167.398
731	100.000	-0.766	99.996	0.000	0.000	0.000	1783093167.596
732	100.000	-3.495	100.002	0.000	0.000	0.000	1783093167.783
733	100.000	-3.235	99.997	0.000	0.000	0.000	1783093167.964
734	100.000	-1.397	100.001	0.000	0.000	0.000	1783093168.150
735	100.000	0.894	100.002	0.000	0.000	0.000	1783093168.326
736	100.000	3.324	100.001	0.000	0.000	0.000	1783093168.465
737	100.000	4.613	100.001	0.000	0.000	0.000	1783093168.656
738	100.000	2.958	100.005	0.000	0.000	0.000	1783093168.836
739	100.000	-0.193	100.001	0.000	0.000	0.000	1783093169.013
740	100.000	-2.428	99.999	0.000	0.000	0.000	1783093169.149
741	100.000	-3.681	100.004	0.000	0.000	0.000	1783093169.276
742	100.000	-2.949	100.002	0.000	0.000	0.000	1783093169.408
743	100.000	-2.222	100.000	0.000	0.000	0.000	1783093169.528
744	100.000	-0.060	100.001	0.000	0.000	0.000	1783093169.659
745	100.000	1.757	100.000	0.000	0.000	0.000	1783093169.853
746	100.000	3.370	100.003	0.000	0.000	0.000	1783093170.047
747	100.000	3.632	100.002	0.000	0.000	0.000	1783093170.222
748	100.000	1.397	100.001	0.000	0.000	0.000	1783093170.341
749	100.000	-1.466	100.000	0.000	0.000	0.000	1783093170.467
750	100.000	-2.808	100.001	0.000	0.000	0.000	1783093170.593
751	100.000	-3.664	99.999	0.000	0.000	0.000	1783093170.740
752	100.000	-3.203	100.000	0.000	0.000	0.000	1783093170.918
753	100.000	-1.461	99.997	0.000	0.000	0.000	1783093171.098
754	100.000	1.462	100.003	0.000	0.000	0.000	1783093171.214
755	100.000	2.896	99.999	0.000	0.000	0.000	1783093171.340
756	100.000	4.205	100.000	0.000	0.000	0.000	1783093171.482
757	100.000	4.074	100.006	0.000	0.000	0.000	1783093171.618
758	100.000	2.512	99.997	0.000	0.000	0.000	1783093171.803
759	100.000	-0.368	100.000	0.000	0.000	0.000	1783093171.980
760	100.000	-2.932	100.004	0.000	0.000	0.000	1783093172.116
761	100.000	-2.158	100.002	0.000	0.000	0.000	1783093172.311
762	100.000	-1.677	99.997	0.000	0.000	0.000	1783093172.488
763	100.000	0.706	99.998	0.000	0.000	0.000	1783093172.608
764	100.000	2.155	100.001	0.000	0.000	0.000	1783093172.810
765	100.000	4.080	99.999	0.000	0.000	0.000	1783093173.007
766	100.000	3.605	100.001	0.000	0.000	0.000	1783093173.187
767	100.000	1.265	100.002	0.000	0.000	0.000	1783093173.362
768	100.000	-1.661	100.003	0.000	0.000	0.000	1783093173.486
769	100.000	-3.348	99.999	0.000	0.000	0.000	1783093173.688
770	100.000	-3.403	100.000	0.000	0.000	0.000	1783093173.874
771	100.000	-0.669	100.005	0.000	0.000	0.000	1783093174.050
772	100.000	2.026	100.001	0.000	0.000	0.000	1783093174.173
773	100.000	3.402	99.999	0.000	0.000	0.000	1783093174.377
774	100.000	3.791	99.999	0.000	0.000	0.000	1783093174.560
775	100.000	2.169	100.003	0.000	0.000	0.000	1783093174.737
776	100.000	-0.535	100.001	0.000	0.000	0.000	1783093174.860
777	100.000	-2.442	99.997	0.000	0.000	0.000	1783093175.049
778	100.000	-3.536	100.003	0.000	0.000	0.000	1783093175.250
779	100.000	-1.404	100.003	0.000	0.000	0.000	1783093175.434
780	100.000	0.782	99.997	0.000	0.000	0.000	1783093175.621
781	100.000	2.564	100.002	0.000	0.000	0.000	1783093175.800
782	100.000	3.141	100.001	0.000	0.000	0.000	1783093175.947
783	100.000	2.908	99.998	0.000	0.000	0.000	1783093176.126
784	100.000	0.759	100.004	0.000	0.000	0.000	1783093176.308
785	100.000	-1.939	99.998	0.000	0.000	0.000	1783093176.485
786	100.000	-2.362	99.997	0.000	0.000	0.000	1783093176.608
787	100.000	-2.736	100.005	0.000	0.000	0.000	1783093176.792
788	100.000	-0.926	100.008	0.000	0.000	0.000	1783093176.921
789	100.000	0.704	100.000	0.000	0.000	0.000	1783093177.043
790	100.000	2.291	100.003	0.000	0.000	0.000	1783093177.181
791	100.000	3.371	99.999	0.000	0.000	0.000	1783093177.359
792	100.000	3.018	100.000	0.000	0.000	0.000	1783093177.484
793	100.000	2.000	99.994	0.000	0.000	0.000	1783093177.683
794	100.000	-0.758	100.002	0.000	0.000	0.000	1783093177.806
795	100.000	-1.954	99.996	0.000	0.000	0.000	1783093177.929
796	100.000	-2.438	100.000	0.000	0.000	0.000	1783093178.056
797	100.000	-2.354	100.000	0.000	0.000	0.000	1783093178.177
798	100.000	-1.234	100.005	0.000	0.000	0.000	1783093178.352
799	100.000	0.583	100.000	0.000	0.000	0.000	1783093178.491
800	100.000	2.265	99.998	0.000	0.000	0.000	1783093178.680
801	100.000	3.601	99.999	0.000	0.000	0.000	1783093178.805
802	100.000	3.699	99.996	0.000	0.000	0.000	1783093178.934
803	100.000	2.912	100.000	0.000	0.000	0.000	1783093179.052
804	100.000	0.983	99.999	0.000	0.000	0.000	1783093179.252
805	100.000	-1.620	100.000	0.000	0.000	0.000	1783093179.441
806	100.000	-2.213	99.996	0.000	0.000	0.000	1783093179.622
807	100.000	-1.343	99.999	0.000	0.000	0.000	1783093179.799
808	100.000	0.198	100.004	0.000	0.000	0.000	1783093179.929
809	100.000	2.134	100.004	0.000	0.000	0.000	1783093180.145
810	100.000	4.171	100.001	0.000	0.000	0.000	1783093180.314
811	100.000	3.747	100.001	0.000	0.000	0.000	1783093180.504
812	100.000	1.462	100.000	0.000	0.000	0.000	1783093180.686
813	100.000	-1.148	100.000	0.000	0.000	0.000	1783093180.861
814	100.000	-2.608	100.003	0.000	0.000	0.000	1783093180.995
815	100.000	-2.807	99.996	0.000	0.000	0.000	1783093181.188
816	100.000	-0.948	99.998	0.000	0.000	0.000	1783093181.370
817	100.000	2.004	99.999	0.000	0.000	0.000	1783093181.487
818	100.000	3.331	100.001	0.000	0.000	0.000	1783093181.612
819	100.000	4.051	100.005	0.000	0.000	0.000	1783093181.737
820	100.000	3.627	99.999	0.000	0.000	0.000	1783093181.889
821	100.000	2.552	100.002	0.000	0.000	0.000	1783093182.064
822	100.000	-0.330	100.001	0.000	0.000	0.000	1783093182.247
823	100.000	-2.522	100.002	0.000	0.000	0.000	1783093182.432
824	100.000	-3.279	99.996	0.000	0.000	0.000	1783093182.554
825	100.000	-2.186	99.997	0.000	0.000	0.000	1783093182.760
826	100.000	0.287	99.993	0.000	0.000	0.000	1783093182.932
827	100.000	2.346	99.996	0.000	0.000	0.000	1783093183.048
828	100.000	3.141	99.998	0.000	0.000	0.000	1783093183.175
829	100.000	3.468	99.998	0.000	0.000	0.000	1783093183.302
830	100.000	2.537	100.003	0.000	0.000	0.000	1783093183.442
831	100.000	0.524	100.002	0.000	0.000	0.000	1783093183.638
832	100.000	-1.464	100.004	0.000	0.000	0.000	1783093183.812
833	100.000	-2.390	100.003	0.000	0.000	0.000	1783093183.996
834	100.000	-2.416	100.002	0.000	0.000	0.000	1783093184.172
835	100.000	0.243	99.996	0.000	0.000	0.000	1783093184.302
836	100.000	2.138	100.003	0.000	0.000	0.000	1783093184.503
837	100.000	3.881	99.997	0.000	0.000	0.000	1783093184.681
838	100.000	3.384	99.994	0.000	0.000	0.000	1783093184.858
839	100.000	1.386	100.001	0.000	0.000	0.000	1783093184.994
840	100.000	-1.234	100.001	0.000	0.000	0.000	1783093185.187
841	100.000	-3.046	99.998	0.000	0.000	0.000	1783093185.388
842	100.000	-2.853	99.997	0.000	0.000	0.000	1783093185.562
843	100.000	-0.726	99.997	0.000	0.000	0.000	1783093185.741
844	100.000	1.492	100.003	0.000	0.000	0.000	1783093185.860
845	100.000	2.939	100.002	0.000	0.000	0.000	1783093185.983
846	100.000	3.164	100.001	0.000	0.000	0.000	1783093186.110
847	100.000	3.732	100.008	0.000	0.000	0.000	1783093186.251
848	100.000	2.250	100.001	0.000	0.000	0.000	1783093186.426
849	100.000	-0.183	100.002	0.000	0.000	0.000	1783093186.546
850	100.000	-1.526	100.001	0.000	0.000	0.000	1783093186.741
851	100.000	-2.572	100.002	0.000	0.000	0.000	1783093186.936
852	100.000	-2.105	100.001	0.000	0.000	0.000	1783093187.129
853	100.000	0.576	100.001	0.000	0.000	0.000	1783093187.314
854	100.000	3.047	100.002	0.000	0.000	0.000	1783093187.481
855	100.000	3.904	100.000	0.000	0.000	0.000	1783093187.617
856	100.000	4.255	100.001	0.000	0.000	0.000	1783093187.809
857	100.000	2.046	100.001	0.000	0.000	0.000	1783093187.997
858	100.000	-1.049	99.999	0.000	0.000	0.000	1783093188.180
859	100.000	-2.769	100.000	0.000	0.000	0.000	1783093188.357
860	100.000	-2.132	99.998	0.000	0.000	0.000	1783093188.491
861	100.000	-0.756	99.999	0.000	0.000	0.000	1783093188.684
862	100.000	1.523	99.997	0.000	0.000	0.000	1783093188.877
863	100.000	3.654	100.001	0.000	0.000	0.000	1783093189.053
864	100.000	3.973	100.005	0.000	0.000	0.000	1783093189.182
865	100.000	2.909	99.998	0.000	0.000	0.000	1783093189.387
866	100.000	0.459	99.998	0.000	0.000	0.000	1783093189.568
867	100.000	-1.838	99.998	0.000	0.000	0.000	1783093189.743
868	100.000	-3.528	99.999	0.000	0.000	0.000	1783093189.899
869	100.000	-1.222	100.001	0.000	0.000	0.000	1783093190.081
870	100.000	0.753	100.004	0.000	0.000	0.000	1783093190.264
871	100.000	2.638	99.998	0.000	0.000	0.000	1783093190.380
872	100.000	4.027	100.002	0.000	0.000	0.000	1783093190.580
873	100.000	4.146	99.996	0.000	0.000	0.000	1783093190.756
874	100.000	1.600	100.002	0.000	0.000	0.000	1783093190.952
875	100.000	-1.350	100.000	0.000	0.000	0.000	1783093191.144
876	100.000	-2.959	100.002	0.000	0.000	0.000	1783093191.322
877	100.000	-2.104	99.998	0.000	0.000	0.000	1783093191.441
878	100.000	-0.800	100.001	0.000	0.000	0.000	1783093191.644
879	100.000	1.805	100.002	0.000	0.000	0.000	1783093191.829
880	100.000	4.446	100.001	0.000	0.000	0.000	1783093192.007
881	100.000	4.130	100.001	0.000	0.000	0.000	1783093192.194
882	100.000	2.251	99.999	0.000	0.000	0.000	1783093192.375
883	100.000	-0.402	99.998	0.000	0.000	0.000	1783093192.512
884	100.000	-2.060	99.997	0.000	0.000	0.000	1783093192.707
885	100.000	-1.466	100.002	0.000	0.000	0.000	1783093192.892
886	100.000	-0.386	99.999	0.000	0.000	0.000	1783093193.071
887	100.000	1.160	100.000	0.000	0.000	0.000	1783093193.206
888	100.000	2.307	100.001	0.000	0.000	0.000	1783093193.395
889	100.000	3.001	100.000	0.000	0.000	0.000	1783093193.579
890	100.000	3.007	100.000	0.000	0.000	0.000	1783093193.756
891	100.000	0.598	100.002	0.000	0.000	0.000	1783093193.878
892	100.000	-1.144	99.997	0.000	0.000	0.000	1783093194.081
893	100.000	-2.725	100.001	0.000	0.000	0.000	1783093194.269
894	100.000	-1.486	100.002	0.000	0.000	0.000	1783093194.456
895	100.000	-0.293	100.000	0.000	0.000	0.000	1783093194.632
896	100.000	1.761	100.000	0.000	0.000	0.000	1783093194.757
897	100.000	3.682	100.000	0.000	0.000	0.000	1783093194.960
898	100.000	3.450	99.999	0.000	0.000	0.000	1783093195.148
899	100.000	1.930	100.001	0.000	0.000	0.000	1783093195.332
900	100.000	-0.393	100.001	0.000	0.000	0.000	1783093195.506
901	100.000	-1.852	99.999	0.000	0.000	0.000	1783093195.630
902	100.000	-2.456	99.999	0.000	0.000	0.000	1783093195.839
903	100.000	-1.770	99.997	0.000	0.000	0.000	1783093196.021
904	100.000	0.425	99.996	0.000	0.000	0.000	1783093196.206
905	100.000	1.937	100.003	0.000	0.000	0.000	1783093196.382
906	100.000	3.095	99.999	0.000	0.000	0.000	1783093196.502
907	100.000	2.639	100.000	0.000	0.000	0.000	1783093196.711
908	100.000	0.105	100.004	0.000	0.000	0.000	1783093196.891
909	100.000	-2.636	99.999	0.000	0.000	0.000	1783093197.071
910	100.000	-4.058	99.999	0.000	0.000	0.000	1783093197.199
911	100.000	-3.413	99.999	0.000	0.000	0.000	1783093197.399
912	100.000	-1.200	99.997	0.000	0.000	0.000	1783093197.587
913	100.000	0.961	99.999	0.000	0.000	0.000	1783093197.770
914	100.000	2.376	100.001	0.000	0.000	0.000	1783093197.950
915	100.000	2.681	100.000	0.000	0.000	0.000	1783093198.082
916	100.000	1.276	99.999	0.000	0.000	0.000	1783093198.272
917	100.000	-1.252	99.998	0.000	0.000	0.000	1783093198.460
918	100.000	-4.138	100.004	0.000	0.000	0.000	1783093198.638
919	100.000	-3.454	100.004	0.000	0.000	0.000	1783093198.757
920	100.000	-2.793	99.999	0.000	0.000	0.000	1783093198.939
921	100.000	0.026	100.003	0.000	0.000	0.000	1783093199.137
922	100.000	2.234	100.002	0.000	0.000	0.000	1783093199.332
923	100.000	3.082	99.999	0.000	0.000	0.000	1783093199.509
924	100.000	1.861	100.003	0.000	0.000	0.000	1783093199.694
925	100.000	-0.499	99.997	0.000	0.000	0.000	1783093199.871
926	100.000	-2.901	99.996	0.000	0.000	0.000	1783093200.019
927	100.000	-4.025	100.001	0.000	0.000	0.000	1783093200.194
928	100.000	-2.807	100.002	0.000	0.000	0.000	1783093200.381
929	100.000	-0.551	100.004	0.000	0.000	0.000	1783093200.558
930	100.000	1.186	99.998	0.000	0.000	0.000	1783093200.704
931	100.000	2.605	100.001	0.000	0.000	0.000	1783093200.887
932	100.000	2.470	100.000	0.000	0.000	0.000	1783093201.013
933	100.000	1.326	100.001	0.000	0.000	0.000	1783093201.148
934	100.000	-0.460	100.001	0.000	0.000	0.000	1783093201.271
935	100.000	-2.188	100.000	0.000	0.000	0.000	1783093201.410
936	100.000	-3.110	99.999	0.000	0.000	0.000	1783093201.597
937	100.000	-3.405	100.003	0.000	0.000	0.000	1783093201.772
938	100.000	-1.558	100.006	0.000	0.000	0.000	1783093201.893
939	100.000	0.388	99.998	0.000	0.000	0.000	1783093202.095
940	100.000	2.629	99.998	0.000	0.000	0.000	1783093202.282
941	100.000	3.016	99.999	0.000	0.000	0.000	1783093202.455
942	100.000	1.941	100.002	0.000	0.000	0.000	1783093202.578
943	100.000	0.280	99.998	0.000	0.000	0.000	1783093202.781
944	100.000	-2.815	100.001	0.000	0.000	0.000	1783093202.977
945	100.000	-4.116	99.996	0.000	0.000	0.000	1783093203.157
946	100.000	-3.122	99.999	0.000	0.000	0.000	1783093203.335
947	100.000	-0.691	99.999	0.000	0.000	0.000	1783093203.511
948	100.000	1.992	100.001	0.000	0.000	0.000	1783093203.659
949	100.000	3.098	100.000	0.000	0.000	0.000	1783093203.842
950	100.000	3.585	100.002	0.000	0.000	0.000	1783093204.022
951	100.000	1.032	100.001	0.000	0.000	0.000	1783093204.200
952	100.000	-2.118	100.000	0.000	0.000	0.000	1783093204.337
953	100.000	-3.513	100.002	0.000	0.000	0.000	1783093204.538
954	100.000	-4.760	100.000	0.000	0.000	0.000	1783093204.718
955	100.000	-2.338	99.997	0.000	0.000	0.000	1783093204.905
956	100.000	1.379	100.002	0.000	0.000	0.000	1783093205.075
957	100.000	3.522	100.000	0.000	0.000	0.000	1783093205.210
958	100.000	4.321	99.997	0.000	0.000	0.000	1783093205.404
959	100.000	2.954	99.995	0.000	0.000	0.000	1783093205.589
960	100.000	-0.548	100.000	0.000	0.000	0.000	1783093205.769
961	100.000	-3.857	99.999	0.000	0.000	0.000	1783093205.915
962	100.000	-4.041	100.003	0.000	0.000	0.000	1783093206.105
963	100.000	-3.055	99.999	0.000	0.000	0.000	1783093206.296
964	100.000	-0.082	100.000	0.000	0.000	0.000	1783093206.472
965	100.000	2.993	99.996	0.000	0.000	0.000	1783093206.608
966	100.000	4.904	99.999	0.000	0.000	0.000	1783093206.806
967	100.000	4.062	99.999	0.000	0.000	0.000	1783093206.993
968	100.000	0.731	100.006	0.000	0.000	0.000	1783093207.132
969	100.000	-2.150	100.008	0.000	0.000	0.000	1783093207.321
970	100.000	-3.677	100.005	0.000	0.000	0.000	1783093207.495
971	100.000	-4.112	99.998	0.000	0.000	0.000	1783093207.620
972	100.000	-2.138	99.999	0.000	0.000	0.000	1783093207.757
973	100.000	0.176	99.998	0.000	0.000	0.000	1783093207.880
974	100.000	2.540	99.998	0.000	0.000	0.000	1783093208.028
975	100.000	4.571	100.000	0.000	0.000	0.000	1783093208.204
976	100.000	4.886	99.997	0.000	0.000	0.000	1783093208.383
977	100.000	3.251	100.000	0.000	0.000	0.000	1783093208.519
978	100.000	0.435	100.003	0.000	0.000	0.000	1783093208.713
979	100.000	-3.395	100.000	0.000	0.000	0.000	1783093208.888
980	100.000	-4.760	100.000	0.000	0.000	0.000	1783093209.007
981	100.000	-3.593	100.004	0.000	0.000	0.000	1783093209.203
982	100.000	-0.573	100.004	0.000	0.000	0.000	1783093209.398
983	100.000	3.083	100.001	0.000	0.000	0.000	1783093209.576
984	100.000	5.026	100.002	0.000	0.000	0.000	1783093209.695
985	100.000	4.385	100.002	0.000	0.000	0.000	1783093209.820
986	100.000	3.751	99.997	0.000	0.000	0.000	1783093209.944
987	100.000	0.980	99.997	0.000	0.000	0.000	1783093210.082
988	100.000	-1.941	99.999	0.000	0.000	0.000	1783093210.274
989	100.000	-4.453	99.996	0.000	0.000	0.000	1783093210.459
990	100.000	-4.676	100.003	0.000	0.000	0.000	1783093210.641
991	100.000	-1.840	100.004	0.000	0.000	0.000	1783093210.782
992	100.000	1.936	100.001	0.000	0.000	0.000	1783093210.966
993	100.000	4.666	100.004	0.000	0.000	0.000	1783093211.148
994	100.000	5.142	99.994	0.000	0.000	0.000	1783093211.326
995	100.000	3.184	100.001	0.000	0.000	0.000	1783093211.452
996	100.000	-0.209	99.999	0.000	0.000	0.000	1783093211.640
997	100.000	-3.722	100.001	0.000	0.000	0.000	1783093211.838
998	100.000	-4.766	100.001	0.000	0.000	0.000	1783093212.022
999	100.000	-3.316	100.004	0.000	0.000	0.000	1783093212.200
1000	100.000	0.033	100.001	0.000	0.000	0.000	1783093212.355
1001	100.000	3.057	100.002	0.000	0.000	0.000	1783093212.539
1002	100.000	4.942	99.997	0.000	0.000	0.000	1783093212.724
1003	100.000	4.454	99.996	0.000	0.000	0.000	1783093212.854
1004	100.000	1.885	100.000	0.000	0.000	0.000	1783093213.058
1005	100.000	-2.345	100.003	0.000	0.000	0.000	1783093213.250
1006	100.000	-4.993	100.002	0.000	0.000	0.000	1783093213.428
1007	100.000	-3.576	99.999	0.000	0.000	0.000	1783093213.604
1008	100.000	-0.974	99.997	0.000	0.000	0.000	1783093213.725
1009	100.000	1.582	99.999	0.000	0.000	0.000	1783093213.851
1010	100.000	3.343	99.999	0.000	0.000	0.000	1783093213.975
1011	100.000	4.306	100.005	0.000	0.000	0.000	1783093214.115
1012	100.000	4.100	100.002	0.000	0.000	0.000	1783093214.289
1013	100.000	2.081	100.003	0.000	0.000	0.000	1783093214.411
1014	100.000	-0.818	99.996	0.000	0.000	0.000	1783093214.614
1015	100.000	-4.077	99.998	0.000	0.000	0.000	1783093214.799
1016	100.000	-3.797	99.998	0.000	0.000	0.000	1783093214.999
1017	100.000	-2.170	100.000	0.000	0.000	0.000	1783093215.166
1018	100.000	0.478	100.002	0.000	0.000	0.000	1783093215.287
1019	100.000	2.883	100.001	0.000	0.000	0.000	1783093215.474
1020	100.000	4.170	100.000	0.000	0.000	0.000	1783093215.680
1021	100.000	2.984	100.004	0.000	0.000	0.000	1783093215.862
1022	100.000	-0.410	99.997	0.000	0.000	0.000	1783093216.037
1023	100.000	-3.253	99.999	0.000	0.000	0.000	1783093216.224
1024	100.000	-4.930	99.997	0.000	0.000	0.000	1783093216.364
1025	100.000	-3.878	100.002	0.000	0.000	0.000	1783093216.547
1026	100.000	-0.898	100.000	0.000	0.000	0.000	1783093216.736
1027	100.000	2.539	100.001	0.000	0.000	0.000	1783093216.912
1028	100.000	4.578	100.000	0.000	0.000	0.000	1783093217.040
1029	100.000	4.411	99.997	0.000	0.000	0.000	1783093217.242
1030	100.000	1.688	100.000	0.000	0.000	0.000	1783093217.421
1031	100.000	-2.183	100.004	0.000	0.000	0.000	1783093217.608
1032	100.000	-4.640	100.001	0.000	0.000	0.000	1783093217.737
1033	100.000	-4.680	99.998	0.000	0.000	0.000	1783093217.936
1034	100.000	-1.798	99.998	0.000	0.000	0.000	1783093218.116
1035	100.000	0.707	100.003	0.000	0.000	0.000	1783093218.294
1036	100.000	3.232	100.003	0.000	0.000	0.000	1783093218.415
1037	100.000	3.302	100.004	0.000	0.000	0.000	1783093218.541
1038	100.000	3.545	100.001	0.000	0.000	0.000	1783093218.664
1039	100.000	2.133	100.002	0.000	0.000	0.000	1783093218.801
1040	100.000	-0.544	100.002	0.000	0.000	0.000	1783093218.987
1041	100.000	-4.407	100.001	0.000	0.000	0.000	1783093219.166
1042	100.000	-4.978	100.003	0.000	0.000	0.000	1783093219.289
1043	100.000	-3.346	100.000	0.000	0.000	0.000	1783093219.431
1044	100.000	-1.733	99.996	0.000	0.000	0.000	1783093219.561
1045	100.000	0.681	100.003	0.000	0.000	0.000	1783093219.684
1046	100.000	2.528	99.998	0.000	0.000	0.000	1783093219.804
1047	100.000	4.449	99.997	0.000	0.000	0.000	1783093220.007
1048	100.000	3.668	100.001	0.000	0.000	0.000	1783093220.199
1049	100.000	0.650	100.001	0.000	0.000	0.000	1783093220.368
1050	100.000	-2.998	99.994	0.000	0.000	0.000	1783093220.562
1051	100.000	-5.197	99.998	0.000	0.000	0.000	1783093220.748
1052	100.000	-5.178	100.001	0.000	0.000	0.000	1783093220.922
1053	100.000	-2.161	100.003	0.000	0.000	0.000	1783093221.064
1054	100.000	0.744	100.002	0.000	0.000	0.000	1783093221.254
1055	100.000	3.623	100.004	0.000	0.000	0.000	1783093221.434
1056	100.000	4.619	100.003	0.000	0.000	0.000	1783093221.614
1057	100.000	2.158	100.003	0.000	0.000	0.000	1783093221.749
1058	100.000	-0.737	99.999	0.000	0.000	0.000	1783093221.951
1059	100.000	-3.785	99.997	0.000	0.000	0.000	1783093222.127
1060	100.000	-4.980	100.001	0.000	0.000	0.000	1783093222.307
1061	100.000	-2.749	100.005	0.000	0.000	0.000	1783093222.491
1062	100.000	0.350	100.000	0.000	0.000	0.000	1783093222.622
1063	100.000	2.537	99.999	0.000	0.000	0.000	1783093222.823
1064	100.000	4.577	99.999	0.000	0.000	0.000	1783093223.001
1065	100.000	3.458	99.995	0.000	0.000	0.000	1783093223.178
1066	100.000	0.310	100.000	0.000	0.000	0.000	1783093223.299
1067	100.000	-2.589	99.999	0.000	0.000	0.000	1783093223.501
1068	100.000	-5.150	99.999	0.000	0.000	0.000	1783093223.700
1069	100.000	-4.421	99.998	0.000	0.000	0.000	1783093223.876
1070	100.000	-1.695	99.996	0.000	0.000	0.000	1783093224.057
1071	100.000	1.823	99.998	0.000	0.000	0.000	1783093224.236
1072	100.000	3.608	99.997	0.000	0.000	0.000	1783093224.370
1073	100.000	3.758	100.004	0.000	0.000	0.000	1783093224.566
1074	100.000	2.010	100.005	0.000	0.000	0.000	1783093224.745
1075	100.000	-1.588	100.000	0.000	0.000	0.000	1783093224.918
1076	100.000	-4.433	100.000	0.000	0.000	0.000	1783093225.055
1077	100.000	-5.834	99.999	0.000	0.000	0.000	1783093225.250
1078	100.000	-2.858	99.998	0.000	0.000	0.000	1783093225.446
1079	100.000	0.816	100.000	0.000	0.000	0.000	1783093225.627
1080	100.000	3.902	100.002	0.000	0.000	0.000	1783093225.802
1081	100.000	5.122	99.997	0.000	0.000	0.000	1783093225.920
1082	100.000	4.415	99.998	0.000	0.000	0.000	1783093226.118
1083	100.000	0.517	99.997	0.000	0.000	0.000	1783093226.313
1084	100.000	-3.175	99.998	0.000	0.000	0.000	1783093226.489
1085	100.000	-4.483	99.999	0.000	0.000	0.000	1783093226.609
1086	100.000	-4.566	100.002	0.000	0.000	0.000	1783093226.810
1087	100.000	-1.704	99.999	0.000	0.000	0.000	1783093226.997
1088	100.000	2.146	100.003	0.000	0.000	0.000	1783093227.188
1089	100.000	4.625	100.005	0.000	0.000	0.000	1783093227.372
1090	100.000	4.449	100.002	0.000	0.000	0.000	1783093227.542
1091	100.000	2.078	99.994	0.000	0.000	0.000	1783093227.705
1092	100.000	-1.051	99.999	0.000	0.000	0.000	1783093227.888
1093	100.000	-3.521	99.999	0.000	0.000	0.000	1783093228.016
1094	100.000	-4.395	100.002	0.000	0.000	0.000	1783093228.194
1095	100.000	-2.509	99.996	0.000	0.000	0.000	1783093228.397
1096	100.000	0.671	99.999	0.000	0.000	0.000	1783093228.581
1097	100.000	4.150	100.000	0.000	0.000	0.000	1783093228.757
1098	100.000	5.269	100.000	0.000	0.000	0.000	1783093228.884
1099	100.000	3.793	100.001	0.000	0.000	0.000	1783093229.067
1100	100.000	0.807	99.999	0.000	0.000	0.000	1783093229.269
1101	100.000	-3.073	99.999	0.000	0.000	0.000	1783093229.458
1102	100.000	-5.369	99.997	0.000	0.000	0.000	1783093229.641
1103	100.000	-4.145	100.001	0.000	0.000	0.000	1783093229.816
1104	100.000	-0.813	100.005	0.000	0.000	0.000	1783093229.967
1105	100.000	2.647	100.001	0.000	0.000	0.000	1783093230.141
1106	100.000	4.589	100.003	0.000	0.000	0.000	1783093230.327
1107	100.000	4.373	99.997	0.000	0.000	0.000	1783093230.504
1108	100.000	2.166	100.000	0.000	0.000	0.000	1783093230.636
1109	100.000	-1.150	100.002	0.000	0.000	0.000	1783093230.815
1110	100.000	-4.186	100.003	0.000	0.000	0.000	1783093231.017
1111	100.000	-4.911	99.998	0.000	0.000	0.000	1783093231.202
1112	100.000	-2.897	99.997	0.000	0.000	0.000	1783093231.380
1113	100.000	0.926	99.997	0.000	0.000	0.000	1783093231.508
1114	100.000	3.615	99.999	0.000	0.000	0.000	1783093231.706
1115	100.000	4.917	100.001	0.000	0.000	0.000	1783093231.888
1116	100.000	3.208	100.004	0.000	0.000	0.000	1783093232.065
1117	100.000	-0.050	100.002	0.000	0.000	0.000	1783093232.195
1118	100.000	-2.342	100.000	0.000	0.000	0.000	1783093232.394
1119	100.000	-4.229	100.003	0.000	0.000	0.000	1783093232.589
1120	100.000	-3.521	99.999	0.000	0.000	0.000	1783093232.767
1121	100.000	-0.359	100.001	0.000	0.000	0.000	1783093232.950
1122	100.000	2.890	99.997	0.000	0.000	0.000	1783093233.128
1123	100.000	4.540	100.003	0.000	0.000	0.000	1783093233.266
1124	100.000	4.653	99.997	0.000	0.000	0.000	1783093233.453
1125	100.000	2.393	100.004	0.000	0.000	0.000	1783093233.634
1126	100.000	-1.455	100.004	0.000	0.000	0.000	1783093233.811
1127	100.000	-3.139	100.003	0.000	0.000	0.000	1783093233.940
1128	100.000	-2.915	99.997	0.000	0.000	0.000	1783093234.147
1129	100.000	-2.169	99.997	0.000	0.000	0.000	1783093234.327
1130	100.000	1.661	100.003	0.000	0.000	0.000	1783093234.515
1131	100.000	4.625	99.998	0.000	0.000	0.000	1783093234.684
1132	100.000	5.500	99.998	0.000	0.000	0.000	1783093234.807
1133	100.000	3.829	100.000	0.000	0.000	0.000	1783093235.013
1134	100.000	0.794	100.003	0.000	0.000	0.000	1783093235.200
1135	100.000	-1.979	99.998	0.000	0.000	0.000	1783093235.382
1136	100.000	-3.808	100.000	0.000	0.000	0.000	1783093235.559
1137	100.000	-2.185	99.999	0.000	0.000	0.000	1783093235.687
1138	100.000	0.179	100.000	0.000	0.000	0.000	1783093235.895
1139	100.000	3.687	99.999	0.000	0.000	0.000	1783093236.073
1140	100.000	4.861	100.006	0.000	0.000	0.000	1783093236.257
1141	100.000	4.496	99.998	0.000	0.000	0.000	1783093236.435
1142	100.000	1.908	100.000	0.000	0.000	0.000	1783093236.570
1143	100.000	-1.180	99.999	0.000	0.000	0.000	1783093236.765
1144	100.000	-3.926	99.999	0.000	0.000	0.000	1783093236.941
1145	100.000	-2.696	99.999	0.000	0.000	0.000	1783093237.059
1146	100.000	-1.873	99.999	0.000	0.000	0.000	1783093237.182
1147	100.000	0.298	100.000	0.000	0.000	0.000	1783093237.307
1148	100.000	2.865	99.999	0.000	0.000	0.000	1783093237.460
1149	100.000	5.208	99.999	0.000	0.000	0.000	1783093237.642
1150	100.000	5.990	99.998	0.000	0.000	0.000	1783093237.818
1151	100.000	3.888	99.999	0.000	0.000	0.000	1783093237.939
1152	100.000	1.320	100.000	0.000	0.000	0.000	1783093238.134
1153	100.000	-2.295	100.004	0.000	0.000	0.000	1783093238.325
1154	100.000	-3.191	99.999	0.000	0.000	0.000	1783093238.511
1155	100.000	-1.713	100.001	0.000	0.000	0.000	1783093238.640
1156	100.000	0.821	100.001	0.000	0.000	0.000	1783093238.840
1157	100.000	4.484	100.004	0.000	0.000	0.000	1783093239.018
1158	100.000	5.695	100.000	0.000	0.000	0.000	1783093239.155
1159	100.000	5.608	99.998	0.000	0.000	0.000	1783093239.362
1160	100.000	2.456	99.999	0.000	0.000	0.000	1783093239.539
1161	100.000	-1.354	100.000	0.000	0.000	0.000	1783093239.731
1162	100.000	-3.069	100.003	0.000	0.000	0.000	1783093239.900
1163	100.000	-2.264	99.996	0.000	0.000	0.000	1783093240.061
1164	100.000	-0.738	99.999	0.000	0.000	0.000	1783093240.237
1165	100.000	2.926	100.006	0.000	0.000	0.000	1783093240.416
1166	100.000	5.566	100.000	0.000	0.000	0.000	1783093240.538
1167	100.000	6.186	99.999	0.000	0.000	0.000	1783093240.662
1168	100.000	5.655	100.000	0.000	0.000	0.000	1783093240.781
1169	100.000	3.325	100.000	0.000	0.000	0.000	1783093240.918
1170	100.000	0.852	100.001	0.000	0.000	0.000	1783093241.048
1171	100.000	-2.002	100.000	0.000	0.000	0.000	1783093241.225
1172	100.000	-3.451	100.002	0.000	0.000	0.000	1783093241.359
1173	100.000	-2.898	100.001	0.000	0.000	0.000	1783093241.478
1174	100.000	-1.584	99.999	0.000	0.000	0.000	1783093241.619
1175	100.000	1.433	100.001	0.000	0.000	0.000	1783093241.806
1176	100.000	4.280	100.000	0.000	0.000	0.000	1783093241.984
1177	100.000	5.723	99.995	0.000	0.000	0.000	1783093242.131
1178	100.000	5.445	100.001	0.000	0.000	0.000	1783093242.326
1179	100.000	1.992	99.999	0.000	0.000	0.000	1783093242.508
1180	100.000	-1.720	100.000	0.000	0.000	0.000	1783093242.644
1181	100.000	-2.332	99.998	0.000	0.000	0.000	1783093242.845
1182	100.000	-2.922	100.000	0.000	0.000	0.000	1783093243.022
1183	100.000	0.072	100.004	0.000	0.000	0.000	1783093243.199
1184	100.000	3.441	100.001	0.000	0.000	0.000	1783093243.327
1185	100.000	5.074	99.999	0.000	0.000	0.000	1783093243.512
1186	100.000	5.424	99.992	0.000	0.000	0.000	1783093243.712
1187	100.000	3.563	100.000	0.000	0.000	0.000	1783093243.891
1188	100.000	0.527	100.004	0.000	0.000	0.000	1783093244.032
1189	100.000	-1.527	99.997	0.000	0.000	0.000	1783093244.217
1190	100.000	-2.192	100.002	0.000	0.000	0.000	1783093244.335
1191	100.000	-1.685	100.001	0.000	0.000	0.000	1783093244.459
1192	100.000	-0.341	99.998	0.000	0.000	0.000	1783093244.591
1193	100.000	2.999	100.002	0.000	0.000	0.000	1783093244.765
1194	100.000	5.425	100.001	0.000	0.000	0.000	1783093244.884
1195	100.000	6.163	100.000	0.000	0.000	0.000	1783093245.087
1196	100.000	4.963	99.998	0.000	0.000	0.000	1783093245.214
1197	100.000	2.713	99.996	0.000	0.000	0.000	1783093245.337
1198	100.000	0.861	100.000	0.000	0.000	0.000	1783093245.469
1199	100.000	-1.131	99.999	0.000	0.000	0.000	1783093245.595
1200	100.000	-2.381	99.999	0.000	0.000	0.000	1783093245.727
1201	100.000	-1.950	99.996	0.000	0.000	0.000	1783093245.853
1202	100.000	-0.992	99.995	0.000	0.000	0.000	1783093245.982
1203	100.000	0.795	99.998	0.000	0.000	0.000	1783093246.104
1204	100.000	3.666	99.999	0.000	0.000	0.000	1783093246.330
1205	100.000	6.073	99.996	0.000	0.000	0.000	1783093246.507
1206	100.000	5.480	99.999	0.000	0.000	0.000	1783093246.682
1207	100.000	3.235	99.998	0.000	0.000	0.000	1783093246.867
1208	100.000	0.151	99.997	0.000	0.000	0.000	1783093247.009
1209	100.000	-2.210	99.999	0.000	0.000	0.000	1783093247.196
1210	100.000	-2.505	99.999	0.000	0.000	0.000	1783093247.371
1211	100.000	-0.455	99.998	0.000	0.000	0.000	1783093247.495
1212	100.000	1.927	100.000	0.000	0.000	0.000	1783093247.699
1213	100.000	4.950	99.997	0.000	0.000	0.000	1783093247.888
1214	100.000	6.087	100.001	0.000	0.000	0.000	1783093248.083
1215	100.000	4.620	100.000	0.000	0.000	0.000	1783093248.258
1216	100.000	1.319	99.998	0.000	0.000	0.000	1783093248.434
1217	100.000	-1.521	100.001	0.000	0.000	0.000	1783093248.557
1218	100.000	-2.642	99.998	0.000	0.000	0.000	1783093248.761
1219	100.000	-1.775	99.995	0.000	0.000	0.000	1783093248.944
1220	100.000	0.894	99.998	0.000	0.000	0.000	1783093249.134
1221	100.000	4.135	100.001	0.000	0.000	0.000	1783093249.287
1222	100.000	5.392	99.999	0.000	0.000	0.000	1783093249.465
1223	100.000	5.142	100.002	0.000	0.000	0.000	1783093249.618
1224	100.000	2.645	99.998	0.000	0.000	0.000	1783093249.801
1225	100.000	-0.738	99.997	0.000	0.000	0.000	1783093249.988
1226	100.000	-3.049	99.997	0.000	0.000	0.000	1783093250.174
1227	100.000	-2.748	100.004	0.000	0.000	0.000	1783093250.355
1228	100.000	-0.678	100.002	0.000	0.000	0.000	1783093250.494
1229	100.000	1.958	99.998	0.000	0.000	0.000	1783093250.679
1230	100.000	4.880	100.001	0.000	0.000	0.000	1783093250.862
1231	100.000	5.467	99.999	0.000	0.000	0.000	1783093251.037
1232	100.000	3.244	100.002	0.000	0.000	0.000	1783093251.159
1233	100.000	0.924	100.002	0.000	0.000	0.000	1783093251.361
1234	100.000	-1.812	100.001	0.000	0.000	0.000	1783093251.559
1235	100.000	-3.235	99.997	0.000	0.000	0.000	1783093251.735
1236	100.000	-1.804	100.001	0.000	0.000	0.000	1783093251.912
1237	100.000	0.686	99.999	0.000	0.000	0.000	1783093252.032
1238	100.000	2.764	100.002	0.000	0.000	0.000	1783093252.235
1239	100.000	4.721	99.997	0.000	0.000	0.000	1783093252.432
1240	100.000	3.513	100.001	0.000	0.000	0.000	1783093252.598
1241	100.000	1.816	99.999	0.000	0.000	0.000	1783093252.717
1242	100.000	-1.178	100.004	0.000	0.000	0.000	1783093252.904
1243	100.000	-3.153	100.002	0.000	0.000	0.000	1783093253.042
1244	100.000	-3.594	99.999	0.000	0.000	0.000	1783093253.167
1245	100.000	-3.388	100.003	0.000	0.000	0.000	1783093253.313
1246	100.000	-0.965	100.003	0.000	0.000	0.000	1783093253.487
1247	100.000	1.963	99.998	0.000	0.000	0.000	1783093253.666
1248	100.000	4.291	99.997	0.000	0.000	0.000	1783093253.822
1249	100.000	5.141	100.000	0.000	0.000	0.000	1783093253.999
1250	100.000	3.032	100.003	0.000	0.000	0.000	1783093254.122
1251	100.000	0.455	99.995	0.000	0.000	0.000	1783093254.257
1252	100.000	-1.840	99.999	0.000	0.000	0.000	1783093254.391
1253	100.000	-3.875	100.001	0.000	0.000	0.000	1783093254.515
1254	100.000	-3.057	99.997	0.000	0.000	0.000	1783093254.631
1255	100.000	-2.058	100.002	0.000	0.000	0.000	1783093254.758
1256	100.000	-0.632	99.998	0.000	0.000	0.000	1783093254.884
1257	100.000	1.174	99.997	0.000	0.000	0.000	1783093255.043
1258	100.000	3.625	100.003	0.000	0.000	0.000	1783093255.213
1259	100.000	4.745	100.000	0.000	0.000	0.000	1783093255.404
1260	100.000	3.529	99.999	0.000	0.000	0.000	1783093255.524
1261	100.000	1.902	100.000	0.000	0.000	0.000	1783093255.727
1262	100.000	-1.869	99.997	0.000	0.000	0.000	1783093255.917
1263	100.000	-3.961	99.997	0.000	0.000	0.000	1783093256.091
1264	100.000	-2.361	99.994	0.000	0.000	0.000	1783093256.209
1265	100.000	-1.727	99.999	0.000	0.000	0.000	1783093256.342
1266	100.000	0.888	100.005	0.000	0.000	0.000	1783093256.520
1267	100.000	3.340	99.999	0.000	0.000	0.000	1783093256.647
1268	100.000	4.241	100.003	0.000	0.000	0.000	1783093256.788
1269	100.000	4.625	99.998	0.000	0.000	0.000	1783093256.964
1270	100.000	2.169	100.002	0.000	0.000	0.000	1783093257.142
1271	100.000	-0.804	100.002	0.000	0.000	0.000	1783093257.272
1272	100.000	-2.822	100.002	0.000	0.000	0.000	1783093257.468
1273	100.000	-2.543	99.998	0.000	0.000	0.000	1783093257.657
1274	100.000	-2.119	100.000	0.000	0.000	0.000	1783093257.837
1275	100.000	0.971	100.004	0.000	0.000	0.000	1783093258.016
1276	100.000	3.168	99.996	0.000	0.000	0.000	1783093258.151
1277	100.000	3.575	100.002	0.000	0.000	0.000	1783093258.338
1278	100.000	2.902	100.003	0.000	0.000	0.000	1783093258.536
1279	100.000	0.246	100.003	0.000	0.000	0.000	1783093258.713
1280	100.000	-2.723	99.997	0.000	0.000	0.000	1783093258.890
1281	100.000	-3.653	100.001	0.000	0.000	0.000	1783093259.018
1282	100.000	-2.031	99.994	0.000	0.000	0.000	1783093259.216
1283	100.000	-0.039	100.001	0.000	0.000	0.000	1783093259.401
1284	100.000	2.410	99.996	0.000	0.000	0.000	1783093259.581
1285	100.000	4.288	100.003	0.000	0.000	0.000	1783093259.713
1286	100.000	3.755	99.998	0.000	0.000	0.000	1783093259.911
1287	100.000	1.367	100.002	0.000	0.000	0.000	1783093260.084
1288	100.000	-1.342	99.998	0.000	0.000	0.000	1783093260.202
1289	100.000	-3.114	100.000	0.000	0.000	0.000	1783093260.326
1290	100.000	-3.546	100.001	0.000	0.000	0.000	1783093260.463
1291	100.000	-2.449	99.999	0.000	0.000	0.000	1783093260.636
1292	100.000	-1.511	100.001	0.000	0.000	0.000	1783093260.762
1293	100.000	1.298	99.999	0.000	0.000	0.000	1783093260.962
1294	100.000	3.753	100.002	0.000	0.000	0.000	1783093261.147
1295	100.000	4.297	99.999	0.000	0.000	0.000	1783093261.324
1296	100.000	2.394	100.001	0.000	0.000	0.000	1783093261.454
1297	100.000	0.011	99.999	0.000	0.000	0.000	1783093261.652
1298	100.000	-2.917	100.004	0.000	0.000	0.000	1783093261.831
1299	100.000	-4.230	99.999	0.000	0.000	0.000	1783093261.948
1300	100.000	-3.838	100.003	0.000	0.000	0.000	1783093262.076
1301	100.000	-2.620	100.002	0.000	0.000	0.000	1783093262.209
1302	100.000	0.174	99.999	0.000	0.000	0.000	1783093262.388
1303	100.000	3.079	99.996	0.000	0.000	0.000	1783093262.535
1304	100.000	4.312	99.997	0.000	0.000	0.000	1783093262.713
1305	100.000	3.921	100.000	0.000	0.000	0.000	1783093262.891
1306	100.000	1.376	99.997	0.000	0.000	0.000	1783093263.011
1307	100.000	-1.326	100.000	0.000	0.000	0.000	1783093263.134
1308	100.000	-3.299	99.999	0.000	0.000	0.000	1783093263.273
1309	100.000	-4.590	100.003	0.000	0.000	0.000	1783093263.407
1310	100.000	-3.458	100.001	0.000	0.000	0.000	1783093263.551
1311	100.000	-1.719	100.004	0.000	0.000	0.000	1783093263.753
1312	100.000	2.273	100.004	0.000	0.000	0.000	1783093263.929
1313	100.000	3.871	99.998	0.000	0.000	0.000	1783093264.106
1314	100.000	4.543	100.000	0.000	0.000	0.000	1783093264.289
1315	100.000	2.156	100.004	0.000	0.000	0.000	1783093264.431
1316	100.000	-0.929	99.999	0.000	0.000	0.000	1783093264.621
1317	100.000	-4.094	99.997	0.000	0.000	0.000	1783093264.803
1318	100.000	-4.780	100.000	0.000	0.000	0.000	1783093264.976
1319	100.000	-2.406	100.000	0.000	0.000	0.000	1783093265.115
1320	100.000	0.082	100.003	0.000	0.000	0.000	1783093265.299
1321	100.000	3.083	100.001	0.000	0.000	0.000	1783093265.500
1322	100.000	3.639	100.002	0.000	0.000	0.000	1783093265.677
1323	100.000	2.563	99.996	0.000	0.000	0.000	1783093265.857
1324	100.000	-0.146	100.002	0.000	0.000	0.000	1783093266.034
1325	100.000	-2.759	100.003	0.000	0.000	0.000	1783093266.163
1326	100.000	-4.498	99.996	0.000	0.000	0.000	1783093266.362
1327	100.000	-3.272	100.002	0.000	0.000	0.000	1783093266.545
1328	100.000	-0.075	100.000	0.000	0.000	0.000	1783093266.722
1329	100.000	2.321	99.999	0.000	0.000	0.000	1783093266.852
1330	100.000	3.315	100.002	0.000	0.000	0.000	1783093267.049
1331	100.000	3.646	100.000	0.000	0.000	0.000	1783093267.242
1332	100.000	0.685	99.998	0.000	0.000	0.000	1783093267.429
1333	100.000	-2.766	99.998	0.000	0.000	0.000	1783093267.609
1334	100.000	-4.181	99.997	0.000	0.000	0.000	1783093267.783
1335	100.000	-2.154	99.995	0.000	0.000	0.000	1783093267.909
1336	100.000	-1.001	99.993	0.000	0.000	0.000	1783093268.114
1337	100.000	1.649	99.999	0.000	0.000	0.000	1783093268.295
1338	100.000	3.698	100.002	0.000	0.000	0.000	1783093268.414
1339	100.000	3.421	100.000	0.000	0.000	0.000	1783093268.538
1340	100.000	3.164	99.996	0.000	0.000	0.000	1783093268.661
1341	100.000	2.034	99.999	0.000	0.000	0.000	1783093268.802
1342	100.000	-0.591	100.002	0.000	0.000	0.000	1783093268.992
1343	100.000	-3.692	100.002	0.000	0.000	0.000	1783093269.171
1344	100.000	-4.267	100.000	0.000	0.000	0.000	1783093269.356
1345	100.000	-3.564	100.006	0.000	0.000	0.000	1783093269.492
1346	100.000	-0.248	100.001	0.000	0.000	0.000	1783093269.687
1347	100.000	2.971	100.000	0.000	0.000	0.000	1783093269.855
1348	100.000	4.365	100.001	0.000	0.000	0.000	1783093269.974
1349	100.000	4.024	100.003	0.000	0.000	0.000	1783093270.099
1350	100.000	2.521	99.996	0.000	0.000	0.000	1783093270.225
1351	100.000	0.397	100.001	0.000	0.000	0.000	1783093270.357
1352	100.000	-2.222	99.999	0.000	0.000	0.000	1783093270.552
1353	100.000	-4.325	100.002	0.000	0.000	0.000	1783093270.744
1354	100.000	-4.058	99.999	0.000	0.000	0.000	1783093270.920
1355	100.000	-1.144	100.001	0.000	0.000	0.000	1783093271.096
1356	100.000	2.243	99.997	0.000	0.000	0.000	1783093271.233
1357	100.000	4.915	100.000	0.000	0.000	0.000	1783093271.425
1358	100.000	4.236	100.002	0.000	0.000	0.000	1783093271.604
1359	100.000	2.038	99.999	0.000	0.000	0.000	1783093271.782
1360	100.000	-0.779	99.999	0.000	0.000	0.000	1783093271.917
1361	100.000	-2.759	99.998	0.000	0.000	0.000	1783093272.110
1362	100.000	-3.468	100.000	0.000	0.000	0.000	1783093272.295
1363	100.000	-1.972	100.002	0.000	0.000	0.000	1783093272.477
1364	100.000	1.755	100.002	0.000	0.000	0.000	1783093272.655
1365	100.000	3.650	100.001	0.000	0.000	0.000	1783093272.790
1366	100.000	4.538	99.996	0.000	0.000	0.000	1783093272.983
1367	100.000	3.040	99.996	0.000	0.000	0.000	1783093273.161
1368	100.000	0.926	99.999	0.000	0.000	0.000	1783093273.279
1369	100.000	-1.525	99.999	0.000	0.000	0.000	1783093273.478
1370	100.000	-3.206	99.997	0.000	0.000	0.000	1783093273.667
1371	100.000	-3.471	99.999	0.000	0.000	0.000	1783093273.849
1372	100.000	-0.798	100.001	0.000	0.000	0.000	1783093273.969
1373	100.000	1.984	99.998	0.000	0.000	0.000	1783093274.164
1374	100.000	4.663	100.000	0.000	0.000	0.000	1783093274.356
1375	100.000	4.474	100.000	0.000	0.000	0.000	1783093274.552
1376	100.000	2.533	100.005	0.000	0.000	0.000	1783093274.726
1377	100.000	-0.832	100.003	0.000	0.000	0.000	1783093274.844
1378	100.000	-2.663	100.000	0.000	0.000	0.000	1783093275.030
1379	100.000	-3.387	100.004	0.000	0.000	0.000	1783093275.153
1380	100.000	-2.453	100.001	0.000	0.000	0.000	1783093275.277
1381	100.000	-1.434	99.994	0.000	0.000	0.000	1783093275.418
1382	100.000	1.044	100.006	0.000	0.000	0.000	1783093275.597
1383	100.000	3.629	100.000	0.000	0.000	0.000	1783093275.734
1384	100.000	4.454	100.001	0.000	0.000	0.000	1783093275.884
1385	100.000	4.473	99.999	0.000	0.000	0.000	1783093276.008
1386	100.000	2.800	100.000	0.000	0.000	0.000	1783093276.134
1387	100.000	0.721	100.007	0.000	0.000	0.000	1783093276.265
1388	100.000	-2.517	100.002	0.000	0.000	0.000	1783093276.471
1389	100.000	-4.561	100.001	0.000	0.000	0.000	1783093276.642
1390	100.000	-3.080	99.999	0.000	0.000	0.000	1783093276.760
1391	100.000	-1.011	99.999	0.000	0.000	0.000	1783093276.965
1392	100.000	2.771	99.995	0.000	0.000	0.000	1783093277.155
1393	100.000	5.262	100.003	0.000	0.000	0.000	1783093277.327
1394	100.000	4.921	99.997	0.000	0.000	0.000	1783093277.475
1395	100.000	2.950	99.996	0.000	0.000	0.000	1783093277.652
1396	100.000	-0.623	100.005	0.000	0.000	0.000	1783093277.840
1397	100.000	-3.314	100.002	0.000	0.000	0.000	1783093278.037
1398	100.000	-3.623	99.997	0.000	0.000	0.000	1783093278.220
1399	100.000	-1.216	99.998	0.000	0.000	0.000	1783093278.395
1400	100.000	1.819	99.995	0.000	0.000	0.000	1783093278.524
1401	100.000	4.173	100.003	0.000	0.000	0.000	1783093278.721
1402	100.000	5.297	100.002	0.000	0.000	0.000	1783093278.906
1403	100.000	4.216	99.997	0.000	0.000	0.000	1783093279.023
1404	100.000	1.632	100.004	0.000	0.000	0.000	1783093279.147
1405	100.000	-0.767	99.998	0.000	0.000	0.000	1783093279.274
1406	100.000	-3.343	100.001	0.000	0.000	0.000	1783093279.428
1407	100.000	-3.234	100.005	0.000	0.000	0.000	1783093279.600
1408	100.000	-2.268	100.000	0.000	0.000	0.000	1783093279.789
1409	100.000	0.499	100.004	0.000	0.000	0.000	1783093279.969
1410	100.000	3.479	100.001	0.000	0.000	0.000	1783093280.140
1411	100.000	5.140	100.002	0.000	0.000	0.000	1783093280.283
1412	100.000	4.940	100.002	0.000	0.000	0.000	1783093280.475
1413	100.000	1.747	99.998	0.000	0.000	0.000	1783093280.648
1414	100.000	-0.876	99.998	0.000	0.000	0.000	1783093280.824
1415	100.000	-3.184	99.999	0.000	0.000	0.000	1783093280.948
1416	100.000	-3.954	99.998	0.000	0.000	0.000	1783093281.172
1417	100.000	-1.346	100.001	0.000	0.000	0.000	1783093281.351
1418	100.000	2.712	99.997	0.000	0.000	0.000	1783093281.527
1419	100.000	4.548	100.000	0.000	0.000	0.000	1783093281.647
1420	100.000	5.113	100.000	0.000	0.000	0.000	1783093281.773
1421	100.000	4.522	99.995	0.000	0.000	0.000	1783093281.900
1422	100.000	2.697	99.995	0.000	0.000	0.000	1783093282.047
1423	100.000	-0.299	99.998	0.000	0.000	0.000	1783093282.212
1424	100.000	-2.871	99.998	0.000	0.000	0.000	1783093282.338
1425	100.000	-2.627	100.000	0.000	0.000	0.000	1783093282.523
1426	100.000	-1.767	99.998	0.000	0.000	0.000	1783093282.731
1427	100.000	0.453	100.001	0.000	0.000	0.000	1783093282.922
1428	100.000	3.793	100.005	0.000	0.000	0.000	1783093283.102
1429	100.000	5.108	99.999	0.000	0.000	0.000	1783093283.275
1430	100.000	3.774	100.001	0.000	0.000	0.000	1783093283.399
1431	100.000	1.364	100.003	0.000	0.000	0.000	1783093283.604
1432	100.000	-1.511	100.005	0.000	0.000	0.000	1783093283.788
1433	100.000	-3.770	100.005	0.000	0.000	0.000	1783093283.964
1434	100.000	-2.845	100.002	0.000	0.000	0.000	1783093284.088
1435	100.000	-0.683	100.000	0.000	0.000	0.000	1783093284.290
1436	100.000	2.291	99.996	0.000	0.000	0.000	1783093284.477
1437	100.000	4.489	99.998	0.000	0.000	0.000	1783093284.602
1438	100.000	4.763	99.997	0.000	0.000	0.000	1783093284.789
1439	100.000	2.922	100.002	0.000	0.000	0.000	1783093284.912
1440	100.000	0.972	100.002	0.000	0.000	0.000	1783093285.038
1441	100.000	-0.910	100.004	0.000	0.000	0.000	1783093285.181
1442	100.000	-3.951	99.998	0.000	0.000	0.000	1783093285.365
1443	100.000	-4.617	100.003	0.000	0.000	0.000	1783093285.542
1444	100.000	-1.819	100.000	0.000	0.000	0.000	1783093285.665
1445	100.000	-0.925	100.005	0.000	0.000	0.000	1783093285.866
1446	100.000	3.384	100.000	0.000	0.000	0.000	1783093286.047
1447	100.000	5.088	100.001	0.000	0.000	0.000	1783093286.226
1448	100.000	4.324	99.998	0.000	0.000	0.000	1783093286.356
1449	100.000	1.026	99.999	0.000	0.000	0.000	1783093286.539
1450	100.000	-2.785	100.001	0.000	0.000	0.000	1783093286.742
1451	100.000	-4.903	100.002	0.000	0.000	0.000	1783093286.932
1452	100.000	-3.056	100.004	0.000	0.000	0.000	1783093287.101
1453	100.000	-0.458	100.001	0.000	0.000	0.000	1783093287.225
1454	100.000	2.639	100.001	0.000	0.000	0.000	1783093287.412
1455	100.000	4.706	100.000	0.000	0.000	0.000	1783093287.613
1456	100.000	4.823	99.997	0.000	0.000	0.000	1783093287.796
1457	100.000	2.451	99.999	0.000	0.000	0.000	1783093287.970
1458	100.000	-1.485	100.002	0.000	0.000	0.000	1783093288.086
1459	100.000	-3.788	100.000	0.000	0.000	0.000	1783093288.234
1460	100.000	-4.874	100.004	0.000	0.000	0.000	1783093288.353
1461	100.000	-4.485	99.999	0.000	0.000	0.000	1783093288.493
1462	100.000	-2.223	99.999	0.000	0.000	0.000	1783093288.676
1463	100.000	1.862	100.000	0.000	0.000	0.000	1783093288.849
1464	100.000	4.422	100.001	0.000	0.000	0.000	1783093288.986
1465	100.000	5.661	100.000	0.000	0.000	0.000	1783093289.178
1466	100.000	3.861	100.004	0.000	0.000	0.000	1783093289.359
1467	100.000	-0.061	100.003	0.000	0.000	0.000	1783093289.544
1468	100.000	-3.367	99.997	0.000	0.000	0.000	1783093289.671
1469	100.000	-5.155	100.006	0.000	0.000	0.000	1783093289.846
1470	100.000	-3.353	99.999	0.000	0.000	0.000	1783093290.026
1471	100.000	-0.690	99.997	0.000	0.000	0.000	1783093290.154
1472	100.000	2.272	99.997	0.000	0.000	0.000	1783093290.279
1473	100.000	4.237	99.998	0.000	0.000	0.000	1783093290.419
1474	100.000	5.334	99.998	0.000	0.000	0.000	1783093290.598
1475	100.000	4.497	100.001	0.000	0.000	0.000	1783093290.778
1476	100.000	2.044	100.003	0.000	0.000	0.000	1783093290.913
1477	100.000	-1.934	100.000	0.000	0.000	0.000	1783093291.110
1478	100.000	-5.204	99.998	0.000	0.000	0.000	1783093291.286
1479	100.000	-3.684	100.002	0.000	0.000	0.000	1783093291.408
1480	100.000	-1.834	100.001	0.000	0.000	0.000	1783093291.611
1481	100.000	0.652	99.999	0.000	0.000	0.000	1783093291.803
1482	100.000	3.407	99.996	0.000	0.000	0.000	1783093291.987
1483	100.000	3.451	100.004	0.000	0.000	0.000	1783093292.173
1484	100.000	3.177	100.000	0.000	0.000	0.000	1783093292.350
1485	100.000	3.261	99.999	0.000	0.000	0.000	1783093292.494
1486	100.000	3.765	100.002	0.000	0.000	0.000	1783093292.663
1487	100.000	3.300	100.001	0.000	0.000	0.000	1783093292.862
1488	100.000	3.621	99.999	0.000	0.000	0.000	1783093293.038
1489	100.000	3.654	99.999	0.000	0.000	0.000	1783093293.158
1490	100.000	3.527	99.999	0.000	0.000	0.000	1783093293.362
1491	100.000	3.414	100.000	0.000	0.000	0.000	1783093293.549
1492	100.000	3.531	100.003	0.000	0.000	0.000	1783093293.736
1493	100.000	3.523	99.998	0.000	0.000	0.000	1783093293.912
1494	100.000	3.284	99.999	0.000	0.000	0.000	1783093294.032
1495	100.000	3.522	100.001	0.000	0.000	0.000	1783093294.239
1496	100.000	3.601	99.998	0.000	0.000	0.000	1783093294.431
1497	100.000	3.543	99.995	0.000	0.000	0.000	1783093294.598
1498	100.000	3.441	100.000	0.000	0.000	0.000	1783093294.718
1499	100.000	3.677	99.996	0.000	0.000	0.000	1783093294.910
1500	100.000	3.539	99.996	0.000	0.000	0.000	1783093295.114
1501	100.000	3.565	99.998	0.000	0.000	0.000	1783093295.295
1502	100.000	3.499	99.998	0.000	0.000	0.000	1783093295.485
1503	100.000	3.595	99.996	0.000	0.000	0.000	1783093295.662
1504	100.000	3.745	100.003	0.000	0.000	0.000	1783093295.779
1505	100.000	3.759	99.997	0.000	0.000	0.000	1783093295.903
1506	100.000	3.763	99.999	0.000	0.000	0.000	1783093296.028
1507	100.000	3.388	100.002	0.000	0.000	0.000	1783093296.170
1508	100.000	3.512	100.000	0.000	0.000	0.000	1783093296.348
1509	100.000	3.408	100.000	0.000	0.000	0.000	1783093296.528
1510	100.000	3.285	100.000	0.000	0.000	0.000	1783093296.663
1511	100.000	3.214	100.003	0.000	0.000	0.000	1783093296.866
1512	100.000	3.368	99.999	0.000	0.000	0.000	1783093297.051
1513	100.000	3.500	99.997	0.000	0.000	0.000	1783093297.228
1514	100.000	3.293	100.005	0.000	0.000	0.000	1783093297.361
1515	100.000	3.146	99.999	0.000	0.000	0.000	1783093297.545
1516	100.000	3.169	100.003	0.000	0.000	0.000	1783093297.745
1517	100.000	3.179	99.999	0.000	0.000	0.000	1783093297.930
1518	100.000	3.313	100.001	0.000	0.000	0.000	1783093298.056
1519	100.000	3.075	100.000	0.000	0.000	0.000	1783093298.238
1520	100.000	2.990	99.998	0.000	0.000	0.000	1783093298.437
1521	100.000	3.031	100.003	0.000	0.000	0.000	1783093298.623
1522	100.000	3.138	99.999	0.000	0.000	0.000	1783093298.799
1523	100.000	2.911	99.999	0.000	0.000	0.000	1783093298.988
1524	100.000	3.078	100.001	0.000	0.000	0.000	1783093299.166
1525	100.000	3.192	99.999	0.000	0.000	0.000	1783093299.316
1526	100.000	3.190	100.006	0.000	0.000	0.000	1783093299.494
1527	100.000	3.323	100.002	0.000	0.000	0.000	1783093299.625
1528	100.000	3.290	100.003	0.000	0.000	0.000	1783093299.806
1529	100.000	3.574	99.997	0.000	0.000	0.000	1783093300.009
1530	100.000	3.379	99.999	0.000	0.000	0.000	1783093300.180
1531	100.000	3.326	100.000	0.000	0.000	0.000	1783093300.372
1532	100.000	3.308	100.001	0.000	0.000	0.000	1783093300.549
1533	100.000	3.613	100.002	0.000	0.000	0.000	1783093300.663
1534	100.000	3.434	100.005	0.000	0.000	0.000	1783093300.789
1535	100.000	3.585	99.999	0.000	0.000	0.000	1783093300.918
1536	100.000	3.679	100.004	0.000	0.000	0.000	1783093301.059
1537	100.000	3.482	99.999	0.000	0.000	0.000	1783093301.233
1538	100.000	3.590	100.001	0.000	0.000	0.000	1783093301.353
1539	100.000	3.253	100.002	0.000	0.000	0.000	1783093301.650
1540	100.000	3.722	100.002	0.000	0.000	0.000	1783093301.799
1541	100.000	3.500	99.997	0.000	0.000	0.000	1783093301.929
1542	100.000	3.789	99.997	0.000	0.000	0.000	1783093302.071
1543	100.000	3.571	100.001	0.000	0.000	0.000	1783093302.263
1544	100.000	3.046	100.002	0.000	0.000	0.000	1783093302.443
1545	100.000	3.648	99.998	0.000	0.000	0.000	1783093302.620
1546	100.000	3.754	100.000	0.000	0.000	0.000	1783093302.801
1547	100.000	2.958	100.003	0.000	0.000	0.000	1783093302.943
1548	100.000	3.844	99.999	0.000	0.000	0.000	1783093303.125
1549	100.000	3.556	100.001	0.000	0.000	0.000	1783093303.305
1550	100.000	2.886	100.001	0.000	0.000	0.000	1783093303.428
1551	100.000	3.554	100.001	0.000	0.000	0.000	1783093303.632
1552	100.000	3.638	99.996	0.000	0.000	0.000	1783093303.826
1553	100.000	3.407	100.001	0.000	0.000	0.000	1783093303.996
1554	100.000	3.497	99.998	0.000	0.000	0.000	1783093304.187
1555	100.000	3.479	99.999	0.000	0.000	0.000	1783093304.357
1556	100.000	3.710	100.002	0.000	0.000	0.000	1783093304.486
1557	100.000	3.341	100.003	0.000	0.000	0.000	1783093304.689
1558	100.000	3.557	99.998	0.000	0.000	0.000	1783093304.871
1559	100.000	3.674	99.998	0.000	0.000	0.000	1783093305.053
1560	100.000	3.061	100.000	0.000	0.000	0.000	1783093305.228
1561	100.000	3.625	99.997	0.000	0.000	0.000	1783093305.362
1562	100.000	3.471	100.003	0.000	0.000	0.000	1783093305.569
1563	100.000	3.264	100.001	0.000	0.000	0.000	1783093305.748
1564	100.000	3.552	100.001	0.000	0.000	0.000	1783093305.927
1565	100.000	3.968	99.999	0.000	0.000	0.000	1783093306.043
1566	100.000	3.243	100.002	0.000	0.000	0.000	1783093306.167
1567	100.000	3.727	100.002	0.000	0.000	0.000	1783093306.293
1568	100.000	3.003	100.000	0.000	0.000	0.000	1783093306.434
1569	100.000	3.173	100.001	0.000	0.000	0.000	1783093306.610
1570	100.000	3.149	100.004	0.000	0.000	0.000	1783093306.728
1571	100.000	3.213	100.001	0.000	0.000	0.000	1783093306.868
1572	100.000	3.704	100.001	0.000	0.000	0.000	1783093307.041
1573	100.000	3.389	100.005	0.000	0.000	0.000	1783093307.168
1574	100.000	3.692	100.002	0.000	0.000	0.000	1783093307.310
1575	100.000	3.708	100.002	0.000	0.000	0.000	1783093307.487
1576	100.000	3.242	100.004	0.000	0.000	0.000	1783093307.628
1577	100.000	3.899	99.999	0.000	0.000	0.000	1783093307.764
1578	100.000	3.208	100.002	0.000	0.000	0.000	1783093307.884
1579	100.000	3.532	100.003	0.000	0.000	0.000	1783093308.007
1580	100.000	3.453	100.001	0.000	0.000	0.000	1783093308.143
1581	100.000	3.378	99.998	0.000	0.000	0.000	1783093308.334
1582	100.000	3.986	99.999	0.000	0.000	0.000	1783093308.511
1583	100.000	3.757	100.001	0.000	0.000	0.000	1783093308.630
1584	100.000	3.533	99.998	0.000	0.000	0.000	1783093308.761
1585	100.000	3.849	99.996	0.000	0.000	0.000	1783093308.941
1586	100.000	3.655	99.997	0.000	0.000	0.000	1783093309.078
1587	100.000	3.823	100.001	0.000	0.000	0.000	1783093309.256
1588	100.000	3.353	99.996	0.000	0.000	0.000	1783093309.397
1589	100.000	3.295	100.000	0.000	0.000	0.000	1783093309.570
1590	100.000	3.123	100.000	0.000	0.000	0.000	1783093309.714
1591	100.000	3.511	100.000	0.000	0.000	0.000	1783093309.896
1592	100.000	3.603	100.000	0.000	0.000	0.000	1783093310.080
1593	100.000	3.395	100.004	0.000	0.000	0.000	1783093310.260
1594	100.000	3.385	99.996	0.000	0.000	0.000	1783093310.385
1595	100.000	3.500	100.003	0.000	0.000	0.000	1783093310.564
1596	100.000	3.602	100.000	0.000	0.000	0.000	1783093310.767
1597	100.000	3.268	100.002	0.000	0.000	0.000	1783093310.949
1598	100.000	3.291	100.002	0.000	0.000	0.000	1783093311.135
1599	100.000	3.504	99.995	0.000	0.000	0.000	1783093311.312
1600	100.000	3.501	100.002	0.000	0.000	0.000	1783093311.435
1601	100.000	3.174	99.995	0.000	0.000	0.000	1783093311.639
1602	100.000	3.100	100.004	0.000	0.000	0.000	1783093311.820
1603	100.000	3.946	99.998	0.000	0.000	0.000	1783093312.006
1604	100.000	3.496	100.000	0.000	0.000	0.000	1783093312.128
1605	100.000	3.208	100.000	0.000	0.000	0.000	1783093312.333
1606	100.000	3.297	100.001	0.000	0.000	0.000	1783093312.517
1607	100.000	3.597	100.001	0.000	0.000	0.000	1783093312.696
1608	100.000	3.068	100.002	0.000	0.000	0.000	1783093312.871
1609	100.000	2.980	100.004	0.000	0.000	0.000	1783093313.010
1610	100.000	3.078	99.996	0.000	0.000	0.000	1783093313.200
1611	100.000	2.917	100.001	0.000	0.000	0.000	1783093313.381
1612	100.000	3.269	100.003	0.000	0.000	0.000	1783093313.496
1613	100.000	3.290	99.998	0.000	0.000	0.000	1783093313.646
1614	100.000	2.942	100.003	0.000	0.000	0.000	1783093313.810
1615	100.000	3.136	100.000	0.000	0.000	0.000	1783093313.936
1616	100.000	2.867	99.998	0.000	0.000	0.000	1783093314.122
1617	100.000	3.263	100.003	0.000	0.000	0.000	1783093314.257
1618	100.000	3.326	99.999	0.000	0.000	0.000	1783093314.435
1619	100.000	3.118	100.002	0.000	0.000	0.000	1783093314.572
1620	100.000	3.298	100.006	0.000	0.000	0.000	1783093314.763
1621	100.000	3.350	99.996	0.000	0.000	0.000	1783093314.949
1622	100.000	3.021	100.000	0.000	0.000	0.000	1783093315.123
1623	100.000	3.452	100.000	0.000	0.000	0.000	1783093315.259
1624	100.000	3.379	99.999	0.000	0.000	0.000	1783093315.457
1625	100.000	3.135	99.999	0.000	0.000	0.000	1783093315.639
1626	100.000	2.716	99.999	0.000	0.000	0.000	1783093315.818
1627	100.000	3.400	100.004	0.000	0.000	0.000	1783093315.938
1628	100.000	3.008	99.999	0.000	0.000	0.000	1783093316.061
1629	100.000	2.983	100.004	0.000	0.000	0.000	1783093316.186
1630	100.000	2.648	100.000	0.000	0.000	0.000	1783093316.327
1631	100.000	3.143	100.004	0.000	0.000	0.000	1783093316.515
1632	100.000	3.170	100.001	0.000	0.000	0.000	1783093316.691
1633	100.000	3.464	99.998	0.000	0.000	0.000	1783093316.811
1634	100.000	3.422	100.000	0.000	0.000	0.000	1783093317.018
1635	100.000	3.247	100.000	0.000	0.000	0.000	1783093317.203
1636	100.000	3.094	99.999	0.000	0.000	0.000	1783093317.378
1637	100.000	3.251	99.997	0.000	0.000	0.000	1783093317.500
1638	100.000	3.231	99.999	0.000	0.000	0.000	1783093317.708
1639	100.000	3.384	100.001	0.000	0.000	0.000	1783093317.898
1640	100.000	2.678	100.003	0.000	0.000	0.000	1783093318.077
1641	100.000	2.836	100.002	0.000	0.000	0.000	1783093318.251
1642	100.000	3.441	100.000	0.000	0.000	0.000	1783093318.372
1643	100.000	2.340	100.001	0.000	0.000	0.000	1783093318.578
1644	100.000	2.666	99.998	0.000	0.000	0.000	1783093318.763
1645	100.000	3.347	100.002	0.000	0.000	0.000	1783093318.940
1646	100.000	3.068	100.005	0.000	0.000	0.000	1783093319.062
1647	100.000	2.830	99.999	0.000	0.000	0.000	1783093319.261
1648	100.000	2.603	99.998	0.000	0.000	0.000	1783093319.459
