Point No.	Frequency Set (GHz)	THz Photocurrent (nA)	Frequency Act (GHz)	Amplitude (via StrMod)	Phase (via StrMod)	Frequency Fit	Timestamp (s)
1	200.000	0.037	200.001	0.423	1.584	1.328	1782924051.412
2	200.000	0.014	200.001	0.380	1.435	1.328	1782924051.689
3	200.000	-0.015	200.000	0.421	1.396	1.328	1782924051.933
4	200.000	-0.019	200.000	0.406	1.337	1.328	1782924052.207
5	200.000	0.011	199.996	0.393	1.810	1.328	1782924052.507
6	200.000	0.029	199.999	0.460	1.633	1.328	1782924052.801
7	200.000	-0.005	199.998	0.303	0.367	1.328	1782924053.069
8	200.000	-0.043	199.999	1.411	1.253	1.328	1782924053.298
9	200.000	0.061	199.999	2.648	0.002	1.328	1782924053.563
10	200.000	0.042	200.000	0.419	1.018	1.328	1782924053.813
11	200.000	-0.076	199.998	1.387	0.938	1.328	1782924054.080
12	200.000	-0.010	199.997	2.398	6.199	1.328	1782924054.402
13	200.000	-0.008	200.001	1.251	2.034	1.328	1782924054.697
14	200.000	-0.010	200.000	2.197	0.329	1.328	1782924054.952
15	200.000	0.015	200.002	1.330	6.224	1.328	1782924055.215
16	200.000	0.027	199.999	1.313	1.646	1.328	1782924055.519
17	200.000	-0.034	200.002	2.584	6.225	1.328	1782924055.824
18	200.000	0.015	199.999	0.582	2.147	1.328	1782924056.073
19	200.000	0.056	200.000	1.477	0.754	1.328	1782924056.296
20	200.000	0.037	200.003	2.636	6.236	1.328	1782924056.575
21	200.000	-0.011	199.997	0.785	2.030	1.328	1782924056.844
22	200.000	0.006	199.999	1.903	0.466	1.328	1782924057.137
23	200.000	0.055	200.001	2.167	6.146	1.328	1782924057.406
24	200.000	0.015	200.001	1.193	1.735	1.328	1782924057.699
25	200.000	-0.021	200.003	2.681	6.199	1.328	1782924058.001
26	200.000	-0.008	200.000	0.274	1.567	1.328	1782924058.254
27	200.000	0.016	200.002	1.439	1.096	1.328	1782924058.491
28	200.000	-0.011	200.002	2.818	6.256	1.328	1782924058.759
29	200.000	0.048	200.006	0.524	2.130	1.328	1782924059.013
30	200.000	0.006	200.000	1.705	0.692	1.328	1782924059.318
31	200.000	-0.018	200.003	2.276	6.216	1.328	1782924059.565
32	200.000	-0.019	200.001	1.256	2.266	1.328	1782924059.813
33	200.000	-0.022	200.000	1.723	0.448	1.328	1782924060.070
34	200.000	-0.027	199.996	2.285	6.178	1.328	1782924060.303
35	200.000	0.017	200.000	1.077	2.281	1.328	1782924060.558
36	200.000	-0.010	200.002	1.972	0.495	1.328	1782924060.781
37	200.000	-0.036	199.996	2.125	6.259	1.328	1782924061.078
38	200.000	-0.029	199.999	1.194	2.102	1.328	1782924061.313
39	200.000	0.040	200.003	2.110	0.400	1.328	1782924061.594
40	200.000	0.045	200.004	1.441	6.211	1.328	1782924061.854
41	200.000	0.018	200.003	1.139	1.873	1.328	1782924062.127
42	200.000	0.015	200.001	2.597	0.153	1.328	1782924062.365
43	200.000	0.009	199.997	1.252	6.219	1.328	1782924062.632
44	200.000	0.034	199.995	1.322	1.382	1.328	1782924062.922
45	200.000	-0.014	200.002	2.687	0.022	1.328	1782924063.198
46	200.000	-0.022	199.996	0.377	2.382	1.328	1782924063.420
47	200.000	-0.015	200.000	1.432	1.139	1.328	1782924063.694
48	200.000	0.007	200.003	2.685	6.245	1.328	1782924063.926
49	200.000	-0.027	199.998	0.352	2.060	1.328	1782924064.195
50	200.000	-0.002	200.000	1.288	0.848	1.328	1782924064.444
51	200.000	0.042	200.003	2.646	6.207	1.328	1782924064.693
52	200.000	-0.027	199.998	0.580	2.118	1.328	1782924064.944
53	200.000	0.028	199.999	1.465	0.940	1.328	1782924065.203
54	200.000	0.027	200.000	2.566	6.270	1.328	1782924065.445
55	200.000	-0.019	200.002	0.678	2.261	1.328	1782924065.669
56	200.000	-0.018	199.997	1.382	1.042	1.328	1782924065.937
57	200.000	-0.014	199.997	2.578	0.006	1.328	1782924066.206
58	200.000	0.016	199.997	0.812	2.234	1.328	1782924066.518
59	200.000	0.013	199.999	2.258	0.330	1.328	1782924066.823
60	200.000	0.056	199.999	1.273	6.150	1.328	1782924067.062
61	200.000	0.091	199.996	1.202	1.770	1.328	1782924067.339
62	200.000	0.007	200.001	2.603	0.089	1.328	1782924067.643
63	200.000	-0.005	200.008	0.382	1.852	1.328	1782924067.919
64	200.000	0.020	199.999	1.725	0.722	1.328	1782924068.216
65	200.000	-0.001	200.000	2.407	6.168	1.328	1782924068.466
66	200.000	-0.019	200.002	1.165	2.158	1.328	1782924068.714
67	200.000	0.001	199.997	2.049	0.377	1.328	1782924068.967
68	200.000	-0.050	200.002	1.975	6.187	1.328	1782924069.237
69	200.000	0.016	200.000	1.236	2.087	1.328	1782924069.518
70	200.000	-0.043	200.001	2.431	0.263	1.328	1782924069.784
71	200.000	-0.017	200.000	1.058	6.249	1.328	1782924070.032
72	200.000	0.013	200.001	1.322	1.911	1.328	1782924070.270
73	200.000	-0.027	199.996	2.468	0.172	1.328	1782924070.529
74	200.000	-0.039	200.004	1.191	6.184	1.328	1782924070.774
75	200.000	-0.016	200.001	1.133	1.733	1.328	1782924071.038
76	200.000	0.003	199.999	2.511	0.050	1.328	1782924071.355
77	200.000	-0.014	199.997	0.574	2.232	1.328	1782924071.645
78	200.000	0.021	200.003	1.686	0.731	1.328	1782924071.896
79	200.000	-0.006	200.000	2.663	0.011	1.328	1782924072.133
80	200.000	0.050	199.999	0.787	2.267	1.328	1782924072.403
81	200.000	0.023	199.998	1.654	0.786	1.328	1782924072.632
82	200.000	-0.026	200.004	2.547	6.222	1.328	1782924072.907
83	200.000	0.005	200.000	1.142	2.225	1.328	1782924073.163
84	200.000	0.013	200.002	1.905	0.576	1.328	1782924073.456
85	200.000	-0.005	199.997	1.782	6.231	1.328	1782924073.709
86	200.000	0.012	200.002	1.160	1.892	1.328	1782924074.033
87	200.000	-0.049	199.997	2.609	0.072	1.328	1782924074.341
88	200.000	0.006	200.001	0.818	2.050	1.328	1782924074.643
89	200.000	0.006	200.002	1.651	0.622	1.328	1782924074.906
90	200.000	-0.051	199.998	1.795	6.159	1.328	1782924075.207
91	200.000	0.020	199.999	1.300	2.294	1.328	1782924075.447
92	200.000	-0.012	200.002	1.882	0.150	1.328	1782924075.740
93	200.000	-0.011	200.003	1.356	0.235	1.328	1782924076.012
94	200.000	-0.096	200.003	1.175	1.546	1.328	1782924076.278
95	200.000	0.037	200.000	2.622	0.001	1.328	1782924076.597
96	200.000	0.005	199.998	0.863	2.365	1.328	1782924076.887
97	200.000	0.053	200.008	1.406	0.627	1.328	1782924077.136
98	200.000	-0.018	199.994	2.610	6.277	1.328	1782924077.369
99	200.000	0.027	199.998	1.003	2.256	1.328	1782924077.647
100	200.000	0.009	200.003	1.974	0.496	1.328	1782924077.895
101	200.000	0.010	199.997	2.257	6.249	1.328	1782924078.153
102	200.000	-0.020	200.003	1.266	2.004	1.328	1782924078.441
103	200.000	-0.010	200.002	2.341	0.189	1.328	1782924078.703
104	200.000	0.053	200.000	1.420	6.148	1.328	1782924078.944
105	200.000	-0.004	199.994	1.366	1.964	1.328	1782924079.212
106	200.000	0.013	200.001	2.364	0.197	1.328	1782924079.448
107	200.000	0.060	200.002	1.374	6.226	1.328	1782924079.706
108	200.000	0.005	199.996	1.210	1.754	1.328	1782924079.956
109	200.000	0.002	200.004	2.259	0.244	1.328	1782924080.201
110	200.000	0.013	200.002	1.235	6.176	1.328	1782924080.448
111	200.000	0.030	200.002	1.295	1.692	1.328	1782924080.709
112	200.000	0.019	199.998	2.531	0.110	1.328	1782924080.963
113	200.000	0.005	200.002	1.272	0.490	1.328	1782924081.205
114	200.000	0.036	200.001	1.294	1.647	1.328	1782924081.459
115	200.000	0.019	200.002	2.558	0.113	1.328	1782924081.719
116	200.000	0.017	199.998	0.384	0.201	1.328	1782924082.017
117	200.000	-0.041	200.003	1.305	1.237	1.328	1782924082.251
118	200.000	-0.025	200.001	2.641	0.061	1.328	1782924082.525
119	200.000	0.025	199.996	0.595	1.845	1.328	1782924082.782
120	200.000	0.016	199.999	1.497	0.874	1.328	1782924083.086
121	200.000	0.011	199.998	2.317	5.961	1.328	1782924083.327
122	200.000	0.027	200.000	0.888	2.308	1.328	1782924083.595
123	200.000	-0.059	199.999	1.972	0.326	1.328	1782924083.895
124	200.000	0.005	199.993	1.326	6.184	1.328	1782924084.149
125	200.000	-0.036	199.998	1.363	2.012	1.328	1782924084.394
126	200.000	-0.002	200.002	2.389	0.208	1.328	1782924084.645
127	200.000	0.031	200.000	1.605	6.243	1.328	1782924084.875
128	200.000	-0.007	200.006	1.349	2.008	1.328	1782924085.148
129	200.000	0.018	200.002	2.393	0.160	1.328	1782924085.404
130	200.000	-0.016	199.998	0.725	0.254	1.328	1782924085.706
131	200.000	-0.021	199.996	1.334	1.434	1.328	1782924085.938
132	200.000	0.025	199.999	2.692	0.288	1.328	1782924086.187
133	200.000	-0.075	200.001	0.452	0.368	1.328	1782924086.445
134	200.000	0.068	199.995	1.406	1.347	1.328	1782924086.721
135	200.000	-0.029	199.999	2.596	0.025	1.328	1782924086.958
136	200.000	0.042	200.002	0.167	6.239	1.328	1782924087.201
137	200.000	0.033	200.002	1.540	1.128	1.328	1782924087.464
138	200.000	0.048	200.000	2.657	0.134	1.328	1782924087.710
139	200.000	0.004	200.001	0.339	1.764	1.328	1782924087.979
140	200.000	-0.004	200.002	1.597	0.704	1.328	1782924088.278
141	200.000	-0.012	199.997	2.328	6.192	1.328	1782924088.518
142	200.000	0.008	200.001	0.967	2.034	1.328	1782924088.783
143	200.000	0.018	200.002	1.927	0.554	1.328	1782924089.022
144	200.000	-0.034	200.004	2.309	6.185	1.328	1782924089.245
145	200.000	-0.005	199.999	1.157	2.102	1.328	1782924089.524
146	200.000	-0.018	200.000	1.992	0.419	1.328	1782924089.768
147	200.000	0.017	200.002	1.772	0.035	1.328	1782924090.080
148	200.000	0.012	199.996	1.490	1.839	1.328	1782924090.331
149	200.000	-0.018	200.000	2.405	0.214	1.328	1782924090.577
150	200.000	0.008	200.003	1.365	6.066	1.328	1782924090.813
151	200.000	0.030	200.002	1.232	1.739	1.328	1782924091.087
152	200.000	-0.029	199.999	2.533	0.193	1.328	1782924091.336
153	200.000	-0.035	200.002	0.617	0.124	1.328	1782924091.660
154	200.000	0.022	200.001	1.451	0.866	1.328	1782924091.955
155	200.000	-0.046	200.005	2.576	6.277	1.328	1782924092.193
156	200.000	0.029	200.001	0.673	2.231	1.328	1782924092.484
157	200.000	0.027	200.003	2.127	0.394	1.328	1782924092.750
158	200.000	-0.021	199.998	2.154	6.184	1.328	1782924093.019
159	200.000	-0.047	199.999	1.271	2.049	1.328	1782924093.255
160	200.000	0.020	200.000	2.183	0.324	1.328	1782924093.515
161	200.000	0.004	199.998	1.620	6.097	1.328	1782924093.773
162	200.000	0.003	200.002	1.327	1.618	1.328	1782924094.088
163	200.000	0.018	200.000	2.578	0.066	1.328	1782924094.329
164	200.000	-0.007	200.002	0.892	6.157	1.328	1782924094.589
165	200.000	-0.038	200.003	1.401	1.527	1.328	1782924094.808
166	200.000	0.019	199.999	2.577	0.193	1.328	1782924095.076
167	200.000	0.019	199.998	0.656	0.050	1.328	1782924095.333
168	200.000	0.056	199.997	1.317	1.422	1.328	1782924095.593
169	200.000	0.022	200.001	2.590	0.091	1.328	1782924095.856
170	200.000	-0.006	200.001	0.435	1.203	1.328	1782924096.151
171	200.000	-0.007	200.003	1.478	0.934	1.328	1782924096.381
172	200.000	-0.033	200.004	2.675	0.115	1.328	1782924096.657
173	200.000	0.037	200.001	0.630	2.233	1.328	1782924096.915
174	200.000	-0.001	199.996	1.881	0.455	1.328	1782924097.213
175	200.000	0.086	200.002	1.883	6.243	1.328	1782924097.528
176	200.000	0.042	199.998	1.031	1.604	1.328	1782924097.823
177	200.000	-0.026	200.000	2.695	0.174	1.328	1782924098.090
178	200.000	-0.033	199.999	0.254	0.109	1.328	1782924098.342
179	200.000	-0.002	200.001	1.591	1.026	1.328	1782924098.602
180	200.000	-0.046	200.004	2.649	0.037	1.328	1782924098.872
181	200.000	-0.013	200.000	0.702	2.093	1.328	1782924099.165
182	200.000	0.035	199.998	1.990	0.526	1.328	1782924099.448
183	200.000	0.002	200.000	1.785	6.167	1.328	1782924099.721
184	200.000	0.032	200.000	1.363	1.773	1.328	1782924100.010
185	200.000	0.027	199.998	2.492	0.246	1.328	1782924100.239
186	200.000	-0.042	199.997	1.078	6.281	1.328	1782924100.514
187	200.000	0.029	200.004	1.339	1.573	1.328	1782924100.745
188	200.000	-0.013	199.997	2.543	0.084	1.328	1782924101.028
189	200.000	-0.030	199.999	0.500	6.037	1.328	1782924101.294
190	200.000	0.016	200.000	1.524	1.140	1.328	1782924101.569
191	200.000	0.010	200.000	2.859	0.043	1.328	1782924101.824
192	200.000	-0.023	199.997	0.442	1.418	1.328	1782924102.076
193	200.000	0.002	200.002	1.849	0.739	1.328	1782924102.379
194	200.000	-0.000	199.998	2.217	6.153	1.328	1782924102.640
195	200.000	0.058	200.000	1.222	2.120	1.328	1782924102.868
196	200.000	0.030	200.001	1.780	0.545	1.328	1782924103.147
197	200.000	0.049	200.000	1.892	6.155	1.328	1782924103.455
198	200.000	0.013	199.997	1.379	1.636	1.328	1782924103.739
199	200.000	-0.001	200.010	2.624	0.159	1.328	1782924104.013
200	200.000	-0.028	199.997	0.299	0.359	1.328	1782924104.320
201	200.000	-0.021	200.002	1.829	0.610	1.328	1782924104.645
202	200.000	-0.034	199.998	1.637	6.124	1.328	1782924104.925
203	200.000	-0.014	200.003	1.217	1.769	1.328	1782924105.189
204	200.000	-0.028	200.000	2.295	0.233	1.328	1782924105.448
205	200.000	-0.007	200.003	1.182	6.063	1.328	1782924105.700
206	200.000	-0.022	199.999	1.374	1.355	1.328	1782924105.982
207	200.000	0.011	200.000	2.580	0.122	1.328	1782924106.263
208	200.000	0.021	200.002	0.454	1.825	1.328	1782924106.564
209	200.000	0.026	200.003	1.686	0.656	1.328	1782924106.823
210	200.000	-0.047	199.997	2.370	0.047	1.328	1782924107.066
211	200.000	0.007	199.999	0.843	2.112	1.328	1782924107.332
212	200.000	-0.014	200.003	1.683	0.446	1.328	1782924107.565
213	200.000	-0.006	199.998	2.366	6.163	1.328	1782924107.848
214	200.000	-0.039	200.005	1.017	2.003	1.328	1782924108.132
215	200.000	0.002	200.004	2.165	0.215	1.328	1782924108.390
216	200.000	0.003	199.998	1.835	5.973	1.328	1782924108.628
217	200.000	0.060	199.997	1.213	1.945	1.328	1782924108.892
218	200.000	-0.037	199.999	2.358	0.246	1.328	1782924109.137
219	200.000	0.028	199.996	0.786	5.990	1.328	1782924109.454
220	200.000	-0.002	199.998	1.400	1.316	1.328	1782924109.711
221	200.000	-0.018	200.002	2.601	0.072	1.328	1782924109.976
222	200.000	-0.001	200.001	0.261	2.794	1.328	1782924110.290
223	200.000	0.006	200.004	1.975	0.542	1.328	1782924110.596
224	200.000	-0.013	200.002	1.979	6.055	1.328	1782924110.830
225	200.000	-0.007	199.998	1.168	2.108	1.328	1782924111.090
226	200.000	-0.012	199.999	2.019	0.285	1.328	1782924111.338
227	200.000	-0.027	200.002	1.653	6.042	1.328	1782924111.589
228	200.000	0.005	199.999	1.244	1.592	1.328	1782924111.892
229	200.000	0.018	200.001	2.502	0.213	1.328	1782924112.148
230	200.000	0.001	199.998	1.018	5.978	1.328	1782924112.390
231	200.000	-0.040	200.001	1.480	1.537	1.328	1782924112.625
232	200.000	-0.002	200.001	2.489	0.215	1.328	1782924112.902
233	200.000	-0.012	199.997	0.798	6.053	1.328	1782924113.149
234	200.000	-0.015	200.004	1.288	1.471	1.328	1782924113.396
235	200.000	-0.046	199.998	2.543	0.139	1.328	1782924113.657
236	200.000	-0.020	200.001	0.565	5.860	1.328	1782924113.900
237	200.000	0.017	199.997	1.376	1.206	1.328	1782924114.169
238	200.000	0.006	200.002	2.586	0.042	1.328	1782924114.474
239	200.000	0.017	199.998	0.741	2.095	1.328	1782924114.776
240	200.000	0.001	199.998	2.184	0.420	1.328	1782924115.026
241	200.000	-0.045	200.002	2.140	6.170	1.328	1782924115.257
242	200.000	-0.005	199.999	1.082	2.066	1.328	1782924115.519
243	200.000	0.008	200.002	1.989	0.348	1.328	1782924115.772
244	200.000	0.034	199.997	1.505	6.116	1.328	1782924116.088
245	200.000	0.013	200.002	1.325	1.609	1.328	1782924116.318
246	200.000	0.008	199.998	2.512	0.222	1.328	1782924116.564
247	200.000	-0.045	200.000	1.268	6.026	1.328	1782924116.805
248	200.000	-0.026	200.000	1.433	1.613	1.328	1782924117.073
249	200.000	-0.003	200.001	2.590	0.220	1.328	1782924117.319
250	200.000	0.004	199.998	1.100	5.856	1.328	1782924117.599
251	200.000	-0.029	200.000	1.419	1.255	1.328	1782924117.850
252	200.000	-0.000	199.998	2.748	0.053	1.328	1782924118.162
253	200.000	0.002	200.001	0.599	1.861	1.328	1782924118.480
254	200.000	-0.021	199.998	2.192	0.304	1.328	1782924118.782
255	200.000	-0.068	199.998	1.884	6.025	1.328	1782924119.034
256	200.000	-0.018	199.999	1.390	1.751	1.328	1782924119.256
257	200.000	-0.021	200.000	2.176	0.276	1.328	1782924119.518
258	200.000	0.006	200.001	1.578	5.991	1.328	1782924119.767
259	200.000	-0.004	199.997	1.383	1.847	1.328	1782924120.024
260	200.000	0.014	200.003	2.404	0.180	1.328	1782924120.278
261	200.000	0.004	199.998	1.613	5.836	1.328	1782924120.511
262	200.000	0.007	200.004	1.352	1.649	1.328	1782924120.770
263	200.000	-0.002	199.995	2.335	0.215	1.328	1782924121.026
264	200.000	-0.015	200.003	1.609	5.969	1.328	1782924121.272
265	200.000	-0.031	199.998	1.372	1.679	1.328	1782924121.513
266	200.000	-0.004	199.999	2.618	0.208	1.328	1782924121.765
267	200.000	0.013	199.998	1.423	5.846	1.328	1782924122.014
268	200.000	0.014	199.997	1.452	1.709	1.328	1782924122.270
269	200.000	0.004	199.997	2.524	0.167	1.328	1782924122.523
270	200.000	0.052	200.001	1.522	6.057	1.328	1782924122.777
271	200.000	-0.010	200.000	1.409	1.569	1.328	1782924123.034
272	200.000	-0.041	200.004	2.530	0.129	1.328	1782924123.344
273	200.000	0.000	200.001	0.409	5.891	1.328	1782924123.564
274	200.000	0.012	199.998	1.350	1.304	1.328	1782924123.847
275	200.000	0.022	199.998	2.334	0.006	1.328	1782924124.148
276	200.000	-0.019	199.999	0.825	2.138	1.328	1782924124.403
277	200.000	0.004	200.002	1.786	0.610	1.328	1782924124.648
278	200.000	0.003	200.003	2.082	6.142	1.328	1782924124.963
279	200.000	0.021	200.000	1.287	2.035	1.328	1782924125.218
280	200.000	0.002	200.000	2.244	0.467	1.328	1782924125.478
281	200.000	0.041	199.999	1.165	6.007	1.328	1782924125.780
282	200.000	0.011	200.000	1.512	1.573	1.328	1782924126.008
283	200.000	-0.050	199.999	2.465	0.195	1.328	1782924126.287
284	200.000	-0.010	200.000	0.316	0.247	1.328	1782924126.576
285	200.000	-0.023	200.000	1.507	1.152	1.328	1782924126.816
286	200.000	0.011	200.003	2.523	0.149	1.328	1782924127.051
287	200.000	-0.011	200.001	0.355	5.498	1.328	1782924127.331
288	200.000	-0.009	200.000	1.569	0.935	1.328	1782924127.585
289	200.000	-0.010	199.999	2.508	0.022	1.328	1782924127.840
290	200.000	-0.021	200.000	0.652	2.139	1.328	1782924128.124
291	200.000	0.009	199.999	1.952	0.564	1.328	1782924128.404
292	200.000	0.046	199.997	2.203	6.170	1.328	1782924128.637
293	200.000	0.001	199.997	1.100	1.957	1.328	1782924128.904
294	200.000	-0.017	200.000	2.264	0.580	1.328	1782924129.203
295	200.000	-0.018	200.000	1.467	6.204	1.328	1782924129.464
296	200.000	-0.010	199.997	1.308	1.494	1.328	1782924129.757
297	200.000	-0.086	200.003	2.426	0.016	1.328	1782924130.027
298	200.000	-0.026	199.998	0.121	1.491	1.328	1782924130.312
299	200.000	-0.066	200.000	1.354	0.949	1.328	1782924130.547
300	200.000	0.041	199.998	2.302	0.183	1.328	1782924130.827
301	200.000	0.048	199.999	1.454	1.944	1.328	1782924131.126
302	200.000	0.030	200.001	1.913	0.621	1.328	1782924131.364
303	200.000	0.024	199.999	2.082	6.163	1.328	1782924131.603
304	200.000	0.050	200.004	1.010	2.367	1.328	1782924131.881
305	200.000	0.028	199.998	2.036	0.677	1.328	1782924132.124
306	200.000	-0.036	200.003	1.404	5.958	1.328	1782924132.448
307	200.000	-0.006	200.005	1.655	1.807	1.328	1782924132.736
308	200.000	-0.010	200.000	2.626	0.298	1.328	1782924133.000
309	200.000	-0.020	200.000	0.244	1.701	1.328	1782924133.296
310	200.000	0.036	199.995	1.555	0.981	1.328	1782924133.530
311	200.000	0.033	200.002	2.249	0.084	1.328	1782924133.804
312	200.000	-0.024	200.002	0.746	2.201	1.328	1782924134.052
313	200.000	0.015	199.998	1.801	0.555	1.328	1782924134.362
314	200.000	-0.004	200.000	1.868	6.177	1.328	1782924134.608
315	200.000	-0.022	199.998	1.205	2.153	1.328	1782924134.857
316	200.000	-0.008	200.004	2.069	0.403	1.328	1782924135.099
317	200.000	0.055	200.001	1.736	6.128	1.328	1782924135.376
318	200.000	-0.042	199.998	1.318	1.992	1.328	1782924135.677
319	200.000	-0.019	200.003	2.428	0.110	1.328	1782924135.933
320	200.000	0.012	199.999	0.846	5.730	1.328	1782924136.178
321	200.000	0.010	199.999	1.527	1.576	1.328	1782924136.437
322	200.000	0.024	200.003	2.486	0.126	1.328	1782924136.699
323	200.000	-0.017	199.999	0.572	1.963	1.328	1782924137.021
324	200.000	-0.014	200.004	1.507	0.689	1.328	1782924137.280
325	200.000	-0.022	200.001	2.245	0.030	1.328	1782924137.499
326	200.000	-0.002	199.995	0.862	2.113	1.328	1782924137.770
327	200.000	-0.040	199.997	1.560	0.445	1.328	1782924138.031
328	200.000	-0.008	200.000	1.866	6.109	1.328	1782924138.327
329	200.000	0.063	199.998	1.267	2.375	1.328	1782924138.585
330	200.000	-0.034	200.002	2.084	0.107	1.328	1782924138.886
331	200.000	-0.063	200.005	0.706	5.731	1.328	1782924139.152
332	200.000	-0.029	200.003	1.268	1.368	1.328	1782924139.454
333	200.000	-0.065	199.998	2.369	0.129	1.328	1782924139.793
334	200.000	-0.034	199.998	1.304	2.303	1.328	1782924140.073
335	200.000	0.005	200.001	2.159	0.126	1.328	1782924140.321
336	200.000	0.001	200.000	1.334	5.856	1.328	1782924140.609
337	200.000	0.005	200.001	1.203	1.694	1.328	1782924140.914
338	200.000	-0.028	200.000	2.509	0.069	1.328	1782924141.176
339	200.000	-0.046	200.002	0.503	3.573	1.328	1782924141.446
340	200.000	-0.041	200.000	1.441	0.821	1.328	1782924141.699
341	200.000	-0.009	199.999	2.073	6.078	1.328	1782924141.973
342	200.000	-0.030	199.999	0.982	2.262	1.328	1782924142.216
343	200.000	0.059	199.998	1.517	0.427	1.328	1782924142.524
344	200.000	-0.001	200.001	1.875	6.046	1.328	1782924142.770
345	200.000	0.031	200.002	1.410	2.267	1.328	1782924143.026
346	200.000	0.053	199.997	1.959	0.391	1.328	1782924143.258
347	200.000	0.002	200.000	1.994	6.195	1.328	1782924143.532
348	200.000	-0.048	199.999	1.368	2.101	1.328	1782924143.764
349	200.000	0.043	200.000	1.684	0.209	1.328	1782924144.025
350	200.000	-0.003	199.999	1.575	6.019	1.328	1782924144.283
351	200.000	-0.013	199.998	1.269	2.065	1.328	1782924144.595
352	200.000	0.030	199.999	2.661	0.140	1.328	1782924144.836
353	200.000	-0.030	200.002	1.039	5.665	1.328	1782924145.081
354	200.000	0.052	199.996	1.254	1.711	1.328	1782924145.344
355	200.000	-0.003	200.001	2.718	0.237	1.328	1782924145.591
356	200.000	0.032	200.001	0.652	5.400	1.328	1782924145.876
357	200.000	-0.051	200.002	1.051	1.223	1.328	1782924146.166
358	200.000	-0.003	199.998	2.555	6.249	1.328	1782924146.419
359	200.000	0.046	199.998	0.574	3.134	1.328	1782924146.674
360	200.000	-0.033	199.999	1.550	0.756	1.328	1782924146.938
361	200.000	0.061	200.001	2.080	6.150	1.328	1782924147.232
362	200.000	-0.027	199.999	1.498	2.223	1.328	1782924147.467
363	200.000	-0.058	200.001	1.818	0.393	1.328	1782924147.740
364	200.000	0.009	200.000	1.763	6.058	1.328	1782924147.971
365	200.000	-0.025	199.996	1.476	2.107	1.328	1782924148.236
366	200.000	0.046	199.997	2.004	0.244	1.328	1782924148.517
367	200.000	0.005	200.002	1.446	5.735	1.328	1782924148.791
368	200.000	0.005	200.003	1.294	1.996	1.328	1782924149.095
369	200.000	0.030	199.999	2.558	6.245	1.328	1782924149.328
370	200.000	0.016	200.000	0.473	5.799	1.328	1782924149.571
371	200.000	0.034	200.001	1.387	1.704	1.328	1782924149.845
372	200.000	-0.016	200.002	2.489	6.234	1.328	1782924150.086
373	200.000	0.051	200.005	0.618	5.251	1.328	1782924150.345
374	200.000	0.066	200.001	1.196	0.951	1.328	1782924150.639
375	200.000	-0.032	200.003	2.380	6.181	1.328	1782924150.897
376	200.000	-0.012	199.998	0.427	3.157	1.328	1782924151.125
377	200.000	0.022	200.001	1.064	1.258	1.328	1782924151.391
378	200.000	-0.077	199.999	2.418	0.044	1.328	1782924151.647
379	200.000	0.023	199.999	0.727	2.627	1.328	1782924151.901
380	200.000	0.036	200.004	1.577	0.778	1.328	1782924152.145
381	200.000	-0.023	200.002	2.165	6.199	1.328	1782924152.422
382	200.000	-0.032	200.001	1.195	2.341	1.328	1782924152.691
383	200.000	-0.051	199.999	1.744	0.445	1.328	1782924152.964
384	200.000	0.074	200.005	1.201	5.842	1.328	1782924153.291
385	200.000	0.031	199.999	1.453	1.542	1.328	1782924153.579
386	200.000	0.006	199.995	2.612	0.017	1.328	1782924153.837
387	200.000	0.033	199.999	0.515	4.476	1.328	1782924154.091
388	200.000	-0.019	200.003	0.913	1.241	1.328	1782924154.339
389	200.000	-0.007	200.002	2.528	0.144	1.328	1782924154.600
390	200.000	0.054	199.999	0.632	4.360	1.328	1782924154.850
391	200.000	-0.002	199.998	1.503	0.909	1.328	1782924155.139
392	200.000	-0.027	200.005	2.023	6.258	1.328	1782924155.413
393	200.000	0.097	200.001	0.962	2.985	1.328	1782924155.656
394	200.000	-0.010	199.998	1.789	0.555	1.328	1782924155.967
395	200.000	0.004	200.000	1.907	5.725	1.328	1782924156.196
396	200.000	-0.016	199.998	1.064	2.603	1.328	1782924156.463
397	200.000	0.045	199.998	1.976	0.152	1.328	1782924156.712
398	200.000	0.006	199.999	1.758	6.097	1.328	1782924156.967
399	200.000	0.002	200.000	1.284	2.244	1.328	1782924157.234
400	200.000	0.023	200.001	2.233	0.063	1.328	1782924157.544
401	200.000	-0.039	200.000	0.614	4.850	1.328	1782924157.849
402	200.000	0.017	199.997	1.229	0.625	1.328	1782924158.154
403	200.000	-0.013	200.000	2.106	6.140	1.328	1782924158.395
404	200.000	-0.008	200.000	1.081	2.566	1.328	1782924158.657
405	200.000	0.010	200.001	1.830	0.281	1.328	1782924158.967
406	200.000	0.035	199.999	1.476	5.737	1.328	1782924159.223
407	200.000	0.010	200.002	1.183	1.925	1.328	1782924159.506
408	200.000	0.032	200.002	2.399	0.103	1.328	1782924159.771
409	200.000	-0.063	199.998	0.682	4.825	1.328	1782924160.021
410	200.000	0.058	199.999	1.450	1.782	1.328	1782924160.285
411	200.000	0.027	200.002	2.322	0.010	1.328	1782924160.570
412	200.000	-0.031	200.002	0.854	3.786	1.328	1782924160.841
413	200.000	-0.008	200.001	1.428	0.998	1.328	1782924161.066
414	200.000	0.052	199.995	2.319	6.272	1.328	1782924161.334
415	200.000	0.032	200.002	0.690	3.478	1.328	1782924161.570
416	200.000	-0.039	199.998	1.152	0.949	1.328	1782924161.847
417	200.000	-0.025	199.997	2.062	6.056	1.328	1782924162.143
418	200.000	-0.020	199.998	1.284	2.169	1.328	1782924162.463
419	200.000	0.032	200.005	2.077	6.271	1.328	1782924162.706
420	200.000	-0.011	199.997	1.329	5.724	1.328	1782924162.956
421	200.000	-0.022	200.002	1.497	2.024	1.328	1782924163.180
422	200.000	0.025	200.002	2.042	0.208	1.328	1782924163.460
423	200.000	-0.019	199.999	1.234	5.615	1.328	1782924163.695
424	200.000	-0.053	200.001	1.453	1.996	1.328	1782924163.976
425	200.000	0.011	200.001	2.222	0.103	1.328	1782924164.222
426	200.000	-0.053	200.003	0.746	5.268	1.328	1782924164.524
427	200.000	-0.030	200.001	1.340	1.079	1.328	1782924164.834
428	200.000	-0.006	200.004	2.261	6.188	1.328	1782924165.067
429	200.000	0.018	200.002	0.815	2.820	1.328	1782924165.324
430	200.000	-0.042	200.000	1.695	0.575	1.328	1782924165.589
431	200.000	0.029	199.997	2.226	6.095	1.328	1782924165.815
432	200.000	-0.053	200.002	0.931	2.904	1.328	1782924166.077
433	200.000	0.004	199.997	1.625	0.634	1.328	1782924166.328
434	200.000	-0.035	199.999	2.233	6.013	1.328	1782924166.597
435	200.000	0.034	200.000	1.340	2.563	1.328	1782924166.829
436	200.000	0.036	200.001	1.663	0.301	1.328	1782924167.095
437	200.000	0.015	200.000	1.721	5.950	1.328	1782924167.359
438	200.000	-0.005	199.999	1.298	2.414	1.328	1782924167.597
439	200.000	0.012	200.005	1.830	0.343	1.328	1782924167.843
440	200.000	0.010	200.002	1.985	5.990	1.328	1782924168.117
441	200.000	-0.031	200.000	1.356	2.309	1.328	1782924168.412
442	200.000	-0.024	200.000	2.221	0.039	1.328	1782924168.733
443	200.000	0.001	200.004	0.727	4.997	1.328	1782924168.964
444	200.000	-0.013	200.006	1.416	1.601	1.328	1782924169.244
445	200.000	0.025	200.003	2.484	0.001	1.328	1782924169.542
446	200.000	0.040	199.998	0.749	3.066	1.328	1782924169.791
447	200.000	-0.014	199.998	1.527	0.983	1.328	1782924170.039
448	200.000	-0.048	200.000	2.383	6.238	1.328	1782924170.300
449	200.000	-0.036	199.997	0.898	2.684	1.328	1782924170.615
450	200.000	0.027	199.998	2.039	0.262	1.328	1782924170.889
451	200.000	0.022	200.002	1.438	5.793	1.328	1782924171.173
452	200.000	0.025	200.001	1.510	1.895	1.328	1782924171.473
453	200.000	0.029	200.001	2.549	0.075	1.328	1782924171.735
454	200.000	-0.054	199.998	0.428	3.805	1.328	1782924172.037
455	200.000	-0.066	200.000	1.557	1.021	1.328	1782924172.272
456	200.000	0.051	199.999	2.589	6.245	1.328	1782924172.551
457	200.000	-0.002	200.002	1.064	2.672	1.328	1782924172.845
458	200.000	-0.012	199.999	1.799	0.494	1.328	1782924173.083
459	200.000	0.017	200.000	2.045	5.998	1.328	1782924173.343
460	200.000	0.067	199.999	1.290	2.431	1.328	1782924173.602
461	200.000	-0.016	200.001	1.942	0.416	1.328	1782924173.837
462	200.000	-0.008	200.003	1.996	6.000	1.328	1782924174.090
463	200.000	-0.034	200.000	1.316	2.407	1.328	1782924174.349
464	200.000	0.002	200.003	2.077	0.347	1.328	1782924174.597
465	200.000	-0.027	200.002	1.724	5.826	1.328	1782924174.865
466	200.000	0.005	200.002	1.515	2.068	1.328	1782924175.170
467	200.000	0.024	200.000	2.367	0.088	1.328	1782924175.399
468	200.000	0.018	200.000	1.139	5.355	1.328	1782924175.662
469	200.000	-0.016	199.998	1.568	1.854	1.328	1782924175.897
470	200.000	0.021	199.996	2.575	0.149	1.328	1782924176.176
471	200.000	0.016	199.997	1.129	5.108	1.328	1782924176.413
472	200.000	0.025	200.003	1.490	1.838	1.328	1782924176.637
473	200.000	0.016	199.998	2.407	0.113	1.328	1782924176.923
474	200.000	0.004	200.001	0.787	4.658	1.328	1782924177.233
475	200.000	-0.048	200.000	1.379	0.987	1.328	1782924177.498
476	200.000	0.016	200.002	2.297	6.132	1.328	1782924177.803
477	200.000	-0.019	200.000	1.326	2.439	1.328	1782924178.112
478	200.000	-0.005	199.999	2.291	0.045	1.328	1782924178.412
479	200.000	-0.024	200.003	0.874	4.655	1.328	1782924178.678
480	200.000	-0.029	200.001	1.475	1.402	1.328	1782924178.980
481	200.000	0.008	200.000	2.323	6.143	1.328	1782924179.217
482	200.000	0.002	199.998	0.788	3.718	1.328	1782924179.489
483	200.000	0.057	200.000	1.576	0.828	1.328	1782924179.777
484	200.000	0.047	200.002	2.005	6.131	1.328	1782924180.020
485	200.000	-0.016	199.999	1.289	2.780	1.328	1782924180.280
486	200.000	0.003	199.996	1.603	0.630	1.328	1782924180.538
487	200.000	0.018	200.001	1.589	5.999	1.328	1782924180.802
488	200.000	0.013	199.999	1.541	2.188	1.328	1782924181.108
489	200.000	-0.095	200.001	2.350	0.197	1.328	1782924181.348
490	200.000	-0.029	199.998	0.529	5.035	1.328	1782924181.666
491	200.000	0.023	200.000	1.261	1.234	1.328	1782924181.984
492	200.000	-0.051	199.998	2.262	0.135	1.328	1782924182.211
493	200.000	-0.000	199.998	1.049	2.839	1.328	1782924182.483
494	200.000	-0.033	200.000	1.772	0.769	1.328	1782924182.717
495	200.000	-0.004	199.997	2.040	0.042	1.328	1782924183.004
496	200.000	0.043	200.002	1.333	2.510	1.328	1782924183.288
497	200.000	-0.025	200.003	2.072	0.412	1.328	1782924183.528
498	200.000	0.022	199.998	1.537	5.784	1.328	1782924183.780
499	200.000	-0.038	200.000	1.655	2.239	1.328	1782924184.044
500	200.000	-0.004	200.003	2.079	0.191	1.328	1782924184.329
501	200.000	-0.014	200.000	1.083	5.477	1.328	1782924184.602
502	200.000	0.021	199.997	1.405	1.564	1.328	1782924184.906
503	200.000	-0.076	199.998	2.414	0.016	1.328	1782924185.164
504	200.000	-0.012	200.000	0.826	2.895	1.328	1782924185.465
505	200.000	-0.018	199.998	1.742	0.656	1.328	1782924185.722
506	200.000	0.026	200.000	2.153	6.096	1.328	1782924185.980
507	200.000	-0.006	200.001	1.347	2.330	1.328	1782924186.286
508	200.000	0.018	199.999	2.240	0.114	1.328	1782924186.622
509	200.000	-0.008	200.001	0.458	4.052	1.328	1782924186.897
510	200.000	0.057	200.002	1.582	1.349	1.328	1782924187.155
511	200.000	-0.029	199.998	2.243	6.250	1.328	1782924187.415
512	200.000	-0.019	200.003	0.788	3.168	1.328	1782924187.667
513	200.000	0.012	200.000	1.720	0.860	1.328	1782924187.972
514	200.000	-0.003	199.999	1.956	6.023	1.328	1782924188.239
515	200.000	0.021	199.998	1.462	2.267	1.328	1782924188.552
516	200.000	-0.023	200.001	2.227	0.321	1.328	1782924188.785
517	200.000	0.010	200.000	1.555	5.780	1.328	1782924189.037
518	200.000	0.040	199.996	1.680	2.001	1.328	1782924189.301
519	200.000	0.012	199.999	2.177	0.260	1.328	1782924189.562
520	200.000	-0.027	200.001	0.867	5.285	1.328	1782924189.865
521	200.000	-0.017	200.002	1.596	1.624	1.328	1782924190.101
522	200.000	-0.006	200.005	2.365	0.086	1.328	1782924190.359
523	200.000	0.033	200.001	0.673	4.756	1.328	1782924190.615
524	200.000	-0.046	200.001	1.759	1.338	1.328	1782924190.866
525	200.000	0.012	199.999	2.504	0.016	1.328	1782924191.131
526	200.000	-0.010	199.999	0.491	2.959	1.328	1782924191.420
527	200.000	0.034	200.000	1.929	0.870	1.328	1782924191.674
528	200.000	0.018	200.001	2.097	6.032	1.328	1782924191.939
529	200.000	-0.025	199.999	1.118	2.636	1.328	1782924192.254
530	200.000	0.029	200.000	2.216	0.298	1.328	1782924192.561
531	200.000	-0.024	199.997	0.667	5.044	1.328	1782924192.884
532	200.000	0.006	200.001	1.900	1.274	1.328	1782924193.121
533	200.000	0.032	200.001	2.510	0.012	1.328	1782924193.357
534	200.000	-0.013	199.998	0.588	3.250	1.328	1782924193.682
535	200.000	0.041	200.004	1.737	0.891	1.328	1782924193.937
536	200.000	0.023	199.998	2.313	6.113	1.328	1782924194.202
537	200.000	-0.050	199.999	1.140	2.716	1.328	1782924194.484
538	200.000	-0.069	200.000	2.068	0.273	1.328	1782924194.785
539	200.000	-0.007	200.002	1.346	5.637	1.328	1782924195.022
540	200.000	-0.020	200.000	1.768	2.105	1.328	1782924195.266
541	200.000	0.030	200.000	2.191	0.234	1.328	1782924195.532
542	200.000	-0.070	200.002	1.252	5.583	1.328	1782924195.780
543	200.000	0.007	199.997	1.859	2.013	1.328	1782924196.027
544	200.000	-0.042	199.999	2.356	0.124	1.328	1782924196.292
545	200.000	-0.075	199.998	0.721	4.934	1.328	1782924196.593
546	200.000	0.029	199.998	1.682	1.444	1.328	1782924196.828
547	200.000	0.038	200.003	2.423	0.069	1.328	1782924197.101
548	200.000	-0.053	200.000	0.784	3.795	1.328	1782924197.328
549	200.000	0.008	200.000	1.742	1.300	1.328	1782924197.599
550	200.000	-0.011	200.001	2.437	0.088	1.328	1782924197.831
551	200.000	-0.002	199.998	0.555	4.205	1.328	1782924198.105
552	200.000	0.032	200.001	1.782	0.946	1.328	1782924198.395
553	200.000	-0.003	199.999	2.091	5.965	1.328	1782924198.668
554	200.000	-0.028	199.997	1.674	2.055	1.328	1782924198.954
555	200.000	-0.018	199.999	2.217	0.274	1.328	1782924199.215
556	200.000	-0.065	200.001	1.485	5.681	1.328	1782924199.443
557	200.000	-0.012	200.001	1.657	2.019	1.328	1782924199.732
558	200.000	0.020	200.002	2.307	0.082	1.328	1782924200.033
559	200.000	0.044	199.998	0.757	4.652	1.328	1782924200.273
560	200.000	-0.036	199.998	1.825	1.497	1.328	1782924200.502
561	200.000	0.005	199.998	2.459	0.125	1.328	1782924200.774
562	200.000	-0.052	199.999	0.590	4.298	1.328	1782924201.020
563	200.000	-0.053	200.003	1.625	1.070	1.328	1782924201.355
564	200.000	0.015	200.001	2.035	6.109	1.328	1782924201.650
565	200.000	-0.015	200.001	1.461	2.307	1.328	1782924201.861
566	200.000	0.025	200.004	1.959	0.544	1.328	1782924202.147
567	200.000	0.044	200.006	1.727	6.032	1.328	1782924202.383
568	200.000	-0.010	200.002	1.635	2.158	1.328	1782924202.638
569	200.000	-0.013	200.001	2.108	0.385	1.328	1782924202.879
570	200.000	-0.002	199.998	1.428	5.967	1.328	1782924203.136
571	200.000	-0.008	199.998	1.641	2.019	1.328	1782924203.387
572	200.000	0.066	200.001	2.117	0.301	1.328	1782924203.642
573	200.000	-0.006	200.000	1.416	5.869	1.328	1782924203.921
574	200.000	0.047	200.000	1.840	1.826	1.328	1782924204.151
575	200.000	-0.049	199.997	2.099	0.262	1.328	1782924204.426
576	200.000	-0.018	200.002	0.941	5.669	1.328	1782924204.661
577	200.000	-0.020	199.998	1.716	1.956	1.328	1782924204.938
578	200.000	-0.040	200.000	2.287	0.089	1.328	1782924205.236
579	200.000	-0.083	199.998	0.652	3.758	1.328	1782924205.490
580	200.000	0.029	200.000	1.700	1.309	1.328	1782924205.732
581	200.000	-0.039	200.000	2.258	6.252	1.328	1782924206.001
582	200.000	-0.063	200.001	0.699	3.082	1.328	1782924206.256
583	200.000	-0.031	199.998	1.800	0.747	1.328	1782924206.572
584	200.000	-0.041	199.998	2.152	6.186	1.328	1782924206.826
585	200.000	0.039	200.001	1.311	2.212	1.328	1782924207.109
586	200.000	0.011	199.999	1.974	0.228	1.328	1782924207.387
587	200.000	0.075	199.994	0.880	5.459	1.328	1782924207.674
588	200.000	-0.001	199.999	1.653	1.699	1.328	1782924207.929
589	200.000	0.025	200.000	2.139	0.163	1.328	1782924208.191
590	200.000	-0.047	199.997	0.940	5.145	1.328	1782924208.460
591	200.000	-0.041	199.995	1.745	1.510	1.328	1782924208.686
592	200.000	0.031	199.999	2.313	0.087	1.328	1782924208.971
593	200.000	-0.047	200.000	0.629	4.070	1.328	1782924209.227
594	200.000	-0.017	200.001	1.579	1.175	1.328	1782924209.538
595	200.000	0.005	200.002	2.176	6.173	1.328	1782924209.771
596	200.000	-0.024	200.001	0.638	3.552	1.328	1782924210.029
597	200.000	0.002	199.998	1.842	1.038	1.328	1782924210.251
598	200.000	-0.020	200.001	2.231	6.171	1.328	1782924210.558
599	200.000	0.082	199.999	1.048	2.697	1.328	1782924210.789
600	200.000	0.022	200.001	1.689	1.050	1.328	1782924211.049
601	200.000	0.019	200.000	2.136	6.172	1.328	1782924211.309
602	200.000	0.009	200.000	0.930	3.006	1.328	1782924211.600
603	200.000	0.029	200.000	1.885	0.587	1.328	1782924211.904
604	200.000	0.008	199.998	1.216	5.405	1.328	1782924212.151
605	200.000	0.030	199.993	1.711	1.787	1.328	1782924212.454
606	200.000	0.018	199.999	2.422	0.142	1.328	1782924212.717
607	200.000	-0.002	200.002	0.587	3.835	1.328	1782924213.024
608	200.000	0.009	200.000	1.726	0.987	1.328	1782924213.250
609	200.000	0.002	199.997	2.037	6.116	1.328	1782924213.542
610	200.000	-0.074	200.000	0.867	2.582	1.328	1782924213.787
611	200.000	-0.060	199.998	1.651	0.793	1.328	1782924214.039
612	200.000	0.044	199.997	2.098	6.178	1.328	1782924214.268
613	200.000	0.024	200.001	0.925	3.134	1.328	1782924214.529
614	200.000	0.021	200.000	1.874	0.893	1.328	1782924214.768
615	200.000	0.022	200.003	2.087	6.282	1.328	1782924215.043
616	200.000	-0.027	199.998	1.370	2.309	1.328	1782924215.336
617	200.000	-0.042	200.001	2.145	0.329	1.328	1782924215.657
618	200.000	-0.004	199.998	0.616	5.138	1.328	1782924215.964
619	200.000	-0.017	200.002	1.890	1.381	1.328	1782924216.193
620	200.000	-0.012	200.006	2.364	0.024	1.328	1782924216.453
621	200.000	0.025	199.997	0.774	4.240	1.328	1782924216.717
622	200.000	0.030	200.001	1.542	0.929	1.328	1782924217.016
623	200.000	-0.057	199.995	2.040	6.187	1.328	1782924217.255
624	200.000	-0.043	199.994	0.841	3.122	1.328	1782924217.504
625	200.000	-0.010	200.000	1.801	0.873	1.328	1782924217.767
626	200.000	-0.029	199.997	1.793	6.120	1.328	1782924218.051
627	200.000	0.017	199.998	1.151	2.632	1.328	1782924218.295
628	200.000	0.016	200.002	1.935	0.511	1.328	1782924218.563
629	200.000	0.016	200.000	1.286	5.700	1.328	1782924218.860
630	200.000	0.027	200.001	1.536	1.617	1.328	1782924219.144
631	200.000	-0.069	200.001	2.223	0.001	1.328	1782924219.461
632	200.000	0.003	200.001	0.754	3.712	1.328	1782924219.692
633	200.000	0.040	200.004	1.829	1.255	1.328	1782924219.963
634	200.000	-0.025	200.002	2.143	6.246	1.328	1782924220.205
635	200.000	0.021	199.999	0.893	3.939	1.328	1782924220.464
636	200.000	-0.062	200.001	1.666	1.094	1.328	1782924220.703
637	200.000	-0.010	199.997	1.957	6.223	1.328	1782924220.973
638	200.000	-0.011	200.001	1.050	2.595	1.328	1782924221.257
639	200.000	0.062	199.999	1.725	0.796	1.328	1782924221.516
640	200.000	0.007	199.999	1.623	5.948	1.328	1782924221.778
641	200.000	0.037	200.000	1.544	2.377	1.328	1782924222.009
642	200.000	0.000	199.997	1.854	0.515	1.328	1782924222.275
643	200.000	-0.046	199.999	1.623	5.933	1.328	1782924222.535
644	200.000	-0.064	200.000	1.509	2.102	1.328	1782924222.807
645	200.000	0.042	200.002	2.141	0.171	1.328	1782924223.058
646	200.000	-0.039	199.999	1.056	5.428	1.328	1782924223.317
647	200.000	-0.007	200.002	1.870	1.796	1.328	1782924223.546
648	200.000	-0.029	200.001	2.043	0.089	1.328	1782924223.823
649	200.000	0.044	200.000	0.742	4.212	1.328	1782924224.130
650	200.000	0.008	199.999	1.680	1.117	1.328	1782924224.379
651	200.000	-0.035	200.003	2.140	6.174	1.328	1782924224.619
652	200.000	0.021	200.002	0.779	3.621	1.328	1782924224.892
653	200.000	0.001	200.001	1.756	0.871	1.328	1782924225.197
654	200.000	0.033	199.998	1.513	5.783	1.328	1782924225.485
655	200.000	0.032	200.002	1.811	2.072	1.328	1782924225.750
656	200.000	0.047	199.999	2.196	0.277	1.328	1782924225.980
657	200.000	-0.015	199.999	1.550	5.681	1.328	1782924226.238
658	200.000	0.082	199.998	1.713	1.969	1.328	1782924226.491
659	200.000	-0.001	200.000	2.226	0.148	1.328	1782924226.801
660	200.000	0.016	199.999	0.786	4.997	1.328	1782924227.034
661	200.000	-0.050	200.003	1.739	1.637	1.328	1782924227.309
662	200.000	-0.003	200.001	2.163	0.002	1.328	1782924227.546
663	200.000	0.029	199.999	0.823	4.668	1.328	1782924227.820
664	200.000	0.003	200.000	1.670	1.230	1.328	1782924228.131
665	200.000	-0.008	199.994	1.636	5.993	1.328	1782924228.433
666	200.000	0.046	200.003	1.638	2.433	1.328	1782924228.690
667	200.000	-0.033	200.002	2.013	0.404	1.328	1782924228.970
668	200.000	-0.007	200.005	1.083	5.401	1.328	1782924229.243
669	200.000	-0.013	200.002	1.848	1.850	1.328	1782924229.479
670	200.000	-0.046	200.004	2.227	0.157	1.328	1782924229.745
671	200.000	0.018	200.000	0.825	5.204	1.328	1782924229.970
672	200.000	0.005	200.001	1.714	1.773	1.328	1782924230.231
673	200.000	-0.009	200.002	2.047	0.048	1.328	1782924230.491
674	200.000	-0.012	199.997	0.907	4.815	1.328	1782924230.762
675	200.000	0.045	200.002	1.748	1.399	1.328	1782924231.054
676	200.000	-0.013	200.002	2.288	6.220	1.328	1782924231.364
677	200.000	-0.006	199.997	1.134	3.212	1.328	1782924231.619
678	200.000	-0.037	200.000	1.780	0.631	1.328	1782924231.915
679	200.000	0.000	200.006	1.789	5.883	1.328	1782924232.175
680	200.000	0.010	200.003	1.508	2.418	1.328	1782924232.442
681	200.000	-0.033	200.001	1.929	0.490	1.328	1782924232.679
682	200.000	-0.023	200.003	1.543	5.809	1.328	1782924232.929
683	200.000	0.005	200.004	1.825	2.193	1.328	1782924233.165
684	200.000	-0.027	200.000	1.937	0.429	1.328	1782924233.422
685	200.000	0.037	199.998	1.547	5.830	1.328	1782924233.680
686	200.000	0.035	199.999	1.703	2.203	1.328	1782924233.948
687	200.000	0.035	199.997	1.995	0.282	1.328	1782924234.166
688	200.000	0.073	200.000	1.598	5.874	1.328	1782924234.438
689	200.000	-0.045	199.997	1.599	2.262	1.328	1782924234.692
690	200.000	-0.011	199.997	2.120	0.304	1.328	1782924234.995
691	200.000	0.066	200.001	1.010	4.728	1.328	1782924235.227
692	200.000	-0.023	199.996	1.851	1.772	1.328	1782924235.503
693	200.000	0.034	200.003	2.258	0.077	1.328	1782924235.808
694	200.000	-0.026	200.000	0.919	4.191	1.328	1782924236.048
695	200.000	-0.008	199.996	1.792	1.445	1.328	1782924236.283
696	200.000	0.024	200.001	2.300	0.051	1.328	1782924236.555
697	200.000	-0.002	199.997	1.080	3.685	1.328	1782924236.807
698	200.000	-0.029	199.996	1.815	0.914	1.328	1782924237.128
699	200.000	-0.015	199.999	1.659	5.824	1.328	1782924237.359
700	200.000	0.030	199.999	1.522	2.263	1.328	1782924237.673
701	200.000	0.034	200.002	2.160	0.094	1.328	1782924237.955
702	200.000	-0.011	200.003	1.384	5.486	1.328	1782924238.235
703	200.000	0.011	199.998	1.934	1.586	1.328	1782924238.502
704	200.000	-0.043	200.002	2.110	6.264	1.328	1782924238.828
705	200.000	-0.038	200.000	1.395	2.711	1.328	1782924239.143
706	200.000	-0.030	199.997	1.926	0.364	1.328	1782924239.439
707	200.000	0.051	199.998	1.138	5.141	1.328	1782924239.747
708	200.000	0.015	200.001	1.867	1.232	1.328	1782924240.046
709	200.000	-0.044	199.999	1.994	6.149	1.328	1782924240.305
710	200.000	-0.020	199.999	1.187	2.844	1.328	1782924240.623
711	200.000	-0.015	199.999	1.792	0.581	1.328	1782924240.849
712	200.000	0.036	200.002	1.798	5.829	1.328	1782924241.123
713	200.000	0.038	200.000	1.603	2.399	1.328	1782924241.349
714	200.000	0.083	200.001	1.809	0.523	1.328	1782924241.624
715	200.000	-0.043	200.002	1.551	5.705	1.328	1782924241.868
716	200.000	0.008	200.000	1.618	2.202	1.328	1782924242.154
717	200.000	0.082	199.996	1.903	0.297	1.328	1782924242.426
718	200.000	-0.056	199.995	1.293	5.145	1.328	1782924242.670
719	200.000	0.038	200.000	1.790	1.938	1.328	1782924242.928
720	200.000	-0.027	200.000	2.154	0.303	1.328	1782924243.164
721	200.000	0.036	200.003	1.362	5.604	1.328	1782924243.439
722	200.000	0.039	200.001	1.748	1.851	1.328	1782924243.739
723	200.000	0.014	200.001	2.214	0.130	1.328	1782924243.959
724	200.000	0.040	199.997	1.301	5.466	1.328	1782924244.248
725	200.000	0.040	200.002	1.974	1.551	1.328	1782924244.482
726	200.000	0.034	199.998	2.187	0.075	1.328	1782924244.742
727	200.000	-0.020	200.001	1.267	4.749	1.328	1782924245.002
728	200.000	-0.043	200.000	1.789	1.247	1.328	1782924245.297
729	200.000	-0.065	199.999	2.199	6.229	1.328	1782924245.533
730	200.000	-0.000	200.002	1.649	5.371	1.328	1782924245.816
731	200.000	0.015	200.007	1.813	1.343	1.328	1782924246.110
732	200.000	0.094	199.998	2.020	6.047	1.328	1782924246.375
733	200.000	0.049	200.000	1.094	2.987	1.328	1782924246.686
734	200.000	0.010	200.002	2.056	0.541	1.328	1782924246.998
735	200.000	-0.038	200.001	1.659	5.333	1.328	1782924247.245
736	200.000	-0.036	200.002	1.866	2.033	1.328	1782924247.563
737	200.000	-0.032	199.998	2.020	0.102	1.328	1782924247.861
738	200.000	-0.003	200.005	1.251	4.686	1.328	1782924248.109
739	200.000	-0.029	199.999	2.019	1.300	1.328	1782924248.385
740	200.000	-0.059	200.000	2.027	5.707	1.328	1782924248.633
741	200.000	-0.045	199.999	1.245	3.857	1.328	1782924248.861
742	200.000	-0.032	199.995	2.060	1.587	1.328	1782924249.128
743	200.000	-0.041	199.999	2.005	6.130	1.328	1782924249.388
744	200.000	0.000	199.999	1.199	3.848	1.328	1782924249.702
745	200.000	-0.042	200.003	1.958	0.986	1.328	1782924249.930
746	200.000	0.010	200.001	1.976	6.024	1.328	1782924250.199
747	200.000	-0.038	200.002	1.374	3.046	1.328	1782924250.450
748	200.000	-0.043	200.003	1.938	0.440	1.328	1782924250.727
749	200.000	0.036	200.001	1.800	5.737	1.328	1782924250.993
750	200.000	0.064	200.000	2.146	2.396	1.328	1782924251.251
751	200.000	0.054	199.997	2.130	0.500	1.328	1782924251.493
752	200.000	-0.016	200.001	1.809	5.509	1.328	1782924251.742
753	200.000	0.011	200.001	1.803	2.962	1.328	1782924252.000
754	200.000	-0.030	200.001	2.584	1.282	1.328	1782924252.255
755	200.000	0.002	200.000	2.139	1.389	1.328	1782924252.518
756	200.000	-0.028	199.999	2.161	1.266	1.328	1782924252.774
757	200.000	0.011	199.999	2.205	1.323	1.328	1782924253.016
758	200.000	0.015	200.000	2.219	1.355	1.328	1782924253.269
759	200.000	-0.025	199.999	2.276	1.255	1.328	1782924253.515
760	200.000	-0.007	200.002	2.184	1.293	1.328	1782924253.740
761	200.000	0.012	200.002	2.137	1.385	1.328	1782924254.019
762	200.000	-0.052	200.000	2.176	1.346	1.328	1782924254.263
763	200.000	-0.019	199.999	2.256	1.293	1.328	1782924254.538
764	200.000	-0.028	200.002	2.222	1.275	1.328	1782924254.776
765	200.000	-0.015	200.006	2.188	1.271	1.328	1782924255.023
766	200.000	0.001	200.001	2.025	1.269	1.328	1782924255.269
767	200.000	0.019	200.003	2.196	1.221	1.328	1782924255.523
768	200.000	0.012	199.999	2.047	1.262	1.328	1782924255.803
769	200.000	0.025	200.002	2.074	1.284	1.328	1782924256.108
770	200.000	0.052	200.005	2.189	1.286	1.328	1782924256.361
771	200.000	0.038	199.999	1.913	1.323	1.328	1782924256.582
772	200.000	-0.024	200.000	2.186	1.305	1.328	1782924256.871
773	200.000	-0.007	200.002	2.166	1.278	1.328	1782924257.171
774	200.000	0.004	199.997	2.164	1.314	1.328	1782924257.417
775	200.000	-0.005	200.003	2.188	1.340	1.328	1782924257.655
776	200.000	0.056	200.002	2.213	1.311	1.328	1782924257.928
777	200.000	0.033	200.002	2.004	1.260	1.328	1782924258.223
778	200.000	-0.005	200.000	2.218	1.267	1.328	1782924258.471
779	200.000	-0.031	200.000	2.097	1.310	1.328	1782924258.742
780	200.000	-0.004	200.000	2.030	1.361	1.328	1782924259.034
781	200.000	0.018	200.003	2.107	1.348	1.328	1782924259.267
782	200.000	0.001	199.998	2.137	1.322	1.328	1782924259.524
783	200.000	0.001	199.998	1.972	1.326	1.328	1782924259.795
784	200.000	0.004	199.999	2.090	1.297	1.328	1782924260.052
785	200.000	-0.005	199.999	2.202	1.280	1.328	1782924260.348
786	200.000	0.028	200.000	2.205	1.287	1.328	1782924260.595
787	200.000	0.051	199.994	2.163	1.346	1.328	1782924260.859
788	200.000	0.000	200.003	2.148	1.302	1.328	1782924261.165
789	200.000	0.008	199.997	2.062	1.308	1.328	1782924261.410
790	200.000	0.009	200.003	2.020	1.280	1.328	1782924261.656
791	200.000	-0.010	199.998	2.154	1.294	1.328	1782924261.906
792	200.000	-0.047	199.998	2.103	1.283	1.328	1782924262.165
793	200.000	0.005	200.000	1.997	1.286	1.328	1782924262.422
794	200.000	0.017	199.997	1.896	1.297	1.328	1782924262.666
795	200.000	0.036	199.999	2.050	1.293	1.328	1782924262.996
796	200.000	0.019	199.999	2.213	1.287	1.328	1782924263.309
797	200.000	0.018	200.002	2.304	1.344	1.328	1782924263.596
798	200.000	0.074	200.006	2.135	1.385	1.328	1782924263.861
799	200.000	0.051	199.998	2.043	1.336	1.328	1782924264.109
800	200.000	0.006	200.002	2.039	1.290	1.328	1782924264.394
801	200.000	-0.012	199.996	2.085	1.367	1.328	1782924264.668
802	200.000	-0.048	200.004	2.170	1.300	1.328	1782924264.885
803	200.000	0.058	199.999	2.090	1.329	1.328	1782924265.184
804	200.000	-0.058	199.998	2.139	1.320	1.328	1782924265.461
805	200.000	-0.042	200.000	2.231	1.280	1.328	1782924265.727
806	200.000	-0.035	199.994	2.058	1.342	1.328	1782924265.967
807	200.000	-0.006	199.999	2.109	1.394	1.328	1782924266.245
808	200.000	0.060	200.002	2.004	1.293	1.328	1782924266.546
809	200.000	0.037	200.000	2.157	1.301	1.328	1782924266.806
810	200.000	0.002	200.000	1.887	1.307	1.328	1782924267.092
811	200.000	0.008	200.003	2.106	1.368	1.328	1782924267.350
812	200.000	-0.003	200.001	2.066	1.309	1.328	1782924267.612
813	200.000	0.020	199.999	1.989	1.321	1.328	1782924267.853
814	200.000	-0.009	199.998	2.106	1.302	1.328	1782924268.084
815	200.000	-0.009	199.999	2.090	1.350	1.328	1782924268.345
816	200.000	0.023	199.996	2.000	1.289	1.328	1782924268.601
817	200.000	-0.019	199.999	2.114	1.349	1.328	1782924268.915
818	200.000	0.032	200.000	1.932	1.354	1.328	1782924269.165
819	200.000	0.041	199.999	2.012	1.307	1.328	1782924269.424
820	200.000	-0.013	199.999	2.126	1.248	1.328	1782924269.716
821	200.000	0.027	200.002	1.985	1.319	1.328	1782924269.957
822	200.000	-0.057	200.000	2.025	1.288	1.328	1782924270.240
823	200.000	0.018	199.997	2.109	1.279	1.328	1782924270.536
824	200.000	-0.072	200.001	2.675	1.438	1.328	1782924270.790
825	200.000	0.018	199.998	2.175	1.374	1.328	1782924271.109
826	200.000	-0.011	200.004	2.093	1.306	1.328	1782924271.398
827	200.000	-0.015	199.999	2.107	1.304	1.328	1782924271.649
828	200.000	-0.021	200.003	2.050	1.276	1.328	1782924271.908
829	200.000	0.042	200.001	1.982	1.398	1.328	1782924272.171
830	200.000	-0.002	199.999	2.142	1.324	1.328	1782924272.426
831	200.000	0.048	199.999	1.969	1.323	1.328	1782924272.722
832	200.000	0.020	200.004	1.925	1.316	1.328	1782924272.990
833	200.000	-0.020	199.997	2.095	1.322	1.328	1782924273.237
834	200.000	-0.032	200.004	1.995	1.289	1.328	1782924273.507
835	200.000	-0.005	200.000	2.051	1.338	1.328	1782924273.772
836	200.000	0.002	199.999	2.059	1.289	1.328	1782924274.062
837	200.000	0.048	199.997	2.127	1.389	1.328	1782924274.307
838	200.000	-0.004	200.000	2.040	1.309	1.328	1782924274.558
839	200.000	0.010	200.003	2.126	1.339	1.328	1782924274.819
840	200.000	-0.018	199.999	2.040	1.370	1.328	1782924275.096
841	200.000	-0.033	199.997	2.157	1.368	1.328	1782924275.367
842	200.000	0.027	200.001	1.951	1.350	1.328	1782924275.674
843	200.000	0.006	200.002	2.148	1.314	1.328	1782924275.957
844	200.000	0.042	200.002	2.006	1.302	1.328	1782924276.218
845	200.000	0.043	199.997	2.148	1.334	1.328	1782924276.467
846	200.000	-0.019	200.003	2.105	1.301	1.328	1782924276.731
847	200.000	-0.063	200.003	2.108	1.324	1.328	1782924277.032
848	200.000	0.008	199.999	1.995	1.409	1.328	1782924277.282
849	200.000	-0.032	200.000	2.126	1.265	1.328	1782924277.544
850	200.000	0.000	200.003	2.026	1.321	1.328	1782924277.807
851	200.000	-0.007	199.996	2.096	1.331	1.328	1782924278.100
852	200.000	0.012	200.004	2.140	1.337	1.328	1782924278.361
853	200.000	0.009	199.999	2.009	1.290	1.328	1782924278.609
854	200.000	0.015	200.005	2.178	1.363	1.328	1782924278.919
855	200.000	0.028	200.003	1.971	1.352	1.328	1782924279.207
856	200.000	0.023	200.000	2.335	1.239	1.328	1782924279.484
857	200.000	0.059	199.997	2.269	1.367	1.328	1782924279.713
858	200.000	-0.012	200.004	2.104	1.294	1.328	1782924279.989
859	200.000	0.010	199.997	2.245	1.307	1.328	1782924280.292
860	200.000	-0.023	200.000	2.217	1.327	1.328	1782924280.546
861	200.000	0.045	200.003	2.001	1.291	1.328	1782924280.784
862	200.000	0.062	199.997	2.050	1.299	1.328	1782924281.031
863	200.000	0.063	200.004	2.021	1.387	1.328	1782924281.296
864	200.000	0.029	199.997	2.014	1.254	1.328	1782924281.542
865	200.000	0.001	199.999	2.186	1.297	1.328	1782924281.795
866	200.000	0.002	199.997	2.328	1.289	1.328	1782924282.107
867	200.000	-0.004	199.998	2.741	1.293	1.328	1782924282.340
868	200.000	-0.063	199.999	2.062	1.322	1.328	1782924282.618
869	200.000	0.069	200.003	2.165	1.294	1.328	1782924282.918
870	200.000	0.031	199.997	2.183	1.259	1.328	1782924283.163
871	200.000	0.013	200.004	2.050	1.310	1.328	1782924283.406
872	200.000	-0.050	200.000	2.335	1.269	1.328	1782924283.656
873	200.000	-0.005	200.002	2.036	1.277	1.328	1782924283.905
874	200.000	0.026	200.001	2.217	1.311	1.328	1782924284.175
875	200.000	-0.011	199.997	1.966	1.172	1.328	1782924284.405
876	200.000	-0.029	200.001	2.084	1.246	1.328	1782924284.638
877	200.000	0.043	200.001	2.187	1.279	1.328	1782924284.919
878	200.000	0.000	199.996	2.049	1.286	1.328	1782924285.159
879	200.000	0.010	199.996	2.174	1.260	1.328	1782924285.402
880	200.000	0.005	200.006	1.920	1.326	1.328	1782924285.663
881	200.000	0.013	200.000	2.076	1.302	1.328	1782924285.948
882	200.000	0.001	200.000	2.053	1.297	1.328	1782924286.219
883	200.000	0.016	200.001	2.073	1.263	1.328	1782924286.483
884	200.000	0.033	200.002	2.155	1.327	1.328	1782924286.709
885	200.000	-0.026	200.001	2.065	1.288	1.328	1782924286.973
886	200.000	-0.040	200.001	2.084	1.307	1.328	1782924287.226
887	200.000	-0.020	200.001	2.147	1.305	1.328	1782924287.485
888	200.000	0.010	200.003	2.101	1.283	1.328	1782924287.734
889	200.000	-0.009	200.000	2.133	1.227	1.328	1782924287.966
890	200.000	-0.010	199.998	2.179	1.266	1.328	1782924288.220
891	200.000	0.056	200.002	2.003	1.318	1.328	1782924288.483
892	200.000	0.081	199.998	2.089	1.275	1.328	1782924288.797
893	200.000	0.017	200.000	2.144	1.275	1.328	1782924289.041
894	200.000	0.055	200.001	1.993	1.302	1.328	1782924289.305
895	200.000	-0.029	199.999	1.914	1.241	1.328	1782924289.606
896	200.000	-0.017	200.004	1.991	1.285	1.328	1782924289.866
897	200.000	-0.011	199.999	2.135	1.321	1.328	1782924290.178
898	200.000	0.053	199.998	2.228	1.290	1.328	1782924290.510
899	200.000	-0.008	200.003	2.211	1.272	1.328	1782924290.808
900	200.000	-0.021	200.001	2.149	1.233	1.328	1782924291.095
901	200.000	-0.051	199.997	2.085	1.333	1.328	1782924291.426
902	200.000	-0.009	200.003	2.043	1.303	1.328	1782924291.731
903	200.000	0.027	200.001	2.082	1.367	1.328	1782924291.957
904	200.000	0.034	199.995	1.974	1.276	1.328	1782924292.203
905	200.000	-0.061	199.997	2.153	1.310	1.328	1782924292.452
906	200.000	-0.041	200.001	2.006	1.338	1.328	1782924292.718
907	200.000	0.013	200.003	2.051	1.301	1.328	1782924292.993
908	200.000	0.064	199.997	2.150	1.363	1.328	1782924293.283
909	200.000	-0.014	199.999	2.053	1.296	1.328	1782924293.525
910	200.000	0.033	200.005	2.067	1.311	1.328	1782924293.798
911	200.000	0.046	199.997	2.141	1.275	1.328	1782924294.039
912	200.000	-0.053	200.002	2.196	1.371	1.328	1782924294.283
913	200.000	-0.004	200.003	2.092	1.333	1.328	1782924294.538
914	200.000	-0.044	200.003	2.039	1.314	1.328	1782924294.787
915	200.000	0.011	200.000	2.182	1.289	1.328	1782924295.097
916	200.000	-0.011	199.995	2.071	1.352	1.328	1782924295.348
917	200.000	0.066	199.997	2.174	1.306	1.328	1782924295.617
918	200.000	-0.002	199.998	2.227	1.345	1.328	1782924295.920
919	200.000	0.011	200.001	2.186	1.305	1.328	1782924296.147
920	200.000	-0.064	200.000	2.137	1.325	1.328	1782924296.416
921	200.000	-0.050	200.002	2.162	1.339	1.328	1782924296.672
922	200.000	0.050	200.000	2.150	1.336	1.328	1782924296.964
923	200.000	-0.055	199.997	2.028	1.325	1.328	1782924297.223
924	200.000	-0.022	199.999	2.094	1.333	1.328	1782924297.519
925	200.000	0.010	199.999	2.172	1.335	1.328	1782924297.771
926	200.000	0.021	200.001	2.103	1.271	1.328	1782924298.034
927	200.000	-0.046	200.003	2.152	1.364	1.328	1782924298.268
928	200.000	0.001	200.001	2.074	1.365	1.328	1782924298.535
929	200.000	0.060	200.001	2.263	1.385	1.328	1782924298.775
930	200.000	0.071	200.002	2.181	1.366	1.328	1782924299.054
931	200.000	-0.009	199.999	2.136	1.299	1.328	1782924299.301
932	200.000	0.027	200.000	2.153	1.326	1.328	1782924299.592
933	200.000	-0.026	199.999	2.145	1.429	1.328	1782924299.923
934	200.000	0.019	199.999	2.069	1.445	1.328	1782924300.182
935	200.000	-0.032	200.001	2.116	1.393	1.328	1782924300.473
936	200.000	0.098	199.998	1.720	1.465	1.328	1782924300.766
937	200.000	0.068	200.000	2.025	1.398	1.328	1782924301.022
938	200.000	0.237	199.997	0.993	1.594	1.328	1782924301.265
939	200.000	-0.005	200.000	2.112	1.363	1.328	1782924301.520
940	200.000	-0.027	199.998	2.057	1.409	1.328	1782924301.783
941	200.000	0.019	199.999	2.089	1.358	1.328	1782924302.045
942	200.000	-0.030	199.999	2.104	1.362	1.328	1782924302.270
943	200.000	0.044	200.001	2.203	1.379	1.328	1782924302.561
944	200.000	-0.000	199.996	2.069	1.379	1.328	1782924302.799
945	200.000	0.002	200.001	2.098	1.378	1.328	1782924303.104
946	200.000	-0.018	200.003	2.263	1.441	1.328	1782924303.341
947	200.000	0.036	199.999	2.306	1.304	1.328	1782924303.597
948	200.000	0.036	199.999	2.335	1.245	1.328	1782924303.849
949	200.000	0.026	200.003	1.909	1.455	1.328	1782924304.108
950	200.000	-0.090	200.003	2.193	1.333	1.328	1782924304.337
951	200.000	0.029	199.997	2.185	1.387	1.328	1782924304.612
952	200.000	-0.007	200.002	2.197	1.323	1.328	1782924304.853
953	200.000	-0.006	200.001	2.252	1.352	1.328	1782924305.088
954	200.000	-0.013	200.001	2.215	1.347	1.328	1782924305.356
955	200.000	0.039	200.001	2.423	1.340	1.328	1782924305.595
956	200.000	-0.023	200.002	2.107	1.443	1.328	1782924305.851
957	200.000	-0.020	199.999	2.299	1.348	1.328	1782924306.110
958	200.000	0.035	200.000	2.162	1.315	1.328	1782924306.361
959	200.000	-0.061	200.000	2.157	1.337	1.328	1782924306.645
960	200.000	-0.006	200.001	2.131	1.352	1.328	1782924306.938
961	200.000	0.052	199.999	2.124	1.359	1.328	1782924307.238
962	200.000	0.031	200.005	1.968	1.334	1.328	1782924307.477
963	200.000	0.051	199.997	2.109	1.300	1.328	1782924307.728
964	200.000	0.001	199.999	2.042	1.375	1.328	1782924307.977
965	200.000	0.003	199.999	2.080	1.351	1.328	1782924308.207
966	200.000	-0.019	199.998	2.249	1.268	1.328	1782924308.462
967	200.000	0.043	200.000	2.151	1.361	1.328	1782924308.722
968	200.000	0.011	199.999	2.143	1.397	1.328	1782924309.037
969	200.000	-0.005	199.999	2.406	1.374	1.328	1782924309.297
970	200.000	0.030	200.002	2.104	1.336	1.328	1782924309.553
971	200.000	-0.020	200.001	2.638	1.426	1.328	1782924309.795
972	200.000	0.000	200.001	2.237	1.371	1.328	1782924310.077
973	200.000	0.045	199.999	2.272	1.360	1.328	1782924310.317
974	200.000	-0.013	200.001	2.085	1.389	1.328	1782924310.635
975	200.000	-0.058	200.001	2.296	1.366	1.328	1782924310.878
976	200.000	-0.020	200.000	1.912	1.377	1.328	1782924311.128
977	200.000	-0.089	200.005	2.237	1.331	1.328	1782924311.368
978	200.000	-0.030	200.001	2.274	1.417	1.328	1782924311.624
979	200.000	0.060	200.003	2.252	1.382	1.328	1782924311.862
980	200.000	0.036	200.002	1.937	1.394	1.328	1782924312.136
981	200.000	-0.039	200.002	2.236	1.390	1.328	1782924312.390
982	200.000	0.073	200.000	2.595	1.355	1.328	1782924312.650
983	200.000	-0.043	200.000	2.183	1.313	1.328	1782924312.959
984	200.000	0.004	200.002	2.151	1.322	1.328	1782924313.238
985	200.000	0.029	200.000	2.218	1.355	1.328	1782924313.514
986	200.000	0.036	200.001	2.623	1.373	1.328	1782924313.839
987	200.000	0.030	200.003	2.512	1.362	1.328	1782924314.118
988	200.000	0.005	200.000	2.036	1.309	1.328	1782924314.389
989	200.000	0.016	200.003	2.145	1.289	1.328	1782924314.634
990	200.000	-0.006	200.002	2.158	1.248	1.328	1782924314.887
991	200.000	0.078	200.001	2.065	1.340	1.328	1782924315.124
992	200.000	-0.001	200.001	2.259	1.293	1.328	1782924315.396
993	200.000	0.053	199.996	2.152	1.297	1.328	1782924315.700
994	200.000	-0.049	200.001	2.129	1.408	1.328	1782924315.946
995	200.000	0.025	200.001	2.126	1.351	1.328	1782924316.178
996	200.000	0.007	199.999	2.206	1.330	1.328	1782924316.426
997	200.000	0.005	200.004	2.194	1.357	1.328	1782924316.673
998	200.000	0.026	200.001	2.177	1.310	1.328	1782924316.917
