Point No.	Frequency Set (GHz)	THz Photocurrent (nA)	Frequency Act (GHz)	Amplitude (via StrMod)	Phase (via StrMod)	Frequency Fit	Timestamp (s)
1	200.000	-0.013	200.003	0.856	2.469	1.328	1782931816.325
2	200.000	0.045	200.003	0.973	2.334	1.328	1782931816.575
3	200.000	0.011	200.002	0.757	2.118	1.328	1782931816.820
4	200.000	-0.012	200.004	0.851	2.535	1.328	1782931817.054
5	200.000	0.016	200.001	0.799	2.387	1.328	1782931817.298
6	200.000	-0.038	199.999	0.929	2.664	1.328	1782931817.544
7	200.000	-0.047	199.998	2.859	0.907	1.328	1782931817.825
8	200.000	0.021	200.000	4.237	4.234	1.328	1782931818.072
9	200.000	-0.034	200.000	1.075	3.185	1.328	1782931818.321
10	200.000	0.053	199.998	2.205	0.478	1.328	1782931818.604
11	200.000	0.006	199.994	4.474	4.102	1.328	1782931818.876
12	200.000	-0.081	200.000	2.130	1.641	1.328	1782931819.107
13	200.000	-0.007	199.998	1.836	0.042	1.328	1782931819.400
14	200.000	-0.075	200.004	4.244	4.114	1.328	1782931819.699
15	200.000	0.009	200.003	3.101	1.205	1.328	1782931819.983
16	200.000	-0.018	199.997	3.222	4.506	1.328	1782931820.252
17	200.000	-0.034	199.999	1.833	3.774	1.328	1782931820.523
18	200.000	0.000	199.999	2.151	0.480	1.328	1782931820.815
19	200.000	-0.026	199.998	4.716	4.198	1.328	1782931821.063
20	200.000	-0.019	199.997	2.148	1.617	1.328	1782931821.389
21	200.000	0.039	199.999	2.106	5.331	1.328	1782931821.633
22	200.000	-0.030	199.995	3.662	4.061	1.328	1782931821.921
23	200.000	0.066	200.002	3.307	1.240	1.328	1782931822.186
24	200.000	0.002	200.001	3.062	4.597	1.328	1782931822.423
25	200.000	0.031	200.000	2.764	4.001	1.328	1782931822.697
26	200.000	0.011	200.002	3.001	1.112	1.328	1782931822.950
27	200.000	-0.009	200.000	3.745	4.466	1.328	1782931823.206
28	200.000	0.007	200.002	2.267	3.919	1.328	1782931823.442
29	200.000	0.054	199.999	3.063	1.050	1.328	1782931823.719
30	200.000	0.037	200.001	4.097	4.359	1.328	1782931824.007
31	200.000	-0.044	199.997	1.128	2.919	1.328	1782931824.266
32	200.000	0.028	200.001	1.915	0.238	1.328	1782931824.522
33	200.000	0.013	200.000	4.583	4.272	1.328	1782931824.768
34	200.000	-0.017	200.006	1.446	1.913	1.328	1782931825.020
35	200.000	0.032	200.004	1.909	0.152	1.328	1782931825.246
36	200.000	0.008	200.003	4.386	4.184	1.328	1782931825.522
37	200.000	0.048	200.005	1.813	1.853	1.328	1782931825.756
38	200.000	0.023	199.994	1.625	6.202	1.328	1782931826.028
39	200.000	-0.036	200.003	4.506	4.191	1.328	1782931826.290
40	200.000	-0.027	200.002	2.685	1.460	1.328	1782931826.592
41	200.000	-0.028	200.003	2.344	5.000	1.328	1782931826.826
42	200.000	-0.061	199.999	4.169	4.063	1.328	1782931827.096
43	200.000	0.010	199.997	3.070	1.364	1.328	1782931827.324
44	200.000	0.017	199.999	2.477	4.923	1.328	1782931827.602
45	200.000	0.041	200.000	3.474	4.023	1.328	1782931827.840
46	200.000	-0.024	199.999	3.419	1.247	1.328	1782931828.103
47	200.000	-0.005	199.999	3.453	4.500	1.328	1782931828.409
48	200.000	0.014	200.004	1.132	2.297	1.328	1782931828.709
49	200.000	-0.036	199.999	1.906	0.203	1.328	1782931828.985
50	200.000	-0.032	200.001	4.113	4.106	1.328	1782931829.270
51	200.000	0.015	199.996	2.898	1.483	1.328	1782931829.532
52	200.000	0.033	200.001	1.983	5.389	1.328	1782931829.754
53	200.000	-0.025	199.999	4.007	4.010	1.328	1782931830.043
54	200.000	0.006	200.003	3.265	1.272	1.328	1782931830.298
55	200.000	0.044	199.999	2.412	4.936	1.328	1782931830.555
56	200.000	-0.058	199.998	3.320	3.897	1.328	1782931830.801
57	200.000	-0.047	200.003	3.322	1.306	1.328	1782931831.057
58	200.000	-0.031	199.999	2.939	4.757	1.328	1782931831.306
59	200.000	0.025	200.002	3.431	3.992	1.328	1782931831.536
60	200.000	-0.004	200.004	3.393	1.264	1.328	1782931831.798
61	200.000	0.007	200.001	3.196	4.683	1.328	1782931832.056
62	200.000	-0.019	199.996	3.435	3.890	1.328	1782931832.306
63	200.000	0.041	200.000	3.305	1.131	1.328	1782931832.553
64	200.000	-0.021	200.003	3.550	4.467	1.328	1782931832.869
65	200.000	0.005	200.000	1.335	3.434	1.328	1782931833.098
66	200.000	-0.017	200.002	2.961	0.921	1.328	1782931833.377
67	200.000	0.052	200.001	4.280	4.186	1.328	1782931833.655
68	200.000	0.015	199.998	1.464	1.935	1.328	1782931833.927
69	200.000	0.000	200.002	1.708	6.061	1.328	1782931834.179
70	200.000	0.012	200.001	3.949	4.033	1.328	1782931834.493
71	200.000	-0.056	199.999	3.133	1.346	1.328	1782931834.753
72	200.000	-0.023	199.997	2.787	4.663	1.328	1782931835.045
73	200.000	-0.023	200.003	3.050	3.808	1.328	1782931835.299
74	200.000	-0.007	199.999	3.212	0.956	1.328	1782931835.548
75	200.000	0.000	200.003	3.391	4.520	1.328	1782931835.808
76	200.000	-0.017	199.999	2.495	3.761	1.328	1782931836.045
77	200.000	0.036	199.996	3.121	0.887	1.328	1782931836.311
78	200.000	0.005	199.998	3.962	4.300	1.328	1782931836.595
79	200.000	0.007	200.000	1.329	3.239	1.328	1782931836.881
80	200.000	-0.006	200.000	1.837	6.131	1.328	1782931837.170
81	200.000	-0.027	199.997	4.524	4.035	1.328	1782931837.434
82	200.000	0.037	200.003	2.886	1.356	1.328	1782931837.748
83	200.000	0.054	199.999	2.976	4.539	1.328	1782931838.047
84	200.000	-0.018	199.997	2.246	3.776	1.328	1782931838.290
85	200.000	0.005	200.001	3.337	0.947	1.328	1782931838.523
86	200.000	-0.019	200.000	3.417	4.476	1.328	1782931838.790
87	200.000	-0.010	199.999	1.796	3.574	1.328	1782931839.064
88	200.000	-0.016	199.997	2.385	0.484	1.328	1782931839.354
89	200.000	0.027	199.996	4.286	4.152	1.328	1782931839.590
90	200.000	-0.049	199.999	1.216	2.187	1.328	1782931839.871
91	200.000	-0.011	199.996	2.129	0.238	1.328	1782931840.099
92	200.000	-0.010	200.000	4.381	4.144	1.328	1782931840.388
93	200.000	0.068	199.997	2.360	1.409	1.328	1782931840.689
94	200.000	0.018	200.001	2.560	4.895	1.328	1782931840.952
95	200.000	0.046	199.999	3.440	3.871	1.328	1782931841.250
96	200.000	0.018	200.000	3.611	1.090	1.328	1782931841.481
97	200.000	0.008	200.002	3.023	4.716	1.328	1782931841.748
98	200.000	-0.016	199.998	2.748	3.822	1.328	1782931842.015
99	200.000	0.009	200.005	2.638	0.792	1.328	1782931842.324
100	200.000	0.007	200.002	4.364	4.136	1.328	1782931842.639
101	200.000	0.022	200.002	2.789	1.262	1.328	1782931842.976
102	200.000	-0.036	200.000	3.510	4.477	1.328	1782931843.271
103	200.000	0.019	200.000	1.108	2.979	1.328	1782931843.579
104	200.000	-0.007	200.002	1.738	6.225	1.328	1782931843.886
105	200.000	-0.007	200.000	4.128	4.033	1.328	1782931844.135
106	200.000	0.002	200.000	2.909	1.270	1.328	1782931844.447
107	200.000	-0.013	199.996	2.983	4.650	1.328	1782931844.699
108	200.000	0.016	200.002	3.460	3.832	1.328	1782931844.944
109	200.000	0.016	199.997	3.480	1.193	1.328	1782931845.181
110	200.000	0.047	200.002	2.913	4.796	1.328	1782931845.455
111	200.000	0.050	200.000	2.917	3.822	1.328	1782931845.709
112	200.000	-0.020	199.998	2.817	0.782	1.328	1782931846.015
113	200.000	0.022	200.005	4.187	4.240	1.328	1782931846.314
114	200.000	-0.032	200.003	1.684	1.822	1.328	1782931846.573
115	200.000	-0.039	199.999	1.834	5.405	1.328	1782931846.883
116	200.000	-0.002	200.002	4.289	3.947	1.328	1782931847.145
117	200.000	0.006	199.998	3.314	1.180	1.328	1782931847.439
118	200.000	-0.036	200.003	3.308	4.571	1.328	1782931847.702
119	200.000	0.052	200.001	2.636	3.738	1.328	1782931847.936
120	200.000	0.026	199.996	3.499	1.112	1.328	1782931848.189
121	200.000	-0.053	200.000	3.530	4.574	1.328	1782931848.434
122	200.000	-0.022	199.999	2.696	3.745	1.328	1782931848.701
123	200.000	-0.015	200.000	2.679	0.764	1.328	1782931849.010
124	200.000	-0.042	200.003	4.215	4.167	1.328	1782931849.320
125	200.000	-0.002	200.004	2.163	1.674	1.328	1782931849.554
126	200.000	0.057	200.006	2.015	5.678	1.328	1782931849.832
127	200.000	0.020	200.000	3.898	3.969	1.328	1782931850.139
128	200.000	0.016	199.999	3.471	1.260	1.328	1782931850.377
129	200.000	0.018	199.999	2.911	4.851	1.328	1782931850.652
130	200.000	0.060	199.996	3.370	3.849	1.328	1782931850.898
131	200.000	0.016	199.999	3.571	1.105	1.328	1782931851.138
132	200.000	0.047	200.000	3.233	4.678	1.328	1782931851.401
133	200.000	-0.017	199.999	2.125	3.543	1.328	1782931851.738
134	200.000	0.002	199.999	2.010	0.186	1.328	1782931852.032
135	200.000	0.031	200.000	4.327	4.044	1.328	1782931852.292
136	200.000	0.031	199.999	2.243	1.652	1.328	1782931852.546
137	200.000	-0.014	200.000	2.176	5.684	1.328	1782931852.793
138	200.000	0.045	200.002	4.144	4.003	1.328	1782931853.072
139	200.000	-0.011	199.997	3.140	1.281	1.328	1782931853.365
140	200.000	-0.006	200.001	3.315	4.778	1.328	1782931853.612
141	200.000	-0.037	200.005	2.967	3.767	1.328	1782931853.866
142	200.000	-0.040	200.005	3.368	1.054	1.328	1782931854.143
143	200.000	-0.009	200.000	3.898	4.452	1.328	1782931854.402
144	200.000	-0.026	199.995	2.211	3.631	1.328	1782931854.662
145	200.000	0.037	200.002	3.024	0.803	1.328	1782931854.892
146	200.000	0.028	200.003	4.067	4.366	1.328	1782931855.164
147	200.000	0.004	200.003	1.254	2.547	1.328	1782931855.445
148	200.000	-0.047	200.001	2.230	0.122	1.328	1782931855.720
149	200.000	-0.046	200.001	4.326	4.042	1.328	1782931855.963
150	200.000	0.040	200.000	1.713	1.842	1.328	1782931856.216
151	200.000	0.030	199.999	1.993	6.114	1.328	1782931856.468
152	200.000	0.067	199.997	4.376	4.108	1.328	1782931856.723
153	200.000	0.004	199.997	2.595	1.469	1.328	1782931857.011
154	200.000	0.045	200.003	2.727	5.030	1.328	1782931857.280
155	200.000	0.061	200.001	3.875	3.930	1.328	1782931857.511
156	200.000	0.002	200.001	3.093	1.309	1.328	1782931857.790
157	200.000	0.032	199.999	3.391	4.725	1.328	1782931858.072
158	200.000	-0.021	200.005	2.935	3.657	1.328	1782931858.330
159	200.000	0.014	200.000	3.528	1.038	1.328	1782931858.579
160	200.000	-0.019	200.003	3.819	4.602	1.328	1782931858.824
161	200.000	-0.002	199.995	2.583	3.554	1.328	1782931859.080
162	200.000	-0.059	199.997	3.658	0.892	1.328	1782931859.325
163	200.000	0.004	199.999	4.033	4.498	1.328	1782931859.587
164	200.000	0.015	200.006	2.491	3.588	1.328	1782931859.822
165	200.000	-0.014	200.000	3.538	0.894	1.328	1782931860.074
166	200.000	0.016	199.997	4.074	4.481	1.328	1782931860.311
167	200.000	-0.039	200.004	2.399	3.592	1.328	1782931860.590
168	200.000	-0.011	200.000	2.807	0.638	1.328	1782931860.893
169	200.000	0.028	199.997	4.305	4.214	1.328	1782931861.136
170	200.000	-0.012	199.998	1.408	2.383	1.328	1782931861.394
171	200.000	-0.010	199.996	1.812	5.765	1.328	1782931861.713
172	200.000	0.014	200.001	4.010	3.978	1.328	1782931861.966
173	200.000	0.002	199.996	2.974	1.283	1.328	1782931862.242
174	200.000	-0.034	200.001	3.158	4.927	1.328	1782931862.522
175	200.000	0.060	200.003	3.325	3.833	1.328	1782931862.747
176	200.000	-0.013	200.002	3.520	1.309	1.328	1782931863.012
177	200.000	0.022	199.998	3.523	4.645	1.328	1782931863.265
178	200.000	0.029	199.999	3.073	3.753	1.328	1782931863.520
179	200.000	0.070	199.996	3.707	1.149	1.328	1782931863.750
180	200.000	-0.065	200.001	3.595	4.704	1.328	1782931864.019
181	200.000	-0.037	199.999	3.070	3.678	1.328	1782931864.258
182	200.000	-0.020	200.006	3.608	1.144	1.328	1782931864.487
183	200.000	-0.023	200.002	3.288	4.809	1.328	1782931864.776
184	200.000	-0.014	200.002	2.126	3.426	1.328	1782931865.058
185	200.000	-0.008	199.997	2.746	0.637	1.328	1782931865.337
186	200.000	-0.012	200.000	4.373	4.343	1.328	1782931865.593
187	200.000	0.002	199.999	1.543	2.505	1.328	1782931865.836
188	200.000	0.037	199.999	2.516	0.438	1.328	1782931866.071
189	200.000	0.023	199.999	4.293	4.334	1.328	1782931866.344
190	200.000	-0.081	199.999	1.612	2.097	1.328	1782931866.589
191	200.000	-0.050	200.000	2.124	0.210	1.328	1782931866.864
192	200.000	0.036	199.998	4.121	4.143	1.328	1782931867.154
193	200.000	-0.016	200.003	2.646	1.507	1.328	1782931867.422
194	200.000	-0.049	200.001	2.901	4.990	1.328	1782931867.731
195	200.000	-0.005	200.001	3.065	3.692	1.328	1782931867.974
196	200.000	0.044	199.998	3.644	1.105	1.328	1782931868.237
197	200.000	0.056	200.001	4.018	4.511	1.328	1782931868.519
198	200.000	-0.003	200.000	2.142	3.363	1.328	1782931868.796
199	200.000	-0.006	200.002	2.246	0.320	1.328	1782931869.117
200	200.000	-0.012	200.000	3.970	3.979	1.328	1782931869.406
201	200.000	0.030	199.998	3.111	1.329	1.328	1782931869.668
202	200.000	0.048	199.995	3.015	5.039	1.328	1782931869.895
203	200.000	0.016	200.000	3.930	3.959	1.328	1782931870.155
204	200.000	-0.044	200.003	3.246	1.297	1.328	1782931870.415
205	200.000	-0.031	199.996	2.923	5.005	1.328	1782931870.677
206	200.000	0.000	199.999	3.119	3.809	1.328	1782931870.964
207	200.000	0.010	199.997	3.642	1.042	1.328	1782931871.225
208	200.000	0.000	199.998	4.137	4.523	1.328	1782931871.481
209	200.000	0.034	199.999	1.497	2.913	1.328	1782931871.798
210	200.000	0.047	199.995	1.850	6.120	1.328	1782931872.091
211	200.000	-0.004	200.001	4.236	4.082	1.328	1782931872.353
212	200.000	-0.024	200.004	2.747	1.339	1.328	1782931872.666
213	200.000	-0.003	200.000	3.424	4.778	1.328	1782931872.900
214	200.000	0.031	200.001	3.409	3.815	1.328	1782931873.162
215	200.000	-0.013	200.003	3.610	1.228	1.328	1782931873.396
216	200.000	-0.018	200.002	3.285	4.887	1.328	1782931873.676
217	200.000	0.068	199.997	2.567	3.505	1.328	1782931873.987
218	200.000	-0.043	199.998	2.381	0.456	1.328	1782931874.285
219	200.000	-0.008	199.998	4.299	4.151	1.328	1782931874.522
220	200.000	-0.044	199.999	1.655	2.149	1.328	1782931874.767
221	200.000	0.033	199.998	1.981	6.156	1.328	1782931875.037
222	200.000	-0.058	199.999	3.979	3.998	1.328	1782931875.301
223	200.000	0.024	200.001	2.605	1.419	1.328	1782931875.608
224	200.000	0.051	199.998	3.178	4.765	1.328	1782931875.908
225	200.000	0.048	200.005	2.695	3.602	1.328	1782931876.155
226	200.000	0.000	199.998	3.562	1.004	1.328	1782931876.411
227	200.000	0.034	199.999	4.073	4.612	1.328	1782931876.654
228	200.000	0.008	200.000	2.812	3.593	1.328	1782931876.912
229	200.000	-0.022	200.002	3.694	1.023	1.328	1782931877.155
230	200.000	-0.014	200.001	4.276	4.582	1.328	1782931877.424
231	200.000	0.023	199.998	1.793	2.967	1.328	1782931877.720
232	200.000	-0.034	200.002	2.835	0.533	1.328	1782931877.969
233	200.000	0.033	200.003	4.336	4.244	1.328	1782931878.230
234	200.000	0.024	199.997	1.861	2.333	1.328	1782931878.462
235	200.000	-0.057	200.006	2.387	0.287	1.328	1782931878.723
236	200.000	-0.046	200.007	4.223	4.252	1.328	1782931878.956
237	200.000	-0.000	200.002	1.619	2.274	1.328	1782931879.224
238	200.000	-0.008	200.009	1.976	6.164	1.328	1782931879.480
239	200.000	0.024	199.997	3.985	4.044	1.328	1782931879.786
240	200.000	0.065	199.997	2.973	1.370	1.328	1782931880.039
241	200.000	0.016	200.002	2.345	5.183	1.328	1782931880.282
242	200.000	0.020	200.002	3.743	3.875	1.328	1782931880.528
243	200.000	-0.025	199.999	2.960	1.379	1.328	1782931880.791
244	200.000	0.063	199.998	3.069	4.835	1.328	1782931881.038
245	200.000	0.069	199.999	3.681	3.809	1.328	1782931881.290
246	200.000	-0.024	200.001	3.275	1.238	1.328	1782931881.553
247	200.000	-0.024	200.003	3.563	4.693	1.328	1782931881.858
248	200.000	-0.016	200.001	2.572	3.415	1.328	1782931882.087
249	200.000	0.033	200.002	3.714	0.898	1.328	1782931882.353
250	200.000	-0.008	200.004	3.902	4.484	1.328	1782931882.601
251	200.000	-0.065	200.000	2.318	3.198	1.328	1782931882.871
252	200.000	0.010	200.001	2.724	0.498	1.328	1782931883.149
253	200.000	0.007	200.000	4.251	4.260	1.328	1782931883.422
254	200.000	0.010	199.999	1.714	2.029	1.328	1782931883.738
255	200.000	-0.022	200.003	2.843	4.857	1.328	1782931884.068
256	200.000	0.028	200.005	2.435	3.325	1.328	1782931884.354
257	200.000	0.003	199.998	3.765	0.780	1.328	1782931884.606
258	200.000	0.013	200.004	4.309	4.371	1.328	1782931884.860
259	200.000	0.053	200.002	2.303	3.228	1.328	1782931885.101
260	200.000	0.007	200.002	3.340	0.732	1.328	1782931885.362
261	200.000	-0.016	200.001	4.165	4.280	1.328	1782931885.684
262	200.000	-0.035	200.001	2.388	1.578	1.328	1782931885.981
263	200.000	-0.037	200.002	3.039	4.858	1.328	1782931886.271
264	200.000	-0.049	200.001	2.918	3.653	1.328	1782931886.551
265	200.000	-0.006	200.002	3.202	0.793	1.328	1782931886.826
266	200.000	0.072	200.000	4.193	4.459	1.328	1782931887.093
267	200.000	-0.000	200.003	1.946	2.932	1.328	1782931887.357
268	200.000	0.005	200.003	2.444	0.173	1.328	1782931887.661
269	200.000	0.044	199.998	4.145	4.137	1.328	1782931887.912
270	200.000	-0.007	200.003	2.017	1.906	1.328	1782931888.158
271	200.000	0.007	200.001	2.229	5.992	1.328	1782931888.390
272	200.000	0.014	199.999	4.213	4.159	1.328	1782931888.660
273	200.000	0.014	200.002	2.148	1.944	1.328	1782931888.879
274	200.000	0.008	200.002	1.936	6.047	1.328	1782931889.182
275	200.000	-0.018	200.000	3.620	3.874	1.328	1782931889.476
276	200.000	0.025	200.004	3.346	1.267	1.328	1782931889.714
277	200.000	-0.002	199.999	2.912	4.920	1.328	1782931890.002
278	200.000	-0.019	200.000	2.732	3.423	1.328	1782931890.301
279	200.000	0.009	200.001	2.899	0.573	1.328	1782931890.610
280	200.000	-0.008	200.001	3.959	4.087	1.328	1782931890.925
281	200.000	-0.000	200.002	2.986	1.471	1.328	1782931891.165
282	200.000	-0.057	199.995	2.848	4.921	1.328	1782931891.491
283	200.000	-0.018	200.000	2.711	3.344	1.328	1782931891.801
284	200.000	-0.010	199.997	2.863	0.460	1.328	1782931892.106
285	200.000	-0.006	200.003	4.215	4.163	1.328	1782931892.344
286	200.000	-0.043	200.000	2.086	2.405	1.328	1782931892.603
287	200.000	0.004	199.999	2.557	0.127	1.328	1782931892.853
288	200.000	0.030	200.000	4.143	4.204	1.328	1782931893.086
289	200.000	0.039	200.000	2.100	2.432	1.328	1782931893.353
290	200.000	0.063	200.000	2.051	5.980	1.328	1782931893.622
291	200.000	0.057	199.998	3.582	3.883	1.328	1782931893.937
292	200.000	0.018	199.998	3.270	1.233	1.328	1782931894.226
293	200.000	-0.026	199.998	3.711	4.643	1.328	1782931894.457
294	200.000	0.032	199.998	3.251	3.557	1.328	1782931894.737
295	200.000	0.034	199.999	3.936	0.956	1.328	1782931894.966
296	200.000	-0.002	199.997	3.642	4.664	1.328	1782931895.228
297	200.000	-0.034	200.001	2.646	3.296	1.328	1782931895.488
298	200.000	-0.007	200.001	2.719	0.583	1.328	1782931895.792
299	200.000	-0.003	200.001	4.360	4.335	1.328	1782931896.032
300	200.000	-0.011	200.003	2.159	2.650	1.328	1782931896.318
301	200.000	0.053	200.002	2.090	6.008	1.328	1782931896.618
302	200.000	-0.021	199.999	3.791	3.987	1.328	1782931896.859
303	200.000	0.055	200.002	2.520	1.779	1.328	1782931897.097
304	200.000	0.020	200.001	2.144	5.694	1.328	1782931897.357
305	200.000	-0.017	199.996	3.646	3.844	1.328	1782931897.605
306	200.000	-0.010	200.002	2.944	1.253	1.328	1782931897.935
307	200.000	0.033	200.000	3.701	4.677	1.328	1782931898.183
308	200.000	-0.012	200.000	2.580	3.321	1.328	1782931898.479
309	200.000	-0.019	200.002	2.470	0.422	1.328	1782931898.793
310	200.000	-0.040	199.998	4.213	4.176	1.328	1782931899.043
311	200.000	-0.021	199.997	2.173	2.137	1.328	1782931899.300
312	200.000	0.017	199.997	2.172	6.095	1.328	1782931899.532
313	200.000	0.001	199.998	3.954	4.178	1.328	1782931899.794
314	200.000	0.035	200.003	2.109	2.072	1.328	1782931900.056
315	200.000	0.038	200.001	2.170	5.360	1.328	1782931900.360
316	200.000	0.041	200.004	3.280	3.829	1.328	1782931900.611
317	200.000	0.012	200.002	3.256	1.326	1.328	1782931900.875
318	200.000	0.012	199.999	3.600	4.659	1.328	1782931901.178
319	200.000	0.029	200.000	2.708	3.381	1.328	1782931901.420
320	200.000	0.028	199.999	3.245	0.753	1.328	1782931901.731
321	200.000	0.044	200.005	4.454	4.330	1.328	1782931901.960
322	200.000	0.045	200.001	2.238	2.717	1.328	1782931902.245
323	200.000	-0.004	199.998	2.542	0.244	1.328	1782931902.481
324	200.000	0.050	200.000	4.326	4.279	1.328	1782931902.751
325	200.000	-0.002	199.999	2.268	2.273	1.328	1782931902.995
326	200.000	0.012	200.005	1.907	5.633	1.328	1782931903.325
327	200.000	0.047	199.995	3.127	3.583	1.328	1782931903.635
328	200.000	-0.069	200.003	3.410	0.838	1.328	1782931903.941
329	200.000	-0.035	200.000	4.366	4.308	1.328	1782931904.203
330	200.000	0.051	200.000	2.491	2.719	1.328	1782931904.479
331	200.000	-0.023	199.999	2.084	5.941	1.328	1782931904.775
332	200.000	-0.053	200.000	3.762	3.959	1.328	1782931905.032
333	200.000	-0.013	199.997	2.808	1.620	1.328	1782931905.272
334	200.000	0.024	200.004	2.397	5.242	1.328	1782931905.519
335	200.000	-0.001	199.998	3.628	3.956	1.328	1782931905.762
336	200.000	-0.028	199.999	2.747	1.692	1.328	1782931906.039
337	200.000	-0.008	199.999	2.950	4.943	1.328	1782931906.344
338	200.000	0.008	200.001	2.874	3.448	1.328	1782931906.610
339	200.000	0.010	199.999	3.171	0.766	1.328	1782931906.909
340	200.000	-0.020	200.000	4.286	4.309	1.328	1782931907.208
341	200.000	0.028	200.002	2.399	2.335	1.328	1782931907.464
342	200.000	-0.029	200.001	2.284	6.199	1.328	1782931907.686
343	200.000	0.008	199.996	4.215	4.188	1.328	1782931907.959
344	200.000	-0.009	200.000	2.574	2.044	1.328	1782931908.222
345	200.000	0.024	199.998	2.109	5.327	1.328	1782931908.546
346	200.000	0.003	200.003	2.848	3.451	1.328	1782931908.849
347	200.000	0.021	200.000	4.118	0.825	1.328	1782931909.084
348	200.000	-0.008	199.998	4.182	4.597	1.328	1782931909.339
349	200.000	-0.013	199.997	2.734	3.240	1.328	1782931909.593
350	200.000	0.000	200.000	3.232	0.698	1.328	1782931909.898
351	200.000	-0.013	200.001	4.530	4.296	1.328	1782931910.163
352	200.000	-0.022	200.002	2.488	2.148	1.328	1782931910.456
353	200.000	0.018	200.000	2.311	5.978	1.328	1782931910.691
354	200.000	0.038	199.996	4.307	4.109	1.328	1782931910.967
355	200.000	0.099	200.001	2.633	1.943	1.328	1782931911.203
356	200.000	-0.124	200.000	2.309	5.530	1.328	1782931911.461
357	200.000	0.006	200.002	3.741	4.032	1.328	1782931911.691
358	200.000	0.045	200.002	2.588	2.034	1.328	1782931911.957
359	200.000	0.020	199.998	1.991	5.572	1.328	1782931912.208
360	200.000	-0.030	200.003	3.778	3.963	1.328	1782931912.455
361	200.000	0.022	200.006	2.760	1.866	1.328	1782931912.709
362	200.000	-0.000	200.001	2.150	5.606	1.328	1782931912.954
363	200.000	0.051	200.001	3.691	4.014	1.328	1782931913.206
364	200.000	-0.030	200.003	2.814	1.962	1.328	1782931913.458
365	200.000	0.026	199.999	2.113	5.491	1.328	1782931913.705
366	200.000	-0.031	199.998	3.597	3.925	1.328	1782931913.967
367	200.000	-0.027	200.007	3.082	1.638	1.328	1782931914.219
368	200.000	0.048	199.998	2.751	4.936	1.328	1782931914.510
369	200.000	-0.027	199.998	3.257	3.588	1.328	1782931914.787
370	200.000	-0.001	200.003	3.467	1.006	1.328	1782931915.097
371	200.000	-0.014	200.002	4.383	4.337	1.328	1782931915.395
372	200.000	0.005	200.001	2.675	2.538	1.328	1782931915.631
373	200.000	-0.016	200.000	2.455	0.227	1.328	1782931915.891
374	200.000	0.035	199.997	4.205	4.257	1.328	1782931916.145
375	200.000	0.003	199.998	2.598	2.184	1.328	1782931916.410
376	200.000	0.011	200.001	2.045	5.592	1.328	1782931916.716
377	200.000	0.034	199.996	3.149	3.617	1.328	1782931917.021
378	200.000	0.002	200.001	3.692	1.037	1.328	1782931917.276
379	200.000	-0.059	199.998	4.827	4.506	1.328	1782931917.578
380	200.000	-0.035	200.000	2.720	2.974	1.328	1782931917.820
381	200.000	-0.089	200.000	3.399	0.817	1.328	1782931918.098
382	200.000	0.014	200.002	4.005	4.319	1.328	1782931918.402
383	200.000	0.027	200.003	2.701	2.053	1.328	1782931918.644
384	200.000	-0.016	200.002	2.267	6.216	1.328	1782931918.881
385	200.000	0.067	199.998	4.422	4.287	1.328	1782931919.130
386	200.000	-0.004	199.999	2.721	2.272	1.328	1782931919.386
387	200.000	0.002	199.999	2.331	6.202	1.328	1782931919.649
388	200.000	-0.031	199.995	3.690	4.072	1.328	1782931919.910
389	200.000	0.013	200.000	3.141	1.635	1.328	1782931920.221
390	200.000	-0.007	200.002	3.342	4.899	1.328	1782931920.446
391	200.000	-0.029	200.000	3.127	3.777	1.328	1782931920.725
392	200.000	0.031	200.004	3.580	1.428	1.328	1782931920.957
393	200.000	-0.051	200.002	3.469	4.780	1.328	1782931921.226
394	200.000	-0.006	199.995	2.880	3.411	1.328	1782931921.495
395	200.000	-0.026	199.999	3.521	1.161	1.328	1782931921.780
396	200.000	-0.033	199.998	4.633	4.516	1.328	1782931922.012
397	200.000	-0.029	200.002	2.910	3.314	1.328	1782931922.281
398	200.000	0.016	200.003	2.846	0.686	1.328	1782931922.574
399	200.000	0.009	200.000	4.589	4.323	1.328	1782931922.837
400	200.000	0.007	200.002	2.836	2.620	1.328	1782931923.064
401	200.000	0.053	200.002	2.711	0.403	1.328	1782931923.342
402	200.000	0.003	200.001	4.572	4.371	1.328	1782931923.586
403	200.000	-0.040	199.997	2.794	2.480	1.328	1782931923.832
404	200.000	-0.028	199.995	2.255	0.052	1.328	1782931924.088
405	200.000	-0.006	199.999	4.536	4.331	1.328	1782931924.328
406	200.000	-0.005	200.000	2.749	2.496	1.328	1782931924.584
407	200.000	-0.037	199.997	2.138	6.101	1.328	1782931924.835
408	200.000	0.007	200.000	3.418	4.049	1.328	1782931925.155
409	200.000	0.004	200.000	3.357	1.738	1.328	1782931925.407
410	200.000	-0.019	199.998	3.389	4.811	1.328	1782931925.697
411	200.000	0.003	199.997	2.609	3.104	1.328	1782931926.015
412	200.000	0.050	200.004	3.505	0.766	1.328	1782931926.270
413	200.000	0.033	200.000	4.548	4.384	1.328	1782931926.541
414	200.000	0.000	200.000	2.699	2.372	1.328	1782931926.855
415	200.000	-0.017	199.993	2.636	5.138	1.328	1782931927.167
416	200.000	-0.033	199.999	2.763	3.369	1.328	1782931927.477
417	200.000	0.018	199.998	3.050	0.652	1.328	1782931927.775
418	200.000	-0.017	200.003	4.723	4.360	1.328	1782931928.018
419	200.000	0.003	200.001	2.786	2.276	1.328	1782931928.304
420	200.000	0.005	200.002	2.302	0.002	1.328	1782931928.572
421	200.000	-0.045	200.001	4.070	4.154	1.328	1782931928.812
422	200.000	0.025	200.003	2.957	2.202	1.328	1782931929.089
423	200.000	-0.013	199.998	2.310	5.440	1.328	1782931929.342
424	200.000	0.008	200.001	3.749	4.052	1.328	1782931929.592
425	200.000	0.001	199.997	3.387	1.608	1.328	1782931929.860
426	200.000	0.023	200.000	3.152	4.986	1.328	1782931930.110
427	200.000	0.011	199.999	3.364	3.897	1.328	1782931930.345
428	200.000	0.016	199.999	3.511	1.616	1.328	1782931930.578
429	200.000	-0.001	200.000	2.782	5.176	1.328	1782931930.856
430	200.000	-0.026	200.002	3.510	3.858	1.328	1782931931.101
431	200.000	0.021	200.000	3.277	1.577	1.328	1782931931.387
432	200.000	-0.025	200.000	4.118	4.664	1.328	1782931931.690
433	200.000	-0.008	199.997	2.953	3.291	1.328	1782931931.927
434	200.000	-0.040	200.001	3.690	1.137	1.328	1782931932.179
435	200.000	-0.008	199.996	4.440	4.624	1.328	1782931932.435
436	200.000	-0.019	199.995	2.730	2.963	1.328	1782931932.756
437	200.000	-0.020	199.999	2.684	0.155	1.328	1782931933.024
438	200.000	0.015	200.003	4.274	4.314	1.328	1782931933.319
439	200.000	0.006	200.002	3.217	1.984	1.328	1782931933.590
440	200.000	0.031	199.998	2.998	5.018	1.328	1782931933.874
441	200.000	-0.042	200.001	3.271	3.831	1.328	1782931934.124
442	200.000	-0.008	199.999	3.589	1.394	1.328	1782931934.386
443	200.000	0.015	199.998	4.033	4.661	1.328	1782931934.709
444	200.000	-0.009	200.001	2.813	2.939	1.328	1782931934.938
445	200.000	-0.019	200.003	3.619	1.020	1.328	1782931935.190
446	200.000	0.041	199.997	4.652	4.498	1.328	1782931935.443
447	200.000	-0.011	199.999	2.804	3.023	1.328	1782931935.711
448	200.000	0.001	199.998	2.858	0.446	1.328	1782931936.019
449	200.000	-0.027	200.004	3.643	4.100	1.328	1782931936.333
450	200.000	0.012	200.002	3.459	1.542	1.328	1782931936.635
451	200.000	-0.009	200.000	4.275	4.700	1.328	1782931936.862
452	200.000	0.057	200.001	2.795	3.458	1.328	1782931937.135
453	200.000	-0.001	200.000	3.778	1.172	1.328	1782931937.364
454	200.000	0.020	200.002	4.143	4.745	1.328	1782931937.631
455	200.000	0.009	200.000	2.993	3.404	1.328	1782931937.882
456	200.000	0.031	199.999	3.779	1.207	1.328	1782931938.131
457	200.000	-0.002	200.000	4.385	4.582	1.328	1782931938.383
458	200.000	-0.003	200.002	3.042	3.477	1.328	1782931938.641
459	200.000	0.007	199.998	3.385	0.878	1.328	1782931938.941
460	200.000	-0.012	199.996	4.867	4.464	1.328	1782931939.177
461	200.000	0.005	199.999	2.858	2.738	1.328	1782931939.434
462	200.000	-0.062	199.997	3.489	0.688	1.328	1782931939.699
463	200.000	-0.011	200.000	4.796	4.332	1.328	1782931939.945
464	200.000	0.026	199.999	2.786	2.540	1.328	1782931940.189
465	200.000	0.010	200.000	2.047	6.142	1.328	1782931940.509
466	200.000	0.027	199.997	3.400	3.924	1.328	1782931940.811
467	200.000	0.021	200.001	3.595	1.476	1.328	1782931941.052
468	200.000	-0.050	200.000	3.107	4.929	1.328	1782931941.318
469	200.000	-0.021	199.998	3.249	3.799	1.328	1782931941.561
470	200.000	-0.010	199.999	3.518	1.580	1.328	1782931941.810
471	200.000	0.017	199.999	3.573	4.756	1.328	1782931942.067
472	200.000	0.000	199.998	3.172	3.700	1.328	1782931942.333
473	200.000	0.020	199.997	3.560	1.085	1.328	1782931942.610
474	200.000	0.056	200.001	4.532	4.542	1.328	1782931942.895
475	200.000	0.022	199.999	2.712	2.719	1.328	1782931943.211
476	200.000	0.021	200.000	2.069	6.047	1.328	1782931943.494
477	200.000	0.022	200.004	3.933	4.167	1.328	1782931943.756
478	200.000	-0.004	199.996	3.423	1.809	1.328	1782931943.995
479	200.000	-0.004	200.000	2.547	5.546	1.328	1782931944.251
480	200.000	-0.066	200.002	3.979	4.152	1.328	1782931944.494
481	200.000	0.009	200.002	3.291	1.827	1.328	1782931944.772
482	200.000	-0.035	200.003	3.683	4.815	1.328	1782931945.047
483	200.000	0.022	199.999	2.882	3.579	1.328	1782931945.327
484	200.000	-0.010	200.002	3.862	1.312	1.328	1782931945.565
485	200.000	-0.023	200.003	4.104	4.719	1.328	1782931945.815
486	200.000	-0.001	200.002	2.825	3.371	1.328	1782931946.084
487	200.000	-0.019	200.000	3.239	1.010	1.328	1782931946.370
488	200.000	0.002	200.000	5.058	4.409	1.328	1782931946.605
489	200.000	0.037	199.998	2.873	2.812	1.328	1782931946.879
490	200.000	0.007	199.998	2.922	0.584	1.328	1782931947.128
491	200.000	0.013	200.003	4.919	4.452	1.328	1782931947.392
492	200.000	-0.029	200.000	2.973	2.364	1.328	1782931947.698
493	200.000	0.012	199.994	2.379	5.922	1.328	1782931947.953
494	200.000	0.013	199.998	3.491	4.057	1.328	1782931948.255
495	200.000	0.051	200.001	3.799	1.487	1.328	1782931948.517
496	200.000	0.032	200.000	4.272	4.723	1.328	1782931948.814
497	200.000	-0.008	200.002	2.926	3.450	1.328	1782931949.051
498	200.000	-0.006	200.003	3.910	1.268	1.328	1782931949.285
499	200.000	-0.010	200.001	4.349	4.606	1.328	1782931949.561
500	200.000	-0.062	199.998	2.844	3.090	1.328	1782931949.812
501	200.000	-0.012	200.000	3.745	0.881	1.328	1782931950.057
502	200.000	0.005	199.999	4.697	4.630	1.328	1782931950.308
503	200.000	-0.038	200.002	2.778	3.218	1.328	1782931950.565
504	200.000	0.006	200.001	3.680	0.962	1.328	1782931950.819
505	200.000	-0.035	199.999	4.795	4.498	1.328	1782931951.084
506	200.000	0.029	200.000	2.890	2.681	1.328	1782931951.402
507	200.000	0.037	199.998	2.201	5.641	1.328	1782931951.729
508	200.000	-0.003	200.001	3.348	3.613	1.328	1782931952.015
509	200.000	-0.001	200.004	3.195	1.124	1.328	1782931952.328
510	200.000	-0.007	199.999	5.122	4.524	1.328	1782931952.558
511	200.000	-0.020	200.002	2.693	2.913	1.328	1782931952.833
512	200.000	0.060	199.996	3.863	0.865	1.328	1782931953.060
513	200.000	0.012	200.000	4.876	4.509	1.328	1782931953.340
514	200.000	0.069	200.002	3.043	2.909	1.328	1782931953.581
515	200.000	-0.029	199.997	3.599	0.847	1.328	1782931953.815
516	200.000	-0.049	199.999	5.047	4.541	1.328	1782931954.077
517	200.000	-0.032	200.000	3.021	2.834	1.328	1782931954.324
518	200.000	0.030	199.998	3.639	0.980	1.328	1782931954.581
519	200.000	0.019	199.999	5.035	4.504	1.328	1782931954.807
520	200.000	-0.034	199.999	2.900	3.015	1.328	1782931955.092
521	200.000	0.018	199.998	2.672	0.439	1.328	1782931955.396
522	200.000	0.042	200.002	4.389	4.314	1.328	1782931955.652
523	200.000	0.005	200.003	3.404	1.946	1.328	1782931955.961
524	200.000	0.039	199.999	2.874	5.206	1.328	1782931956.209
525	200.000	0.004	200.005	3.357	3.971	1.328	1782931956.462
526	200.000	-0.002	200.002	3.664	1.883	1.328	1782931956.687
527	200.000	0.031	199.998	2.652	5.431	1.328	1782931956.962
528	200.000	0.025	200.000	3.118	3.796	1.328	1782931957.225
529	200.000	-0.029	200.001	3.698	1.425	1.328	1782931957.528
530	200.000	-0.018	199.997	4.979	4.600	1.328	1782931957.830
531	200.000	-0.011	199.998	3.074	2.747	1.328	1782931958.080
532	200.000	-0.002	199.998	3.615	0.781	1.328	1782931958.326
533	200.000	0.009	200.004	4.780	4.401	1.328	1782931958.616
534	200.000	-0.023	199.998	3.364	2.144	1.328	1782931958.932
535	200.000	0.007	200.001	3.125	5.210	1.328	1782931959.217
536	200.000	0.058	200.000	3.194	3.811	1.328	1782931959.468
537	200.000	-0.022	199.995	3.713	1.435	1.328	1782931959.782
538	200.000	0.037	199.997	4.895	4.472	1.328	1782931960.092
539	200.000	0.012	200.000	3.293	2.299	1.328	1782931960.394
540	200.000	0.014	200.000	2.620	5.578	1.328	1782931960.655
541	200.000	-0.043	199.999	3.495	4.011	1.328	1782931960.909
542	200.000	0.021	200.002	3.744	1.591	1.328	1782931961.221
543	200.000	0.032	200.000	4.354	4.749	1.328	1782931961.468
544	200.000	0.030	199.997	2.812	3.309	1.328	1782931961.755
545	200.000	-0.013	199.996	3.515	0.911	1.328	1782931962.014
546	200.000	-0.012	200.000	4.941	4.540	1.328	1782931962.275
547	200.000	-0.005	199.999	3.113	2.869	1.328	1782931962.514
548	200.000	-0.024	200.002	3.979	0.990	1.328	1782931962.766
549	200.000	-0.012	200.004	5.187	4.523	1.328	1782931963.010
550	200.000	0.075	200.000	3.040	2.814	1.328	1782931963.271
551	200.000	0.026	199.998	3.419	0.696	1.328	1782931963.530
552	200.000	0.029	200.000	4.185	4.333	1.328	1782931963.841
553	200.000	-0.039	200.003	3.650	2.173	1.328	1782931964.112
554	200.000	-0.002	199.998	2.574	5.204	1.328	1782931964.409
555	200.000	0.008	200.000	2.841	3.398	1.328	1782931964.701
556	200.000	-0.038	200.001	4.207	1.337	1.328	1782931964.965
557	200.000	0.029	199.999	4.914	4.603	1.328	1782931965.206
558	200.000	0.013	200.000	2.785	3.210	1.328	1782931965.449
559	200.000	-0.019	200.001	4.114	1.072	1.328	1782931965.698
560	200.000	-0.025	199.997	4.758	4.507	1.328	1782931965.958
561	200.000	-0.001	199.998	2.700	3.090	1.328	1782931966.217
562	200.000	0.008	200.000	4.580	1.050	1.328	1782931966.463
563	200.000	-0.008	199.999	4.789	4.576	1.328	1782931966.717
564	200.000	0.010	200.000	3.207	2.582	1.328	1782931967.019
565	200.000	-0.031	199.999	2.978	0.338	1.328	1782931967.267
566	200.000	-0.079	200.002	5.068	4.306	1.328	1782931967.493
567	200.000	0.004	199.998	3.223	2.428	1.328	1782931967.771
568	200.000	-0.005	200.000	2.648	0.202	1.328	1782931968.030
569	200.000	-0.019	200.001	4.178	4.194	1.328	1782931968.340
570	200.000	-0.019	200.003	3.821	1.467	1.328	1782931968.667
571	200.000	0.022	200.002	4.563	4.508	1.328	1782931968.974
572	200.000	-0.054	199.999	3.117	2.543	1.328	1782931969.263
573	200.000	0.006	200.001	2.924	0.411	1.328	1782931969.520
574	200.000	-0.041	199.999	4.653	4.284	1.328	1782931969.771
575	200.000	0.018	200.001	3.547	2.289	1.328	1782931970.017
576	200.000	0.033	199.996	2.369	6.210	1.328	1782931970.285
577	200.000	-0.042	199.997	4.502	4.292	1.328	1782931970.521
578	200.000	-0.032	200.001	3.750	1.929	1.328	1782931970.816
579	200.000	0.035	200.000	2.668	5.341	1.328	1782931971.090
580	200.000	0.044	200.000	2.996	3.764	1.328	1782931971.331
581	200.000	0.051	200.002	4.035	1.576	1.328	1782931971.614
582	200.000	-0.035	200.001	4.074	4.614	1.328	1782931971.932
583	200.000	-0.054	199.998	2.986	2.496	1.328	1782931972.229
584	200.000	0.003	200.000	2.107	5.930	1.328	1782931972.539
585	200.000	-0.000	199.998	4.082	4.163	1.328	1782931972.784
586	200.000	0.027	200.002	4.077	1.740	1.328	1782931973.089
587	200.000	-0.010	200.002	3.867	4.777	1.328	1782931973.375
588	200.000	-0.004	199.999	2.765	3.226	1.328	1782931973.689
589	200.000	0.023	200.001	2.807	0.632	1.328	1782931973.972
590	200.000	0.010	199.997	4.905	4.338	1.328	1782931974.231
591	200.000	0.011	199.996	3.472	2.468	1.328	1782931974.451
592	200.000	0.031	200.000	2.399	0.227	1.328	1782931974.749
593	200.000	0.022	199.998	4.210	4.278	1.328	1782931975.007
594	200.000	0.007	199.999	3.864	2.127	1.328	1782931975.258
595	200.000	-0.028	200.001	2.299	5.831	1.328	1782931975.528
596	200.000	-0.025	200.003	3.786	4.046	1.328	1782931975.822
597	200.000	0.002	200.003	4.482	1.817	1.328	1782931976.054
598	200.000	0.017	200.000	2.581	5.301	1.328	1782931976.339
599	200.000	0.015	200.001	2.917	3.394	1.328	1782931976.632
600	200.000	-0.005	200.000	4.217	1.251	1.328	1782931976.884
601	200.000	-0.071	200.003	4.929	4.592	1.328	1782931977.123
602	200.000	0.040	200.001	3.010	3.169	1.328	1782931977.372
603	200.000	-0.007	199.997	4.267	1.192	1.328	1782931977.630
604	200.000	-0.057	199.996	4.884	4.590	1.328	1782931977.894
605	200.000	-0.035	199.998	3.111	2.740	1.328	1782931978.151
606	200.000	-0.027	199.997	3.456	0.887	1.328	1782931978.451
607	200.000	0.027	199.999	4.826	4.336	1.328	1782931978.726
608	200.000	-0.060	200.002	3.813	2.190	1.328	1782931979.006
609	200.000	0.040	199.999	2.484	5.540	1.328	1782931979.280
610	200.000	0.013	199.999	3.124	3.919	1.328	1782931979.536
611	200.000	0.036	199.999	3.916	1.557	1.328	1782931979.854
612	200.000	-0.000	200.000	4.915	4.576	1.328	1782931980.154
613	200.000	0.019	200.004	3.254	2.677	1.328	1782931980.401
614	200.000	-0.003	200.000	3.376	0.818	1.328	1782931980.656
615	200.000	-0.020	199.998	4.815	4.395	1.328	1782931980.951
616	200.000	0.013	199.997	3.939	2.295	1.328	1782931981.224
617	200.000	-0.054	200.000	2.521	6.070	1.328	1782931981.453
618	200.000	0.043	200.003	4.806	4.322	1.328	1782931981.727
619	200.000	0.021	200.001	3.822	2.091	1.328	1782931981.984
620	200.000	-0.011	199.997	2.398	6.231	1.328	1782931982.241
621	200.000	-0.056	200.003	3.518	4.025	1.328	1782931982.519
622	200.000	-0.009	200.000	4.479	1.755	1.328	1782931982.790
623	200.000	0.008	200.002	3.421	5.070	1.328	1782931983.044
624	200.000	-0.001	200.001	3.104	3.806	1.328	1782931983.300
625	200.000	-0.029	200.002	4.254	1.554	1.328	1782931983.529
626	200.000	-0.012	199.999	3.378	5.061	1.328	1782931983.772
627	200.000	0.015	200.001	3.103	3.841	1.328	1782931984.045
628	200.000	0.042	200.003	3.471	1.290	1.328	1782931984.361
629	200.000	-0.005	200.001	4.965	4.486	1.328	1782931984.670
630	200.000	0.031	200.002	3.685	2.424	1.328	1782931984.933
631	200.000	-0.007	200.003	2.248	5.974	1.328	1782931985.233
632	200.000	-0.086	200.001	3.775	4.098	1.328	1782931985.475
633	200.000	0.011	200.000	4.280	1.974	1.328	1782931985.719
634	200.000	0.041	199.999	3.016	5.244	1.328	1782931985.976
635	200.000	-0.032	200.001	3.701	4.118	1.328	1782931986.207
636	200.000	-0.020	199.999	4.407	1.794	1.328	1782931986.470
637	200.000	-0.043	200.004	3.462	5.156	1.328	1782931986.730
638	200.000	-0.037	200.001	3.618	4.135	1.328	1782931986.982
639	200.000	0.057	200.002	4.147	1.575	1.328	1782931987.297
640	200.000	-0.056	199.997	5.006	4.668	1.328	1782931987.530
641	200.000	-0.007	200.001	2.806	3.245	1.328	1782931987.796
642	200.000	0.012	199.998	4.359	1.291	1.328	1782931988.030
643	200.000	-0.022	199.999	5.136	4.685	1.328	1782931988.300
644	200.000	-0.007	200.002	3.130	2.619	1.328	1782931988.611
645	200.000	0.027	199.999	2.239	5.878	1.328	1782931988.913
646	200.000	-0.015	200.001	3.735	4.157	1.328	1782931989.174
647	200.000	-0.012	199.999	4.388	1.611	1.328	1782931989.488
648	200.000	-0.024	200.000	5.271	4.624	1.328	1782931989.782
649	200.000	-0.056	199.999	3.037	2.823	1.328	1782931990.025
650	200.000	0.004	200.001	4.079	1.002	1.328	1782931990.299
651	200.000	-0.003	199.999	5.510	4.491	1.328	1782931990.525
652	200.000	0.004	199.999	3.098	2.682	1.328	1782931990.807
653	200.000	0.032	200.001	2.587	0.304	1.328	1782931991.107
654	200.000	-0.027	199.999	3.803	4.055	1.328	1782931991.387
655	200.000	-0.052	200.000	4.410	1.693	1.328	1782931991.660
656	200.000	0.017	200.003	3.507	4.904	1.328	1782931991.920
657	200.000	-0.016	200.000	2.850	3.670	1.328	1782931992.178
658	200.000	0.051	200.001	4.148	1.333	1.328	1782931992.460
659	200.000	0.030	199.997	4.987	4.548	1.328	1782931992.743
660	200.000	0.014	200.002	3.420	2.428	1.328	1782931993.053
661	200.000	0.009	200.001	2.288	6.030	1.328	1782931993.360
662	200.000	0.082	200.002	4.229	4.150	1.328	1782931993.608
663	200.000	0.001	200.000	4.485	2.017	1.328	1782931993.841
664	200.000	-0.001	199.999	2.396	5.964	1.328	1782931994.106
665	200.000	0.029	200.001	4.138	4.119	1.328	1782931994.344
666	200.000	-0.010	200.001	4.316	1.769	1.328	1782931994.609
667	200.000	-0.008	200.001	3.114	4.804	1.328	1782931994.896
668	200.000	-0.003	199.999	2.997	3.735	1.328	1782931995.171
669	200.000	-0.028	200.003	4.634	1.386	1.328	1782931995.414
670	200.000	0.000	199.999	3.770	4.789	1.328	1782931995.662
671	200.000	-0.043	200.004	2.507	3.463	1.328	1782931995.951
672	200.000	-0.080	200.000	4.597	1.293	1.328	1782931996.220
673	200.000	-0.029	200.000	5.277	4.524	1.328	1782931996.454
674	200.000	0.025	199.997	2.846	2.910	1.328	1782931996.727
675	200.000	-0.038	200.004	4.127	1.114	1.328	1782931996.966
676	200.000	-0.001	199.997	5.056	4.541	1.328	1782931997.254
677	200.000	0.022	200.005	3.500	2.491	1.328	1782931997.523
678	200.000	-0.002	200.001	2.647	0.419	1.328	1782931997.786
679	200.000	0.001	199.998	4.696	4.257	1.328	1782931998.048
680	200.000	-0.018	200.003	4.451	1.952	1.328	1782931998.350
681	200.000	-0.016	200.005	2.330	5.467	1.328	1782931998.584
682	200.000	-0.019	200.000	3.999	4.157	1.328	1782931998.850
683	200.000	-0.053	200.006	4.540	1.920	1.328	1782931999.083
684	200.000	0.043	200.001	2.406	5.370	1.328	1782931999.360
685	200.000	0.043	200.000	3.008	3.775	1.328	1782931999.673
686	200.000	-0.044	200.000	4.052	1.062	1.328	1782931999.969
687	200.000	-0.001	200.001	5.323	4.477	1.328	1782932000.239
688	200.000	-0.003	199.999	3.741	2.262	1.328	1782932000.551
689	200.000	-0.003	200.003	2.056	5.977	1.328	1782932000.818
690	200.000	0.027	200.003	4.175	4.146	1.328	1782932001.091
691	200.000	0.001	200.000	4.592	1.789	1.328	1782932001.327
692	200.000	0.003	200.005	2.469	5.456	1.328	1782932001.609
693	200.000	0.003	199.997	3.232	3.832	1.328	1782932001.866
694	200.000	-0.035	199.998	4.542	1.484	1.328	1782932002.169
695	200.000	-0.051	200.001	4.947	4.612	1.328	1782932002.410
696	200.000	-0.068	200.000	2.885	3.102	1.328	1782932002.728
697	200.000	-0.043	199.998	4.035	0.833	1.328	1782932002.984
698	200.000	-0.028	200.001	5.301	4.380	1.328	1782932003.228
699	200.000	-0.011	200.004	3.517	2.573	1.328	1782932003.457
700	200.000	-0.030	200.002	3.795	0.834	1.328	1782932003.707
701	200.000	-0.037	199.999	5.233	4.418	1.328	1782932003.965
702	200.000	0.018	200.003	3.848	2.113	1.328	1782932004.303
703	200.000	-0.039	200.000	2.734	5.168	1.328	1782932004.601
704	200.000	-0.024	200.002	3.214	3.833	1.328	1782932004.847
705	200.000	0.014	199.999	4.698	1.624	1.328	1782932005.100
706	200.000	0.011	199.993	2.985	5.044	1.328	1782932005.352
707	200.000	-0.013	199.998	2.831	3.444	1.328	1782932005.660
708	200.000	-0.005	200.002	4.716	1.451	1.328	1782932005.905
709	200.000	-0.002	200.003	4.887	4.463	1.328	1782932006.221
710	200.000	-0.035	200.002	3.310	2.601	1.328	1782932006.455
711	200.000	-0.017	200.002	3.784	0.965	1.328	1782932006.709
712	200.000	-0.001	199.999	5.023	4.521	1.328	1782932006.956
713	200.000	0.005	200.000	3.373	2.660	1.328	1782932007.226
714	200.000	-0.054	200.003	4.389	1.123	1.328	1782932007.471
715	200.000	-0.017	200.001	4.710	4.330	1.328	1782932007.800
716	200.000	-0.048	200.004	4.556	2.209	1.328	1782932008.087
717	200.000	0.012	199.998	2.348	5.720	1.328	1782932008.334
718	200.000	-0.037	199.999	5.578	4.413	1.328	1782932008.587
719	200.000	0.015	199.998	4.624	1.907	1.328	1782932008.863
720	200.000	0.064	200.000	3.188	5.065	1.328	1782932009.153
721	200.000	0.005	199.998	3.725	4.048	1.328	1782932009.374
722	200.000	-0.019	199.997	4.489	1.819	1.328	1782932009.679
723	200.000	-0.042	200.001	4.866	4.662	1.328	1782932009.981
724	200.000	0.014	200.003	3.162	3.310	1.328	1782932010.217
725	200.000	-0.016	199.998	5.140	1.628	1.328	1782932010.456
726	200.000	0.083	200.000	4.512	4.728	1.328	1782932010.728
727	200.000	0.012	199.999	3.071	2.987	1.328	1782932010.950
728	200.000	-0.004	200.000	4.665	1.483	1.328	1782932011.236
729	200.000	-0.002	200.002	4.894	4.550	1.328	1782932011.515
730	200.000	-0.041	200.000	4.264	2.269	1.328	1782932011.800
731	200.000	-0.020	200.001	2.307	6.045	1.328	1782932012.118
732	200.000	0.004	200.001	3.629	4.035	1.328	1782932012.423
733	200.000	-0.022	200.001	3.829	1.392	1.328	1782932012.720
734	200.000	-0.018	200.001	5.107	4.439	1.328	1782932013.048
735	200.000	-0.013	200.002	4.199	2.372	1.328	1782932013.296
736	200.000	0.029	200.001	2.789	0.100	1.328	1782932013.533
737	200.000	0.054	200.005	4.781	4.356	1.328	1782932013.812
738	200.000	0.050	200.005	4.536	2.267	1.328	1782932014.057
739	200.000	0.009	200.003	2.874	0.312	1.328	1782932014.283
740	200.000	-0.007	200.002	4.790	4.410	1.328	1782932014.564
741	200.000	-0.039	200.000	4.674	2.235	1.328	1782932014.828
742	200.000	0.031	200.004	2.587	5.349	1.328	1782932015.121
743	200.000	-0.023	200.002	3.498	4.027	1.328	1782932015.356
744	200.000	-0.008	200.000	4.967	1.881	1.328	1782932015.625
745	200.000	-0.039	200.000	3.188	5.363	1.328	1782932015.856
746	200.000	-0.032	199.999	3.965	4.216	1.328	1782932016.129
747	200.000	-0.014	199.996	4.924	2.202	1.328	1782932016.431
748	200.000	-0.013	200.002	3.450	0.590	1.328	1782932016.682
749	200.000	0.016	199.999	3.289	5.651	1.328	1782932017.002
750	200.000	0.030	200.000	3.260	5.655	1.328	1782932017.315
751	200.000	0.005	199.998	3.249	5.663	1.328	1782932017.605
752	200.000	-0.031	200.001	3.243	5.629	1.328	1782932017.870
753	200.000	-0.026	199.999	3.212	5.622	1.328	1782932018.103
754	200.000	-0.070	200.000	3.314	5.667	1.328	1782932018.356
755	200.000	-0.021	199.997	3.223	5.678	1.328	1782932018.615
756	200.000	0.051	200.000	3.227	5.618	1.328	1782932018.872
757	200.000	0.001	200.000	3.119	5.682	1.328	1782932019.116
758	200.000	0.036	199.998	3.154	5.652	1.328	1782932019.346
