Point No.	Frequency Set (GHz)	THz Photocurrent (nA)	Frequency Act (GHz)	Amplitude (via StrMod)	Phase (via StrMod)	Frequency Fit	Timestamp (s)
1	200.000	-0.003	200.001	0.236	2.845	1.328	1783013449.526
2	200.000	0.019	200.001	0.283	3.771	1.328	1783013449.796
3	200.000	0.015	200.004	0.333	3.641	1.328	1783013450.042
4	200.000	0.073	200.001	0.620	1.083	1.328	1783013450.306
5	200.000	0.047	200.004	0.164	2.329	1.328	1783013450.582
6	200.000	0.032	200.001	0.310	2.827	1.328	1783013450.880
7	200.000	0.047	200.000	0.149	2.251	1.328	1783013451.162
8	200.000	0.039	200.004	0.182	2.369	1.328	1783013451.422
9	200.000	-0.020	200.002	0.132	2.594	1.328	1783013451.647
10	200.000	-0.011	200.000	0.400	2.510	1.328	1783013451.910
11	200.000	-0.027	199.999	0.336	3.139	1.328	1783013452.163
12	200.000	-0.016	199.998	0.263	2.582	1.328	1783013452.411
13	200.000	0.002	200.002	0.233	2.552	1.328	1783013452.657
14	200.000	0.040	199.997	0.327	3.191	1.328	1783013452.918
15	200.000	0.044	200.003	0.389	2.804	1.328	1783013453.155
16	200.000	0.012	200.001	0.318	2.608	1.328	1783013453.429
17	200.000	-0.081	200.005	0.428	1.858	1.328	1783013453.682
18	200.000	-0.012	199.999	0.280	2.543	1.328	1783013453.927
19	200.000	-0.010	200.000	0.265	3.253	1.328	1783013454.161
20	200.000	0.018	200.000	0.327	2.175	1.328	1783013454.409
21	200.000	-0.038	199.999	0.300	2.718	1.328	1783013454.661
22	200.000	-0.054	199.998	0.257	2.705	1.328	1783013454.918
23	200.000	-0.051	199.998	0.248	2.575	1.328	1783013455.150
24	200.000	0.004	200.002	0.274	2.791	1.328	1783013455.422
25	200.000	-0.011	199.999	0.387	3.552	1.328	1783013455.671
26	200.000	0.004	199.998	0.460	3.930	1.328	1783013455.924
27	200.000	-0.017	200.002	0.215	2.494	1.328	1783013456.141
28	200.000	0.007	199.995	0.251	3.133	1.328	1783013456.432
29	200.000	0.090	199.999	0.396	2.644	1.328	1783013456.723
30	200.000	-0.005	200.002	0.291	2.627	1.328	1783013456.970
31	200.000	-0.034	199.998	0.268	2.416	1.328	1783013457.202
32	200.000	-0.046	200.002	0.328	2.817	1.328	1783013457.478
33	200.000	0.004	199.999	0.324	2.491	1.328	1783013457.701
34	200.000	0.008	200.002	0.347	3.188	1.328	1783013457.999
35	200.000	0.020	200.001	0.260	3.022	1.328	1783013458.223
36	200.000	0.028	199.999	0.334	2.565	1.328	1783013458.487
37	200.000	0.027	199.999	0.246	2.423	1.328	1783013458.739
38	200.000	-0.031	200.000	0.296	1.936	1.328	1783013458.973
39	200.000	0.035	200.001	0.199	3.026	1.328	1783013459.234
40	200.000	0.039	200.000	0.316	2.265	1.328	1783013459.472
41	200.000	-0.049	199.996	0.113	2.347	1.328	1783013459.708
42	200.000	0.149	200.001	0.191	3.320	1.328	1783013459.961
43	200.000	0.002	200.001	0.259	2.470	1.328	1783013460.235
44	200.000	0.030	200.004	0.329	3.469	1.328	1783013460.459
45	200.000	0.030	199.998	0.191	2.989	1.328	1783013460.725
46	200.000	-0.038	200.000	0.338	2.569	1.328	1783013460.972
47	200.000	-0.018	199.999	0.392	3.449	1.328	1783013461.246
48	200.000	0.051	200.002	0.260	2.391	1.328	1783013461.476
49	200.000	0.058	200.004	0.389	4.491	1.328	1783013461.716
50	200.000	-0.002	200.001	0.221	2.821	1.328	1783013461.989
51	200.000	-0.012	200.001	0.195	2.906	1.328	1783013462.219
52	200.000	-0.015	200.000	0.296	3.809	1.328	1783013462.497
53	200.000	-0.074	200.002	0.306	2.906	1.328	1783013462.722
54	200.000	0.045	199.996	0.256	2.760	1.328	1783013462.999
55	200.000	-0.015	200.002	0.248	2.516	1.328	1783013463.250
56	200.000	0.036	199.999	0.379	3.078	1.328	1783013463.476
57	200.000	0.053	199.997	0.312	3.078	1.328	1783013463.723
58	200.000	0.004	199.998	0.370	2.839	1.328	1783013463.970
59	200.000	0.035	199.998	0.319	2.990	1.328	1783013464.236
60	200.000	-0.001	200.001	0.149	2.646	1.328	1783013464.470
61	200.000	-0.026	200.004	0.267	2.788	1.328	1783013464.720
62	200.000	-0.008	200.001	0.269	2.374	1.328	1783013464.995
63	200.000	0.084	199.996	0.265	3.187	1.328	1783013465.236
64	200.000	-0.004	200.001	0.271	2.895	1.328	1783013465.473
65	200.000	-0.025	199.999	0.356	2.048	1.328	1783013465.701
66	200.000	-0.061	200.003	0.311	2.525	1.328	1783013465.970
67	200.000	-0.024	199.997	0.446	2.441	1.328	1783013466.214
68	200.000	0.055	199.998	0.306	3.077	1.328	1783013466.488
69	200.000	0.013	200.002	0.293	3.137	1.328	1783013466.723
70	200.000	0.009	200.001	0.410	2.665	1.328	1783013466.952
71	200.000	-0.016	200.001	0.166	2.763	1.328	1783013467.215
72	200.000	-0.026	200.000	0.237	2.554	1.328	1783013467.465
73	200.000	-0.050	200.000	0.323	2.625	1.328	1783013467.722
74	200.000	0.026	200.003	0.208	2.794	1.328	1783013467.984
75	200.000	-0.032	199.994	0.214	2.369	1.328	1783013468.250
76	200.000	-0.015	199.999	0.262	2.605	1.328	1783013468.479
77	200.000	-0.063	199.999	0.455	2.061	1.328	1783013468.750
78	200.000	-0.008	199.999	0.302	2.487	1.328	1783013468.985
79	200.000	-0.093	200.002	0.200	2.589	1.328	1783013469.253
80	200.000	0.022	199.997	0.218	2.532	1.328	1783013469.494
81	200.000	-0.006	199.996	0.344	2.770	1.328	1783013469.746
82	200.000	-0.032	200.001	0.333	2.558	1.328	1783013470.009
83	200.000	-0.045	200.002	0.287	2.616	1.328	1783013470.231
84	200.000	0.058	199.999	0.262	2.714	1.328	1783013470.487
85	200.000	-0.023	200.003	0.203	3.180	1.328	1783013470.738
86	200.000	-0.007	200.002	0.296	2.467	1.328	1783013470.996
87	200.000	0.005	199.998	0.393	1.792	1.328	1783013471.245
88	200.000	-0.026	200.003	0.212	4.716	1.328	1783013471.490
89	200.000	-0.044	199.998	0.591	1.583	1.328	1783013471.751
90	200.000	0.017	200.000	0.318	3.537	1.328	1783013471.981
91	200.000	-0.075	199.995	0.356	2.546	1.328	1783013472.255
92	200.000	0.019	200.002	0.276	2.426	1.328	1783013472.468
93	200.000	0.052	200.000	0.339	3.147	1.328	1783013472.768
94	200.000	-0.008	200.002	0.381	2.155	1.328	1783013473.061
95	200.000	0.039	200.001	0.253	2.388	1.328	1783013473.303
96	200.000	-0.014	200.002	0.313	2.384	1.328	1783013473.532
97	200.000	0.008	199.997	0.309	2.518	1.328	1783013473.802
98	200.000	-0.029	199.997	0.308	2.618	1.328	1783013474.032
99	200.000	-0.040	199.997	0.240	2.731	1.328	1783013474.306
100	200.000	-0.015	199.997	0.282	3.252	1.328	1783013474.567
101	200.000	0.001	200.005	0.372	2.341	1.328	1783013474.803
102	200.000	-0.070	200.001	0.241	2.413	1.328	1783013475.054
103	200.000	-0.001	200.000	0.310	1.976	1.328	1783013475.284
104	200.000	-0.026	200.003	0.287	2.753	1.328	1783013475.559
105	200.000	-0.018	200.004	0.348	2.753	1.328	1783013475.785
106	200.000	-0.088	200.002	0.326	2.902	1.328	1783013476.047
107	200.000	0.011	199.997	0.184	3.076	1.328	1783013476.294
108	200.000	0.039	199.998	0.269	2.904	1.328	1783013476.565
109	200.000	-0.024	199.999	0.320	2.205	1.328	1783013476.794
110	200.000	-0.058	200.003	0.333	3.633	1.328	1783013477.059
111	200.000	-0.020	199.998	0.385	1.630	1.328	1783013477.302
112	200.000	0.039	199.997	0.275	2.214	1.328	1783013477.532
113	200.000	-0.032	199.998	0.339	3.427	1.328	1783013477.806
114	200.000	0.008	199.996	0.354	3.232	1.328	1783013478.033
115	200.000	-0.015	200.000	0.224	2.984	1.328	1783013478.286
116	200.000	0.020	199.999	0.258	2.176	1.328	1783013478.561
117	200.000	-0.013	199.999	0.396	2.751	1.328	1783013478.811
118	200.000	-0.024	200.003	0.300	3.055	1.328	1783013479.058
119	200.000	0.037	200.005	0.157	2.103	1.328	1783013479.286
120	200.000	-0.009	199.998	0.192	2.595	1.328	1783013479.561
121	200.000	-0.018	200.002	0.252	2.264	1.328	1783013479.785
122	200.000	0.006	199.998	0.087	2.907	1.328	1783013480.051
123	200.000	-0.026	199.999	0.325	2.772	1.328	1783013480.281
124	200.000	0.016	200.004	0.234	2.614	1.328	1783013480.547
125	200.000	0.028	200.001	0.222	2.665	1.328	1783013480.802
126	200.000	0.003	200.003	0.333	3.023	1.328	1783013481.054
127	200.000	0.060	199.996	0.221	2.083	1.328	1783013481.300
128	200.000	-0.024	200.004	0.152	2.086	1.328	1783013481.529
129	200.000	0.041	200.001	0.207	2.405	1.328	1783013481.808
130	200.000	0.009	199.998	0.222	2.743	1.328	1783013482.039
131	200.000	-0.048	200.006	0.283	2.987	1.328	1783013482.306
132	200.000	-0.024	199.998	0.243	2.738	1.328	1783013482.557
133	200.000	0.015	200.000	0.121	1.871	1.328	1783013482.804
134	200.000	0.013	199.999	0.161	2.643	1.328	1783013483.060
135	200.000	-0.003	199.998	0.330	2.655	1.328	1783013483.275
136	200.000	0.009	199.999	0.303	2.207	1.328	1783013483.554
137	200.000	0.010	199.997	0.105	2.253	1.328	1783013483.782
138	200.000	-0.014	199.999	0.245	2.840	1.328	1783013484.055
139	200.000	-0.066	200.004	0.233	3.297	1.328	1783013484.301
140	200.000	-0.033	200.002	0.220	3.168	1.328	1783013484.546
141	200.000	-0.064	200.003	0.212	2.596	1.328	1783013484.792
142	200.000	0.035	199.998	0.225	2.384	1.328	1783013485.061
143	200.000	0.013	200.004	0.105	2.517	1.328	1783013485.322
144	200.000	-0.058	199.999	0.249	2.194	1.328	1783013485.573
145	200.000	-0.017	199.999	0.201	2.786	1.328	1783013485.854
146	200.000	-0.042	199.999	0.196	2.685	1.328	1783013486.121
147	200.000	0.012	199.997	0.364	1.789	1.328	1783013486.367
148	200.000	0.010	199.998	0.276	2.047	1.328	1783013486.610
149	200.000	-0.021	199.999	0.336	2.555	1.328	1783013486.856
150	200.000	-0.028	199.999	0.238	2.312	1.328	1783013487.095
151	200.000	-0.006	200.001	0.161	2.404	1.328	1783013487.382
152	200.000	-0.026	200.005	0.255	1.985	1.328	1783013487.614
153	200.000	-0.049	200.001	0.162	1.978	1.328	1783013487.857
154	200.000	0.011	200.000	0.746	1.843	1.328	1783013488.107
155	200.000	0.027	200.001	0.412	2.067	1.328	1783013488.371
156	200.000	-0.019	199.998	0.288	1.740	1.328	1783013488.623
157	200.000	-0.026	200.000	0.256	4.200	1.328	1783013488.842
158	200.000	0.079	199.999	0.122	3.639	1.328	1783013489.121
159	200.000	-0.002	199.999	0.057	2.078	1.328	1783013489.342
160	200.000	-0.019	199.999	0.151	2.765	1.328	1783013489.616
161	200.000	-0.054	200.000	0.157	2.284	1.328	1783013489.849
162	200.000	0.007	200.001	0.328	2.196	1.328	1783013490.113
163	200.000	-0.007	199.997	0.144	2.436	1.328	1783013490.364
164	200.000	-0.042	199.996	0.119	2.580	1.328	1783013490.619
165	200.000	0.036	200.004	0.287	2.127	1.328	1783013490.863
166	200.000	0.010	199.999	0.308	2.106	1.328	1783013491.124
167	200.000	-0.008	199.998	0.222	1.516	1.328	1783013491.349
168	200.000	0.027	200.002	0.210	2.000	1.328	1783013491.584
169	200.000	0.027	200.003	0.302	2.124	1.328	1783013491.871
170	200.000	-0.030	199.998	0.138	2.548	1.328	1783013492.114
171	200.000	-0.021	200.000	0.249	2.101	1.328	1783013492.365
172	200.000	-0.066	199.999	0.125	1.600	1.328	1783013492.644
173	200.000	-0.019	199.999	0.171	1.350	1.328	1783013492.927
174	200.000	-0.040	199.999	0.249	2.917	1.328	1783013493.170
175	200.000	-0.002	199.998	0.257	2.094	1.328	1783013493.437
176	200.000	-0.021	199.998	0.309	2.216	1.328	1783013493.692
177	200.000	0.067	199.996	0.359	1.957	1.328	1783013493.928
178	200.000	0.031	200.000	0.156	2.967	1.328	1783013494.189
179	200.000	0.023	200.003	0.074	1.778	1.328	1783013494.402
180	200.000	-0.016	199.999	0.184	2.745	1.328	1783013494.675
181	200.000	-0.042	200.001	0.291	1.910	1.328	1783013494.910
182	200.000	-0.030	200.001	0.281	1.733	1.328	1783013495.203
183	200.000	0.052	200.001	0.271	2.332	1.328	1783013495.478
184	200.000	0.001	199.997	0.083	1.933	1.328	1783013495.753
185	200.000	-0.017	200.003	0.214	2.134	1.328	1783013495.985
186	200.000	0.034	200.000	0.202	2.797	1.328	1783013496.237
187	200.000	0.002	199.997	0.321	2.241	1.328	1783013496.485
188	200.000	-0.033	199.999	0.277	2.026	1.328	1783013496.733
189	200.000	0.021	199.998	0.275	2.250	1.328	1783013496.983
190	200.000	-0.011	199.998	0.339	1.867	1.328	1783013497.228
191	200.000	0.060	200.001	0.216	2.194	1.328	1783013497.509
192	200.000	-0.031	199.999	0.183	2.982	1.328	1783013497.775
193	200.000	0.070	200.003	0.206	1.673	1.328	1783013498.004
194	200.000	-0.003	199.998	0.263	1.997	1.328	1783013498.256
195	200.000	-0.002	199.998	0.414	2.329	1.328	1783013498.505
196	200.000	-0.049	199.997	0.363	2.325	1.328	1783013498.757
197	200.000	0.005	200.001	0.220	2.541	1.328	1783013499.010
198	200.000	0.002	200.002	0.025	2.775	1.328	1783013499.228
199	200.000	0.044	199.999	0.284	2.877	1.328	1783013499.515
200	200.000	0.008	199.998	0.278	2.266	1.328	1783013499.765
201	200.000	-0.033	199.998	0.239	1.910	1.328	1783013500.013
202	200.000	-0.044	200.002	0.121	2.881	1.328	1783013500.238
203	200.000	-0.054	200.002	0.124	2.379	1.328	1783013500.492
204	200.000	0.003	200.000	0.209	2.716	1.328	1783013500.749
205	200.000	0.022	199.999	0.244	2.686	1.328	1783013501.010
206	200.000	-0.024	200.001	0.285	2.890	1.328	1783013501.274
207	200.000	0.051	200.000	0.237	2.075	1.328	1783013501.565
208	200.000	0.011	200.000	0.249	2.132	1.328	1783013501.823
209	200.000	-0.014	200.002	0.113	2.585	1.328	1783013502.100
210	200.000	0.216	199.998	1.132	1.204	1.328	1783013502.351
211	200.000	0.048	199.998	0.462	1.581	1.328	1783013502.576
212	200.000	0.009	199.999	0.164	2.020	1.328	1783013502.833
213	200.000	0.012	200.001	0.194	2.425	1.328	1783013503.071
214	200.000	-0.015	199.998	0.278	2.202	1.328	1783013503.344
215	200.000	-0.021	199.998	0.317	2.542	1.328	1783013503.598
216	200.000	0.018	200.002	0.293	2.325	1.328	1783013503.838
217	200.000	-0.005	200.001	0.314	2.163	1.328	1783013504.090
218	200.000	0.051	200.005	0.483	2.283	1.328	1783013504.319
219	200.000	-0.053	200.001	0.211	2.182	1.328	1783013504.595
220	200.000	0.002	199.998	0.351	2.066	1.328	1783013504.817
221	200.000	-0.026	200.004	0.220	1.922	1.328	1783013505.079
222	200.000	-0.014	199.999	0.320	2.092	1.328	1783013505.315
223	200.000	-0.060	200.001	0.348	2.139	1.328	1783013505.573
224	200.000	0.037	200.000	0.361	2.027	1.328	1783013505.820
225	200.000	-0.031	200.000	0.277	2.611	1.328	1783013506.071
226	200.000	0.036	200.000	0.226	2.446	1.328	1783013506.334
227	200.000	-0.070	199.999	0.260	2.783	1.328	1783013506.587
228	200.000	0.019	200.003	0.265	2.768	1.328	1783013506.843
229	200.000	0.027	200.000	0.356	2.218	1.328	1783013507.070
230	200.000	0.029	200.003	0.200	2.196	1.328	1783013507.336
231	200.000	-0.033	199.999	0.209	2.447	1.328	1783013507.571
232	200.000	0.036	199.996	0.441	1.906	1.328	1783013507.842
233	200.000	-0.001	199.997	0.289	2.165	1.328	1783013508.089
234	200.000	-0.022	199.999	0.300	2.448	1.328	1783013508.320
235	200.000	0.022	200.001	0.257	2.578	1.328	1783013508.588
236	200.000	0.002	200.000	0.337	2.174	1.328	1783013508.819
237	200.000	-0.009	200.001	0.318	2.503	1.328	1783013509.094
238	200.000	-0.006	199.998	0.235	2.160	1.328	1783013509.326
239	200.000	0.018	200.002	0.404	2.080	1.328	1783013509.583
240	200.000	0.001	200.007	0.250	2.573	1.328	1783013509.840
241	200.000	0.023	199.999	0.332	2.134	1.328	1783013510.079
242	200.000	0.008	200.001	0.277	2.767	1.328	1783013510.334
243	200.000	0.031	200.001	0.319	2.483	1.328	1783013510.587
244	200.000	0.050	199.999	0.307	2.417	1.328	1783013510.840
245	200.000	-0.004	199.998	0.425	2.213	1.328	1783013511.068
246	200.000	-0.068	199.999	0.372	2.015	1.328	1783013511.331
247	200.000	0.012	200.006	0.359	2.026	1.328	1783013511.572
248	200.000	0.005	199.997	0.325	1.766	1.328	1783013511.836
249	200.000	0.025	199.999	0.203	2.149	1.328	1783013512.090
250	200.000	0.016	200.002	0.451	1.847	1.328	1783013512.309
251	200.000	-0.006	200.001	0.335	2.484	1.328	1783013512.588
252	200.000	-0.043	199.999	0.369	1.846	1.328	1783013512.816
253	200.000	-0.006	199.995	0.415	2.493	1.328	1783013513.093
254	200.000	0.024	200.001	0.243	1.915	1.328	1783013513.319
255	200.000	0.001	199.997	0.446	1.811	1.328	1783013513.583
256	200.000	0.002	199.999	0.267	2.238	1.328	1783013513.835
257	200.000	0.052	199.998	0.388	2.077	1.328	1783013514.095
258	200.000	-0.011	200.001	0.292	2.507	1.328	1783013514.346
259	200.000	-0.024	200.000	0.403	2.396	1.328	1783013514.570
260	200.000	-0.049	199.999	0.287	2.581	1.328	1783013514.827
261	200.000	0.015	200.003	0.409	2.212	1.328	1783013515.078
262	200.000	-0.050	200.004	0.240	2.316	1.328	1783013515.326
263	200.000	-0.062	200.000	0.212	2.739	1.328	1783013515.580
264	200.000	0.032	200.000	0.356	2.114	1.328	1783013515.830
265	200.000	-0.046	199.996	0.288	1.894	1.328	1783013516.079
266	200.000	0.002	199.997	0.332	2.052	1.328	1783013516.347
267	200.000	-0.075	199.999	0.381	2.129	1.328	1783013516.601
268	200.000	0.019	199.998	0.412	2.104	1.328	1783013516.818
269	200.000	-0.029	199.998	0.457	1.710	1.328	1783013517.091
270	200.000	0.112	200.001	0.201	2.984	1.328	1783013517.327
271	200.000	-0.102	199.999	0.287	1.976	1.328	1783013517.614
272	200.000	0.033	200.001	0.359	1.970	1.328	1783013517.825
273	200.000	-0.032	200.001	0.370	2.188	1.328	1783013518.081
274	200.000	0.015	200.000	0.353	1.948	1.328	1783013518.355
275	200.000	0.006	200.001	0.225	2.252	1.328	1783013518.589
276	200.000	0.043	200.001	0.326	2.697	1.328	1783013518.846
277	200.000	-0.067	199.997	0.352	2.203	1.328	1783013519.079
278	200.000	-0.033	199.999	0.473	1.809	1.328	1783013519.336
279	200.000	-0.028	200.006	0.219	2.589	1.328	1783013519.592
280	200.000	-0.064	200.002	0.249	2.471	1.328	1783013519.856
281	200.000	-0.004	199.997	0.323	2.047	1.328	1783013520.091
282	200.000	-0.004	199.998	0.410	2.101	1.328	1783013520.386
283	200.000	-0.000	200.000	0.375	1.923	1.328	1783013520.634
284	200.000	-0.038	200.004	0.384	1.912	1.328	1783013520.869
285	200.000	-0.038	200.000	0.258	1.887	1.328	1783013521.121
286	200.000	-0.038	199.997	0.345	2.179	1.328	1783013521.379
287	200.000	-0.038	200.001	0.268	1.942	1.328	1783013521.624
288	200.000	-0.020	199.999	0.339	2.053	1.328	1783013521.862
289	200.000	-0.015	200.002	0.263	2.627	1.328	1783013522.160
290	200.000	0.010	200.003	0.263	1.802	1.328	1783013522.388
291	200.000	-0.059	200.002	0.213	2.387	1.328	1783013522.653
292	200.000	0.014	200.001	0.314	2.033	1.328	1783013522.885
293	200.000	0.007	200.002	0.277	2.553	1.328	1783013523.158
294	200.000	-0.026	200.000	0.301	2.669	1.328	1783013523.394
295	200.000	-0.028	200.000	0.338	2.090	1.328	1783013523.622
296	200.000	-0.013	199.998	0.239	2.203	1.328	1783013523.906
297	200.000	-0.048	200.003	0.252	2.332	1.328	1783013524.139
298	200.000	-0.035	200.002	0.194	2.616	1.328	1783013524.415
299	200.000	0.028	200.000	0.303	2.560	1.328	1783013524.644
300	200.000	0.006	199.996	0.306	2.323	1.328	1783013524.891
301	200.000	-0.011	200.000	0.294	2.309	1.328	1783013525.139
302	200.000	0.016	200.000	0.391	1.905	1.328	1783013525.410
303	200.000	0.013	200.001	0.343	2.002	1.328	1783013525.658
304	200.000	-0.020	199.998	0.298	2.995	1.328	1783013525.879
305	200.000	-0.049	200.000	0.381	3.433	1.328	1783013526.147
306	200.000	0.050	200.000	0.243	2.481	1.328	1783013526.373
307	200.000	-0.005	199.999	0.220	2.486	1.328	1783013526.627
308	200.000	0.035	200.001	0.344	2.390	1.328	1783013526.868
309	200.000	-0.005	199.999	0.415	2.332	1.328	1783013527.137
310	200.000	-0.017	199.998	0.221	2.306	1.328	1783013527.402
311	200.000	-0.009	200.003	0.249	2.081	1.328	1783013527.635
312	200.000	-0.021	200.004	0.411	2.286	1.328	1783013527.890
313	200.000	-0.079	200.001	0.218	2.648	1.328	1783013528.133
314	200.000	0.169	200.001	0.101	0.335	1.328	1783013528.396
315	200.000	-0.008	200.002	0.355	1.981	1.328	1783013528.625
316	200.000	-0.035	199.997	0.323	2.667	1.328	1783013528.893
317	200.000	-0.027	200.002	0.152	2.806	1.328	1783013529.145
318	200.000	-0.006	200.000	0.248	2.383	1.328	1783013529.394
319	200.000	0.013	199.999	0.364	2.041	1.328	1783013529.648
320	200.000	-0.011	200.001	0.297	2.442	1.328	1783013529.872
321	200.000	-0.038	199.996	0.309	2.189	1.328	1783013530.147
322	200.000	-0.024	199.998	0.292	2.722	1.328	1783013530.388
323	200.000	-0.042	200.001	0.415	2.280	1.328	1783013530.650
324	200.000	-0.056	200.002	0.376	1.779	1.328	1783013530.896
325	200.000	-0.036	200.002	0.292	2.724	1.328	1783013531.138
326	200.000	-0.014	200.004	0.354	2.488	1.328	1783013531.392
327	200.000	0.021	200.002	0.490	2.212	1.328	1783013531.662
328	200.000	-0.021	200.002	0.363	1.847	1.328	1783013531.887
329	200.000	-0.021	199.998	0.317	2.639	1.328	1783013532.124
330	200.000	0.010	199.998	0.191	2.330	1.328	1783013532.399
331	200.000	0.016	200.002	0.282	2.156	1.328	1783013532.692
332	200.000	-0.046	200.000	0.263	1.833	1.328	1783013532.956
333	200.000	-0.022	199.999	0.338	2.625	1.328	1783013533.233
334	200.000	0.011	200.002	0.263	2.193	1.328	1783013533.480
335	200.000	0.001	200.003	0.345	2.418	1.328	1783013533.743
336	200.000	0.009	200.001	0.329	2.200	1.328	1783013534.025
337	200.000	0.028	199.996	0.293	2.391	1.328	1783013534.291
338	200.000	0.001	200.000	0.309	2.228	1.328	1783013534.551
339	200.000	-0.011	200.002	0.452	2.341	1.328	1783013534.792
340	200.000	-0.016	199.995	0.303	2.620	1.328	1783013535.044
341	200.000	0.004	199.994	0.369	2.239	1.328	1783013535.307
342	200.000	-0.054	199.998	0.304	2.174	1.328	1783013535.555
343	200.000	0.006	199.997	0.323	2.390	1.328	1783013535.825
344	200.000	0.007	199.997	0.382	2.085	1.328	1783013536.067
345	200.000	-0.014	199.996	0.207	2.348	1.328	1783013536.290
346	200.000	-0.097	199.999	0.379	1.769	1.328	1783013536.563
347	200.000	-0.031	199.999	0.328	2.288	1.328	1783013536.794
348	200.000	0.031	200.003	0.323	1.633	1.328	1783013537.057
349	200.000	0.065	200.002	0.202	2.236	1.328	1783013537.306
350	200.000	-0.063	199.999	0.319	2.729	1.328	1783013537.567
351	200.000	0.067	199.998	0.348	4.425	1.328	1783013537.819
352	200.000	-0.066	200.000	0.255	3.842	1.328	1783013538.044
353	200.000	-0.156	199.998	0.343	3.499	1.328	1783013538.313
354	200.000	-0.030	200.003	0.306	3.772	1.328	1783013538.527
355	200.000	0.099	200.002	0.463	2.432	1.328	1783013538.816
356	200.000	-0.072	200.000	0.347	3.373	1.328	1783013539.080
357	200.000	-0.059	200.000	0.367	1.888	1.328	1783013539.364
358	200.000	0.043	200.003	0.335	2.687	1.328	1783013539.613
359	200.000	-0.058	199.999	0.215	3.719	1.328	1783013539.873
360	200.000	-0.035	199.995	0.243	2.790	1.328	1783013540.097
361	200.000	-0.007	200.000	0.346	2.519	1.328	1783013540.374
362	200.000	-0.144	199.998	0.251	2.429	1.328	1783013540.609
363	200.000	-0.078	200.005	0.355	3.590	1.328	1783013540.868
364	200.000	-0.004	199.998	0.304	2.460	1.328	1783013541.128
365	200.000	-0.017	200.003	0.220	2.699	1.328	1783013541.350
366	200.000	0.025	199.998	0.191	2.256	1.328	1783013541.613
367	200.000	-0.017	200.000	0.288	2.133	1.328	1783013541.861
368	200.000	-0.055	200.002	0.130	2.634	1.328	1783013542.128
369	200.000	0.016	200.000	0.188	2.293	1.328	1783013542.358
370	200.000	0.020	200.002	0.197	2.497	1.328	1783013542.620
371	200.000	0.033	200.004	0.228	2.504	1.328	1783013542.878
372	200.000	-0.018	200.000	0.235	1.942	1.328	1783013543.109
373	200.000	0.012	199.998	0.205	1.998	1.328	1783013543.374
374	200.000	-0.000	200.000	0.313	2.198	1.328	1783013543.611
375	200.000	0.011	199.997	0.335	1.863	1.328	1783013543.874
376	200.000	-0.072	199.999	0.375	2.657	1.328	1783013544.100
377	200.000	0.001	199.997	0.184	2.716	1.328	1783013544.374
378	200.000	0.043	200.000	0.236	2.206	1.328	1783013544.595
379	200.000	0.012	200.002	0.184	2.272	1.328	1783013544.867
380	200.000	0.002	199.999	0.381	1.655	1.328	1783013545.115
381	200.000	0.028	200.001	0.271	2.589	1.328	1783013545.382
382	200.000	-0.028	199.997	0.212	2.464	1.328	1783013545.625
383	200.000	-0.028	200.001	0.383	2.556	1.328	1783013545.843
384	200.000	0.013	199.998	0.190	2.172	1.328	1783013546.117
385	200.000	0.029	200.004	0.277	2.478	1.328	1783013546.368
386	200.000	-0.080	200.004	0.304	2.173	1.328	1783013546.617
387	200.000	0.006	199.998	0.134	2.387	1.328	1783013546.871
388	200.000	-0.022	200.003	0.323	1.973	1.328	1783013547.115
389	200.000	-0.014	200.002	0.446	3.178	1.328	1783013547.357
390	200.000	-0.056	199.999	0.303	2.262	1.328	1783013547.628
391	200.000	0.014	200.004	0.069	3.008	1.328	1783013547.871
392	200.000	-0.052	200.008	0.290	3.185	1.328	1783013548.100
393	200.000	-0.049	200.000	0.188	2.773	1.328	1783013548.370
394	200.000	-0.029	200.001	0.286	2.102	1.328	1783013548.616
395	200.000	-0.007	200.000	0.154	2.748	1.328	1783013548.861
396	200.000	0.038	200.002	0.444	1.348	1.328	1783013549.115
397	200.000	-0.057	200.000	0.242	2.621	1.328	1783013549.379
398	200.000	-0.054	199.997	0.059	1.695	1.328	1783013549.620
399	200.000	0.025	199.998	0.251	2.163	1.328	1783013549.853
400	200.000	-0.037	199.998	0.251	2.332	1.328	1783013550.108
401	200.000	0.001	199.998	0.205	2.207	1.328	1783013550.347
402	200.000	0.016	200.002	0.217	2.174	1.328	1783013550.611
403	200.000	0.018	200.001	0.258	2.582	1.328	1783013550.880
404	200.000	-0.002	199.999	0.149	2.205	1.328	1783013551.117
405	200.000	-0.007	200.002	0.208	3.141	1.328	1783013551.369
406	200.000	0.020	200.001	0.210	2.667	1.328	1783013551.589
407	200.000	-0.067	199.999	0.170	2.935	1.328	1783013551.867
408	200.000	-0.037	200.001	0.109	3.431	1.328	1783013552.096
409	200.000	0.023	200.002	0.361	2.202	1.328	1783013552.365
410	200.000	0.002	200.001	0.251	2.234	1.328	1783013552.617
411	200.000	-0.042	200.000	0.189	2.644	1.328	1783013552.882
412	200.000	0.023	200.000	0.164	2.884	1.328	1783013553.106
413	200.000	-0.013	200.002	0.294	2.678	1.328	1783013553.385
414	200.000	0.017	200.001	0.152	2.489	1.328	1783013553.659
415	200.000	0.028	199.998	0.274	2.119	1.328	1783013553.918
416	200.000	0.051	200.000	0.165	1.862	1.328	1783013554.170
417	200.000	0.008	200.001	0.078	2.498	1.328	1783013554.425
418	200.000	0.064	200.004	0.200	2.117	1.328	1783013554.675
419	200.000	0.034	199.997	0.185	2.454	1.328	1783013554.936
420	200.000	-0.047	199.995	0.189	2.305	1.328	1783013555.193
421	200.000	0.023	199.999	0.273	2.482	1.328	1783013555.422
422	200.000	-0.016	200.002	0.070	2.534	1.328	1783013555.675
423	200.000	0.053	200.005	0.233	2.435	1.328	1783013555.903
424	200.000	0.017	200.001	0.214	2.619	1.328	1783013556.182
425	200.000	-0.068	200.002	0.275	1.765	1.328	1783013556.430
426	200.000	0.008	200.000	0.190	2.953	1.328	1783013556.688
427	200.000	-0.000	200.001	0.304	2.494	1.328	1783013556.942
428	200.000	0.009	200.000	0.266	2.651	1.328	1783013557.166
429	200.000	-0.064	200.001	0.147	2.880	1.328	1783013557.439
430	200.000	0.061	200.003	0.190	2.654	1.328	1783013557.667
431	200.000	0.075	200.005	0.128	2.409	1.328	1783013557.934
432	200.000	0.031	200.003	0.144	2.625	1.328	1783013558.158
433	200.000	-0.004	199.998	0.154	2.715	1.328	1783013558.428
434	200.000	0.044	200.002	0.114	2.529	1.328	1783013558.691
435	200.000	0.013	199.997	0.297	2.807	1.328	1783013558.962
436	200.000	0.005	200.005	0.291	3.015	1.328	1783013559.199
437	200.000	-0.022	200.000	0.199	2.520	1.328	1783013559.467
438	200.000	-0.007	200.002	0.153	2.947	1.328	1783013559.723
439	200.000	-0.005	199.999	0.276	2.640	1.328	1783013559.962
440	200.000	-0.035	200.001	0.176	2.223	1.328	1783013560.241
441	200.000	0.026	199.994	0.220	2.898	1.328	1783013560.455
442	200.000	0.026	200.003	0.195	3.035	1.328	1783013560.734
443	200.000	0.005	199.998	0.212	2.949	1.328	1783013560.982
444	200.000	-0.001	199.998	0.130	2.569	1.328	1783013561.263
445	200.000	-0.021	200.000	0.223	2.641	1.328	1783013561.496
446	200.000	0.004	200.000	0.298	2.830	1.328	1783013561.740
447	200.000	0.006	200.000	0.159	2.372	1.328	1783013561.995
448	200.000	0.003	199.999	0.336	2.730	1.328	1783013562.252
449	200.000	0.040	199.997	0.245	2.138	1.328	1783013562.495
450	200.000	0.028	200.002	0.207	3.093	1.328	1783013562.726
451	200.000	0.049	200.001	0.170	2.582	1.328	1783013563.000
452	200.000	-0.037	199.997	0.208	2.379	1.328	1783013563.228
453	200.000	-0.015	199.998	0.210	2.099	1.328	1783013563.493
454	200.000	0.013	200.000	0.244	2.303	1.328	1783013563.726
455	200.000	-0.065	200.000	0.117	3.626	1.328	1783013563.993
456	200.000	0.005	200.002	0.236	3.231	1.328	1783013564.244
457	200.000	-0.040	200.005	0.348	2.968	1.328	1783013564.486
458	200.000	-0.020	200.000	0.201	2.896	1.328	1783013564.754
459	200.000	-0.008	200.000	0.299	2.664	1.328	1783013564.967
460	200.000	-0.017	200.001	0.246	2.498	1.328	1783013565.255
461	200.000	-0.010	200.001	0.160	2.978	1.328	1783013565.485
462	200.000	0.019	200.000	0.274	2.566	1.328	1783013565.747
463	200.000	0.015	200.003	0.369	3.338	1.328	1783013566.000
464	200.000	0.009	200.007	0.182	2.900	1.328	1783013566.252
465	200.000	-0.092	200.000	0.358	2.602	1.328	1783013566.511
466	200.000	-0.034	200.000	0.314	3.344	1.328	1783013566.740
467	200.000	0.024	200.001	0.211	2.396	1.328	1783013566.997
468	200.000	0.026	200.000	0.314	3.127	1.328	1783013567.226
469	200.000	0.034	200.003	0.292	3.368	1.328	1783013567.500
470	200.000	-0.011	200.003	0.235	2.804	1.328	1783013567.729
471	200.000	-0.005	200.000	0.370	3.106	1.328	1783013568.000
472	200.000	0.017	199.996	0.190	2.633	1.328	1783013568.248
473	200.000	0.018	199.996	0.325	2.882	1.328	1783013568.496
474	200.000	0.035	199.999	0.269	3.292	1.328	1783013568.748
475	200.000	0.010	200.002	0.263	3.139	1.328	1783013568.984
476	200.000	0.043	199.998	0.320	2.687	1.328	1783013569.233
477	200.000	0.047	200.003	0.333	2.714	1.328	1783013569.486
478	200.000	-0.037	200.004	0.325	2.557	1.328	1783013569.767
479	200.000	-0.002	199.998	0.306	3.019	1.328	1783013569.984
480	200.000	0.045	199.999	0.343	2.159	1.328	1783013570.242
481	200.000	-0.009	199.998	0.253	2.927	1.328	1783013570.498
482	200.000	0.080	199.998	0.147	3.206	1.328	1783013570.763
483	200.000	0.005	200.002	0.272	1.677	1.328	1783013570.991
484	200.000	0.016	199.999	0.855	0.945	1.328	1783013571.224
485	200.000	0.071	199.999	0.173	2.759	1.328	1783013571.489
486	200.000	0.023	200.000	0.314	3.116	1.328	1783013571.740
487	200.000	-0.041	199.998	0.205	3.296	1.328	1783013571.989
488	200.000	0.023	200.006	0.248	2.650	1.328	1783013572.234
489	200.000	0.005	200.000	0.257	2.679	1.328	1783013572.511
490	200.000	0.053	200.001	0.252	2.951	1.328	1783013572.790
491	200.000	0.029	200.001	0.321	2.757	1.328	1783013573.067
492	200.000	0.019	200.001	0.371	2.926	1.328	1783013573.300
493	200.000	-0.046	200.001	0.214	2.519	1.328	1783013573.540
494	200.000	-0.046	200.002	0.386	2.888	1.328	1783013573.780
495	200.000	-0.008	200.002	0.229	2.689	1.328	1783013574.052
496	200.000	0.028	199.996	0.295	2.754	1.328	1783013574.310
497	200.000	-0.005	200.001	0.357	2.672	1.328	1783013574.537
498	200.000	-0.066	199.999	0.315	3.076	1.328	1783013574.808
499	200.000	-0.079	200.001	0.441	3.322	1.328	1783013575.047
500	200.000	-0.053	199.998	0.367	2.672	1.328	1783013575.311
501	200.000	-0.026	200.003	0.274	2.915	1.328	1783013575.553
502	200.000	-0.017	199.997	0.300	2.527	1.328	1783013575.821
503	200.000	-0.001	200.001	0.244	2.659	1.328	1783013576.072
504	200.000	-0.012	199.998	0.360	3.727	1.328	1783013576.315
505	200.000	-0.044	200.000	0.304	3.000	1.328	1783013576.567
506	200.000	-0.004	200.000	0.313	2.997	1.328	1783013576.797
507	200.000	0.047	200.003	0.250	3.325	1.328	1783013577.050
508	200.000	-0.021	200.002	0.266	2.879	1.328	1783013577.296
509	200.000	-0.043	200.001	0.209	2.709	1.328	1783013577.556
510	200.000	0.011	199.999	0.342	2.939	1.328	1783013577.809
511	200.000	-0.010	199.999	0.428	2.546	1.328	1783013578.034
512	200.000	0.014	200.000	0.281	3.153	1.328	1783013578.302
513	200.000	0.004	199.997	0.231	2.413	1.328	1783013578.572
514	200.000	0.003	200.000	0.324	2.367	1.328	1783013578.817
515	200.000	0.014	200.001	0.278	2.664	1.328	1783013579.043
516	200.000	0.001	200.001	0.245	3.362	1.328	1783013579.306
517	200.000	-0.014	199.998	0.355	3.030	1.328	1783013579.565
518	200.000	0.019	200.001	0.318	2.466	1.328	1783013579.810
519	200.000	0.013	200.002	0.346	2.192	1.328	1783013580.050
520	200.000	-0.054	200.003	0.416	1.993	1.328	1783013580.280
521	200.000	0.049	199.997	0.349	2.076	1.328	1783013580.552
522	200.000	-0.048	199.999	0.272	3.475	1.328	1783013580.779
523	200.000	-0.026	199.999	0.446	2.149	1.328	1783013581.048
524	200.000	-0.033	199.999	0.255	2.415	1.328	1783013581.301
525	200.000	-0.052	200.005	0.271	2.651	1.328	1783013581.560
526	200.000	-0.039	200.000	0.302	2.182	1.328	1783013581.821
527	200.000	-0.013	199.997	0.154	3.155	1.328	1783013582.061
528	200.000	-0.028	199.999	0.701	1.998	1.328	1783013582.309
529	200.000	0.064	200.001	0.422	2.242	1.328	1783013582.521
530	200.000	-0.028	199.998	0.283	2.670	1.328	1783013582.809
531	200.000	-0.014	199.998	0.282	2.959	1.328	1783013583.032
532	200.000	-0.043	200.002	0.332	2.572	1.328	1783013583.298
533	200.000	-0.005	200.001	0.273	2.697	1.328	1783013583.538
534	200.000	-0.012	199.998	0.268	2.613	1.328	1783013583.810
535	200.000	-0.039	200.003	0.285	2.488	1.328	1783013584.057
536	200.000	-0.016	200.004	0.085	3.090	1.328	1783013584.305
537	200.000	-0.034	199.999	0.346	2.679	1.328	1783013584.559
538	200.000	-0.020	200.001	0.458	2.653	1.328	1783013584.810
539	200.000	0.060	199.998	0.661	4.240	1.328	1783013585.065
540	200.000	0.014	199.999	0.241	2.524	1.328	1783013585.292
541	200.000	0.034	199.997	0.377	2.440	1.328	1783013585.558
542	200.000	-0.021	200.000	0.437	2.243	1.328	1783013585.810
543	200.000	-0.014	199.997	0.201	2.079	1.328	1783013586.057
544	200.000	0.047	199.999	0.415	2.027	1.328	1783013586.305
545	200.000	0.066	200.000	0.264	2.814	1.328	1783013586.533
546	200.000	-0.039	200.003	0.296	2.354	1.328	1783013586.803
547	200.000	0.002	199.999	0.319	2.339	1.328	1783013587.056
548	200.000	-0.011	199.999	0.324	2.804	1.328	1783013587.313
549	200.000	0.009	199.996	0.305	2.081	1.328	1783013587.536
550	200.000	0.008	200.004	0.269	2.457	1.328	1783013587.804
551	200.000	-0.014	199.997	0.333	2.531	1.328	1783013588.047
552	200.000	0.001	200.000	0.250	2.470	1.328	1783013588.321
553	200.000	-0.018	200.003	0.373	3.165	1.328	1783013588.558
554	200.000	0.030	199.997	0.311	3.012	1.328	1783013588.794
555	200.000	-0.044	200.001	0.201	2.583	1.328	1783013589.050
556	200.000	0.011	199.998	0.239	2.109	1.328	1783013589.308
557	200.000	-0.022	199.999	0.282	2.577	1.328	1783013589.580
558	200.000	-0.006	199.997	0.226	2.924	1.328	1783013589.807
559	200.000	-0.038	200.000	0.362	2.532	1.328	1783013590.070
560	200.000	-0.032	199.996	0.344	2.823	1.328	1783013590.318
561	200.000	0.023	200.002	0.345	2.393	1.328	1783013590.592
562	200.000	-0.000	199.999	0.359	2.171	1.328	1783013590.826
563	200.000	-0.012	200.001	0.332	3.157	1.328	1783013591.057
564	200.000	0.042	200.001	0.255	2.588	1.328	1783013591.322
565	200.000	0.006	200.000	0.380	3.329	1.328	1783013591.561
566	200.000	0.031	200.001	0.253	2.655	1.328	1783013591.831
567	200.000	0.080	200.001	0.303	2.766	1.328	1783013592.080
568	200.000	0.032	200.001	0.336	2.909	1.328	1783013592.313
569	200.000	0.034	200.000	0.332	1.627	1.328	1783013592.582
570	200.000	0.005	200.000	0.291	3.126	1.328	1783013592.792
571	200.000	0.013	199.996	0.268	2.742	1.328	1783013593.072
572	200.000	0.010	200.001	0.239	2.499	1.328	1783013593.299
573	200.000	-0.018	199.997	0.323	2.309	1.328	1783013593.576
574	200.000	-0.017	199.998	0.219	2.620	1.328	1783013593.833
575	200.000	0.010	199.997	0.278	2.522	1.328	1783013594.079
576	200.000	-0.003	199.999	0.157	2.959	1.328	1783013594.328
577	200.000	-0.015	200.001	0.200	3.027	1.328	1783013594.574
578	200.000	0.006	200.005	0.236	2.567	1.328	1783013594.830
579	200.000	-0.010	200.002	0.092	2.574	1.328	1783013595.053
580	200.000	-0.010	199.998	0.258	1.841	1.328	1783013595.319
581	200.000	0.029	199.995	0.378	2.860	1.328	1783013595.575
582	200.000	-0.001	199.999	0.112	1.868	1.328	1783013595.818
583	200.000	0.014	200.003	0.218	1.916	1.328	1783013596.072
584	200.000	-0.019	199.999	0.241	2.057	1.328	1783013596.314
585	200.000	0.003	199.996	0.166	2.745	1.328	1783013596.569
586	200.000	0.034	199.998	0.290	2.582	1.328	1783013596.808
587	200.000	0.032	200.002	0.237	2.049	1.328	1783013597.061
588	200.000	-0.015	200.002	0.254	1.847	1.328	1783013597.311
589	200.000	0.003	199.996	0.226	3.000	1.328	1783013597.576
590	200.000	-0.034	200.000	0.188	3.354	1.328	1783013597.822
591	200.000	-0.025	200.003	0.129	2.506	1.328	1783013598.097
592	200.000	-0.006	200.002	0.261	2.783	1.328	1783013598.332
593	200.000	0.026	200.000	0.111	3.212	1.328	1783013598.597
594	200.000	-0.030	200.001	0.268	2.274	1.328	1783013598.839
595	200.000	-0.001	200.003	0.161	2.441	1.328	1783013599.079
596	200.000	-0.024	199.999	0.185	2.269	1.328	1783013599.327
597	200.000	0.054	200.003	0.133	2.854	1.328	1783013599.609
598	200.000	0.009	200.002	0.084	2.087	1.328	1783013599.870
599	200.000	-0.004	199.998	0.184	2.321	1.328	1783013600.132
600	200.000	-0.008	200.002	0.210	2.863	1.328	1783013600.387
601	200.000	0.047	200.001	0.188	4.143	1.328	1783013600.629
602	200.000	-0.036	199.998	0.207	2.456	1.328	1783013600.869
603	200.000	0.005	199.998	0.182	2.351	1.328	1783013601.119
604	200.000	-0.047	199.995	0.032	2.176	1.328	1783013601.369
605	200.000	-0.032	199.999	0.177	2.638	1.328	1783013601.603
606	200.000	0.038	200.005	0.216	2.448	1.328	1783013601.852
607	200.000	-0.008	200.002	0.198	2.455	1.328	1783013602.135
608	200.000	-0.008	200.005	0.110	1.423	1.328	1783013602.359
609	200.000	-0.009	199.999	0.190	1.228	1.328	1783013602.621
610	200.000	0.008	200.001	0.241	1.344	1.328	1783013602.870
611	200.000	-0.004	199.999	0.192	2.618	1.328	1783013603.103
612	200.000	0.011	200.002	0.243	2.339	1.328	1783013603.388
613	200.000	-0.020	200.004	0.254	3.879	1.328	1783013603.620
614	200.000	-0.000	200.001	0.192	2.211	1.328	1783013603.879
615	200.000	-0.030	199.997	0.377	2.261	1.328	1783013604.102
616	200.000	-0.001	199.998	0.162	3.020	1.328	1783013604.368
617	200.000	0.018	199.998	0.316	1.655	1.328	1783013604.625
618	200.000	0.032	199.998	0.289	1.946	1.328	1783013604.859
619	200.000	-0.022	200.002	0.179	2.203	1.328	1783013605.123
620	200.000	0.007	200.000	0.205	1.892	1.328	1783013605.369
621	200.000	-0.012	200.000	0.081	2.528	1.328	1783013605.635
622	200.000	0.030	199.998	0.398	1.938	1.328	1783013605.941
623	200.000	0.047	199.998	0.204	2.564	1.328	1783013606.185
624	200.000	0.003	200.005	0.298	2.872	1.328	1783013606.428
625	200.000	0.011	200.003	0.334	2.194	1.328	1783013606.674
626	200.000	0.022	199.997	0.292	1.733	1.328	1783013606.930
627	200.000	-0.036	199.999	0.324	2.137	1.328	1783013607.184
628	200.000	0.015	200.000	0.240	2.652	1.328	1783013607.410
629	200.000	0.003	199.998	0.164	1.810	1.328	1783013607.676
630	200.000	0.011	199.999	0.261	2.686	1.328	1783013607.928
631	200.000	0.002	199.996	0.288	2.372	1.328	1783013608.186
632	200.000	0.056	200.003	0.250	2.639	1.328	1783013608.422
633	200.000	-0.020	200.000	0.175	1.563	1.328	1783013608.682
634	200.000	0.031	200.003	0.222	3.395	1.328	1783013608.918
635	200.000	-0.031	199.999	0.296	3.160	1.328	1783013609.175
636	200.000	-0.015	199.999	0.351	2.733	1.328	1783013609.424
637	200.000	0.024	200.002	0.177	3.041	1.328	1783013609.672
638	200.000	-0.029	199.999	0.201	2.544	1.328	1783013609.919
639	200.000	0.030	200.000	0.260	2.593	1.328	1783013610.168
640	200.000	0.005	200.001	0.214	2.494	1.328	1783013610.421
641	200.000	-0.015	200.000	0.261	2.661	1.328	1783013610.672
642	200.000	-0.034	199.996	0.348	2.315	1.328	1783013610.921
643	200.000	-0.034	200.000	0.255	2.792	1.328	1783013611.189
644	200.000	0.079	200.001	0.289	2.424	1.328	1783013611.416
645	200.000	0.002	200.004	0.229	2.462	1.328	1783013611.670
646	200.000	-0.015	200.001	0.236	2.219	1.328	1783013611.922
647	200.000	-0.007	200.000	0.180	2.613	1.328	1783013612.189
648	200.000	-0.049	200.003	0.236	2.330	1.328	1783013612.428
649	200.000	0.014	199.999	0.326	2.075	1.328	1783013612.657
650	200.000	-0.033	200.000	0.241	1.992	1.328	1783013612.922
651	200.000	0.020	200.003	0.316	1.892	1.328	1783013613.170
652	200.000	0.025	199.995	0.457	1.756	1.328	1783013613.444
653	200.000	0.053	199.997	0.285	2.748	1.328	1783013613.675
654	200.000	-0.003	200.000	0.323	2.226	1.328	1783013613.920
655	200.000	-0.015	200.000	0.247	2.622	1.328	1783013614.173
656	200.000	-0.012	200.001	0.229	1.598	1.328	1783013614.410
657	200.000	0.001	200.000	0.271	2.408	1.328	1783013614.690
658	200.000	0.009	200.002	0.207	2.296	1.328	1783013614.907
659	200.000	-0.001	199.998	0.293	2.462	1.328	1783013615.171
660	200.000	0.000	200.000	0.313	2.543	1.328	1783013615.420
661	200.000	-0.034	200.003	0.348	2.106	1.328	1783013615.688
662	200.000	0.022	200.002	0.690	1.370	1.328	1783013615.917
663	200.000	-0.018	200.002	0.310	1.745	1.328	1783013616.168
664	200.000	0.015	200.001	0.396	1.686	1.328	1783013616.432
665	200.000	-0.018	199.998	0.290	2.275	1.328	1783013616.669
666	200.000	-0.018	200.003	0.281	2.114	1.328	1783013616.937
667	200.000	0.024	199.998	0.347	1.957	1.328	1783013617.158
668	200.000	-0.029	200.000	0.342	2.153	1.328	1783013617.432
669	200.000	0.031	200.002	0.260	2.100	1.328	1783013617.679
670	200.000	0.002	200.001	0.213	2.222	1.328	1783013617.956
671	200.000	-0.010	199.999	0.070	2.894	1.328	1783013618.187
672	200.000	-0.005	200.000	0.306	2.229	1.328	1783013618.447
673	200.000	0.039	200.001	0.186	2.760	1.328	1783013618.695
674	200.000	-0.026	200.001	0.378	2.415	1.328	1783013618.972
675	200.000	-0.029	200.002	0.320	1.643	1.328	1783013619.255
676	200.000	-0.014	200.000	0.290	2.236	1.328	1783013619.506
677	200.000	0.027	199.997	0.409	2.333	1.328	1783013619.746
678	200.000	0.031	200.003	0.336	2.295	1.328	1783013619.981
679	200.000	0.001	200.002	0.291	2.231	1.328	1783013620.260
680	200.000	0.008	200.000	0.259	2.434	1.328	1783013620.522
681	200.000	-0.000	200.003	0.262	2.470	1.328	1783013620.772
682	200.000	0.016	199.998	0.153	2.439	1.328	1783013620.994
683	200.000	-0.021	199.995	0.255	2.129	1.328	1783013621.273
684	200.000	0.051	199.999	0.361	2.087	1.328	1783013621.553
685	200.000	-0.011	199.999	0.215	2.207	1.328	1783013621.824
686	200.000	0.030	200.003	0.296	1.858	1.328	1783013622.063
687	200.000	-0.016	199.998	0.341	1.952	1.328	1783013622.330
688	200.000	0.007	200.000	0.272	2.343	1.328	1783013622.583
689	200.000	-0.036	200.002	0.295	2.832	1.328	1783013622.847
690	200.000	0.003	200.001	0.227	2.269	1.328	1783013623.099
691	200.000	0.007	199.999	0.346	2.194	1.328	1783013623.333
692	200.000	0.003	200.004	0.294	2.454	1.328	1783013623.608
693	200.000	-0.006	200.003	0.443	2.117	1.328	1783013623.857
694	200.000	-0.007	200.000	0.338	2.604	1.328	1783013624.079
695	200.000	-0.007	199.997	0.390	1.998	1.328	1783013624.329
696	200.000	-0.000	200.001	0.484	1.911	1.328	1783013624.602
697	200.000	-0.005	200.000	0.468	2.230	1.328	1783013624.840
698	200.000	-0.054	199.999	0.260	2.088	1.328	1783013625.100
699	200.000	0.023	199.998	0.293	2.214	1.328	1783013625.383
700	200.000	0.002	200.000	0.360	2.227	1.328	1783013625.655
701	200.000	0.060	199.998	0.434	2.322	1.328	1783013625.913
702	200.000	0.019	199.997	0.427	1.952	1.328	1783013626.164
703	200.000	0.030	200.000	0.474	2.059	1.328	1783013626.390
704	200.000	0.042	199.999	0.348	2.750	1.328	1783013626.666
705	200.000	-0.003	199.999	0.373	2.478	1.328	1783013626.917
706	200.000	-0.009	200.002	0.549	2.185	1.328	1783013627.181
707	200.000	0.026	200.001	0.276	2.429	1.328	1783013627.441
708	200.000	-0.036	199.998	0.346	1.926	1.328	1783013627.737
709	200.000	-0.012	200.002	0.323	2.132	1.328	1783013627.950
710	200.000	0.055	200.004	0.484	2.072	1.328	1783013628.251
711	200.000	0.056	200.001	0.185	2.571	1.328	1783013628.477
712	200.000	0.029	199.998	0.273	3.293	1.328	1783013628.752
713	200.000	0.024	199.999	0.320	2.228	1.328	1783013629.027
714	200.000	-0.011	200.000	0.275	2.837	1.328	1783013629.280
715	200.000	-0.005	199.997	0.436	2.105	1.328	1783013629.519
716	200.000	0.032	200.000	0.181	4.178	1.328	1783013629.802
717	200.000	0.014	199.996	0.650	1.826	1.328	1783013630.062
718	200.000	-0.019	199.999	0.370	2.244	1.328	1783013630.302
719	200.000	-0.008	200.003	0.333	2.162	1.328	1783013630.537
720	200.000	-0.023	200.002	0.398	1.992	1.328	1783013630.782
721	200.000	0.009	199.998	0.336	2.382	1.328	1783013631.050
722	200.000	-0.006	200.000	0.467	1.948	1.328	1783013631.272
723	200.000	0.088	199.998	0.368	2.333	1.328	1783013631.531
724	200.000	-0.016	200.002	0.409	2.026	1.328	1783013631.805
725	200.000	-0.009	199.998	0.514	2.199	1.328	1783013632.048
726	200.000	-0.012	200.002	0.407	1.890	1.328	1783013632.303
727	200.000	0.015	199.999	0.364	2.955	1.328	1783013632.528
728	200.000	0.013	200.002	0.338	2.168	1.328	1783013632.790
729	200.000	-0.004	200.006	0.354	2.520	1.328	1783013633.038
730	200.000	0.027	200.000	0.433	1.933	1.328	1783013633.291
731	200.000	-0.012	199.998	0.425	2.040	1.328	1783013633.542
732	200.000	0.024	200.003	0.438	2.246	1.328	1783013633.777
733	200.000	-0.000	199.999	0.369	2.091	1.328	1783013634.050
734	200.000	-0.026	199.998	0.338	1.939	1.328	1783013634.299
735	200.000	0.023	199.999	0.358	2.105	1.328	1783013634.534
736	200.000	-0.007	200.000	0.475	2.342	1.328	1783013634.766
737	200.000	0.008	200.001	0.289	2.622	1.328	1783013635.036
738	200.000	0.032	200.001	0.122	2.308	1.328	1783013635.294
739	200.000	-0.022	199.997	0.240	2.449	1.328	1783013635.530
740	200.000	-0.014	199.999	0.385	2.659	1.328	1783013635.794
741	200.000	-0.096	199.997	0.467	3.735	1.328	1783013636.036
742	200.000	-0.044	200.001	0.392	1.890	1.328	1783013636.292
743	200.000	-0.012	200.001	0.282	2.485	1.328	1783013636.527
744	200.000	-0.025	200.000	0.284	2.151	1.328	1783013636.784
745	200.000	-0.033	199.999	0.310	2.544	1.328	1783013637.033
746	200.000	0.053	200.000	0.332	2.271	1.328	1783013637.295
747	200.000	-0.014	200.000	0.452	2.026	1.328	1783013637.547
748	200.000	0.010	200.001	0.403	2.344	1.328	1783013637.786
749	200.000	-0.034	199.997	0.292	2.414	1.328	1783013638.035
750	200.000	0.015	199.998	0.342	2.689	1.328	1783013638.269
751	200.000	0.005	200.000	0.269	2.515	1.328	1783013638.539
752	200.000	-0.005	200.006	0.258	2.424	1.328	1783013638.767
753	200.000	0.013	200.001	0.418	1.961	1.328	1783013639.027
754	200.000	0.014	199.999	0.289	2.537	1.328	1783013639.282
755	200.000	0.008	200.001	0.648	1.173	1.328	1783013639.539
756	200.000	0.057	200.002	0.253	1.728	1.328	1783013639.784
757	200.000	0.034	199.999	0.178	2.567	1.328	1783013640.032
758	200.000	0.001	200.003	0.304	2.394	1.328	1783013640.267
759	200.000	-0.004	199.997	0.283	2.601	1.328	1783013640.526
760	200.000	0.006	199.994	0.313	2.182	1.328	1783013640.792
761	200.000	0.058	199.997	0.387	2.153	1.328	1783013641.018
762	200.000	0.080	199.994	0.269	2.726	1.328	1783013641.279
763	200.000	0.019	200.000	0.293	2.107	1.328	1783013641.525
764	200.000	0.008	199.999	0.425	2.615	1.328	1783013641.802
765	200.000	-0.034	199.999	0.362	3.286	1.328	1783013642.021
766	200.000	0.008	199.998	0.522	1.952	1.328	1783013642.268
767	200.000	-0.007	200.001	0.439	2.296	1.328	1783013642.542
768	200.000	0.108	199.998	0.128	2.565	1.328	1783013642.779
769	200.000	-0.050	200.002	0.259	2.611	1.328	1783013643.061
770	200.000	0.007	199.999	0.282	2.904	1.328	1783013643.287
771	200.000	-0.015	199.998	0.294	2.415	1.328	1783013643.553
772	200.000	-0.009	200.001	0.396	2.166	1.328	1783013643.795
773	200.000	0.038	199.997	0.319	2.300	1.328	1783013644.050
774	200.000	-0.005	200.001	0.403	2.163	1.328	1783013644.286
775	200.000	-0.021	200.001	0.324	2.501	1.328	1783013644.541
776	200.000	-0.011	199.997	0.253	2.525	1.328	1783013644.803
777	200.000	0.008	200.004	0.360	2.537	1.328	1783013645.034
778	200.000	0.021	199.997	0.374	2.193	1.328	1783013645.304
779	200.000	0.005	199.999	0.268	1.895	1.328	1783013645.532
780	200.000	0.028	200.000	0.400	2.284	1.328	1783013645.785
781	200.000	-0.012	200.004	0.370	2.334	1.328	1783013646.048
782	200.000	-0.057	200.001	0.476	2.248	1.328	1783013646.290
783	200.000	-0.012	200.001	0.152	3.120	1.328	1783013646.540
784	200.000	-0.002	200.005	0.546	1.970	1.328	1783013646.771
785	200.000	-0.027	199.999	0.300	2.051	1.328	1783013647.045
786	200.000	-0.014	200.003	0.196	2.596	1.328	1783013647.258
787	200.000	0.084	200.001	0.311	2.583	1.328	1783013647.551
788	200.000	-0.015	200.002	0.287	2.423	1.328	1783013647.801
789	200.000	0.018	199.998	0.326	2.240	1.328	1783013648.041
790	200.000	0.020	199.998	0.412	2.240	1.328	1783013648.294
791	200.000	0.004	200.001	0.283	2.204	1.328	1783013648.526
792	200.000	0.009	200.001	0.327	2.141	1.328	1783013648.785
793	200.000	0.054	200.000	0.384	2.129	1.328	1783013649.033
794	200.000	-0.014	199.999	0.454	2.205	1.328	1783013649.288
795	200.000	0.004	200.002	0.394	2.173	1.328	1783013649.540
796	200.000	-0.019	199.998	0.377	2.538	1.328	1783013649.785
797	200.000	-0.018	200.003	0.273	2.049	1.328	1783013650.034
798	200.000	0.009	200.004	0.322	2.190	1.328	1783013650.286
799	200.000	-0.021	199.997	0.266	1.491	1.328	1783013650.537
800	200.000	0.028	200.000	0.362	2.250	1.328	1783013650.766
801	200.000	-0.016	200.002	0.314	2.413	1.328	1783013651.037
802	200.000	0.009	199.999	0.334	1.949	1.328	1783013651.279
803	200.000	-0.010	199.997	0.252	2.819	1.328	1783013651.560
804	200.000	-0.033	200.000	0.106	3.955	1.328	1783013651.784
805	200.000	-0.020	200.004	0.308	1.765	1.328	1783013652.030
806	200.000	-0.095	200.001	0.325	1.853	1.328	1783013652.290
807	200.000	0.003	199.999	0.659	1.880	1.328	1783013652.519
808	200.000	0.108	200.002	0.295	3.762	1.328	1783013652.785
809	200.000	-0.009	199.998	0.368	4.454	1.328	1783013653.008
810	200.000	0.036	200.002	0.165	2.308	1.328	1783013653.282
811	200.000	0.025	200.000	0.276	2.108	1.328	1783013653.532
812	200.000	0.033	200.002	0.379	2.246	1.328	1783013653.801
813	200.000	-0.043	200.005	0.292	2.209	1.328	1783013654.032
814	200.000	0.034	200.002	0.297	2.247	1.328	1783013654.271
815	200.000	0.015	200.000	0.173	2.688	1.328	1783013654.530
816	200.000	0.012	200.000	0.369	1.840	1.328	1783013654.765
817	200.000	-0.007	200.003	0.193	1.668	1.328	1783013655.027
818	200.000	0.014	199.997	0.286	2.554	1.328	1783013655.284
819	200.000	0.003	200.001	0.290	2.676	1.328	1783013655.553
820	200.000	0.063	200.001	0.352	2.776	1.328	1783013655.785
821	200.000	-0.023	200.003	0.299	1.904	1.328	1783013656.031
822	200.000	0.014	199.998	0.194	2.426	1.328	1783013656.282
823	200.000	-0.004	200.002	0.261	2.512	1.328	1783013656.519
824	200.000	-0.041	200.001	0.294	2.669	1.328	1783013656.794
825	200.000	0.018	200.000	0.200	2.418	1.328	1783013657.021
826	200.000	0.023	200.002	0.238	2.039	1.328	1783013657.290
827	200.000	0.031	200.002	0.347	1.840	1.328	1783013657.511
828	200.000	0.082	199.998	0.197	2.239	1.328	1783013657.801
829	200.000	-0.063	199.999	0.101	1.615	1.328	1783013658.060
830	200.000	-0.013	200.000	0.231	1.505	1.328	1783013658.287
831	200.000	0.023	200.002	0.177	2.865	1.328	1783013658.535
832	200.000	-0.006	200.002	0.256	2.671	1.328	1783013658.800
833	200.000	-0.053	200.002	0.216	1.537	1.328	1783013659.044
834	200.000	-0.019	199.998	0.306	2.440	1.328	1783013659.269
835	200.000	-0.014	199.995	0.079	2.458	1.328	1783013659.542
836	200.000	0.050	200.001	0.272	1.774	1.328	1783013659.788
837	200.000	-0.028	200.001	0.316	2.134	1.328	1783013660.035
838	200.000	-0.017	200.003	0.288	2.325	1.328	1783013660.276
839	200.000	-0.009	199.999	0.231	2.741	1.328	1783013660.539
840	200.000	0.057	200.000	0.323	2.454	1.328	1783013660.777
841	200.000	-0.017	200.002	0.117	2.412	1.328	1783013661.036
842	200.000	0.016	199.999	0.416	1.529	1.328	1783013661.298
843	200.000	0.026	199.997	0.281	2.586	1.328	1783013661.524
844	200.000	-0.004	199.999	0.204	2.533	1.328	1783013661.790
845	200.000	-0.035	200.002	0.156	2.062	1.328	1783013662.040
846	200.000	-0.031	200.003	0.140	2.824	1.328	1783013662.280
847	200.000	-0.039	199.999	0.200	2.252	1.328	1783013662.538
848	200.000	-0.011	199.998	0.342	2.344	1.328	1783013662.769
849	200.000	-0.008	200.001	0.334	1.279	1.328	1783013663.053
850	200.000	0.042	200.002	0.207	2.804	1.328	1783013663.297
851	200.000	-0.169	200.001	0.357	1.533	1.328	1783013663.534
852	200.000	-0.039	200.003	0.273	1.912	1.328	1783013663.786
853	200.000	0.002	199.999	0.122	1.602	1.328	1783013664.033
854	200.000	-0.012	200.001	0.483	3.781	1.328	1783013664.293
855	200.000	-0.036	200.003	0.223	1.936	1.328	1783013664.536
856	200.000	0.049	200.003	0.188	3.363	1.328	1783013664.787
857	200.000	0.016	200.005	0.252	2.014	1.328	1783013665.037
858	200.000	0.008	199.999	0.221	1.788	1.328	1783013665.298
859	200.000	0.013	199.999	0.164	2.753	1.328	1783013665.528
860	200.000	-0.065	199.997	0.341	3.423	1.328	1783013665.792
861	200.000	-0.047	200.002	0.060	2.355	1.328	1783013666.041
862	200.000	-0.006	199.997	0.302	2.170	1.328	1783013666.296
863	200.000	0.002	200.000	0.316	1.776	1.328	1783013666.554
864	200.000	0.047	199.997	0.169	2.353	1.328	1783013666.783
865	200.000	-0.081	199.999	0.322	3.163	1.328	1783013667.026
866	200.000	-0.081	199.996	0.216	2.062	1.328	1783013667.278
867	200.000	0.073	199.997	0.251	2.224	1.328	1783013667.529
868	200.000	0.010	199.997	0.291	2.159	1.328	1783013667.777
869	200.000	-0.009	200.002	0.207	2.805	1.328	1783013668.032
870	200.000	-0.009	200.002	0.220	2.149	1.328	1783013668.307
871	200.000	-0.008	200.002	0.268	2.796	1.328	1783013668.601
872	200.000	0.012	200.000	0.289	1.885	1.328	1783013668.834
873	200.000	-0.020	199.998	0.178	2.814	1.328	1783013669.108
874	200.000	0.262	199.999	0.604	3.949	1.328	1783013669.337
875	200.000	-0.047	200.004	0.248	2.708	1.328	1783013669.602
876	200.000	-0.006	199.997	0.107	2.197	1.328	1783013669.855
877	200.000	0.018	200.001	0.187	2.805	1.328	1783013670.080
878	200.000	-0.045	199.997	0.270	2.579	1.328	1783013670.344
879	200.000	0.030	200.000	0.287	1.664	1.328	1783013670.593
880	200.000	-0.008	199.998	0.294	2.520	1.328	1783013670.866
881	200.000	-0.006	200.000	0.344	1.713	1.328	1783013671.087
882	200.000	-0.014	199.998	0.162	2.941	1.328	1783013671.350
883	200.000	0.043	199.997	0.343	2.291	1.328	1783013671.602
884	200.000	-0.021	199.999	0.285	3.287	1.328	1783013671.842
885	200.000	-0.049	199.998	0.249	2.714	1.328	1783013672.100
886	200.000	0.015	200.000	0.367	2.039	1.328	1783013672.327
887	200.000	0.036	200.002	0.097	1.106	1.328	1783013672.612
888	200.000	-0.069	199.997	0.224	3.199	1.328	1783013672.841
889	200.000	0.004	200.001	0.172	1.988	1.328	1783013673.134
890	200.000	0.020	200.002	0.398	2.550	1.328	1783013673.365
891	200.000	-0.018	200.000	0.153	2.464	1.328	1783013673.618
892	200.000	-0.021	199.997	0.294	3.059	1.328	1783013673.864
893	200.000	0.027	200.000	0.132	1.937	1.328	1783013674.119
894	200.000	0.020	200.002	0.255	1.896	1.328	1783013674.362
895	200.000	0.023	200.002	0.271	2.309	1.328	1783013674.628
896	200.000	-0.010	199.999	0.245	2.627	1.328	1783013674.872
897	200.000	-0.025	200.001	0.229	3.430	1.328	1783013675.096
898	200.000	-0.007	199.998	0.277	2.576	1.328	1783013675.366
899	200.000	-0.022	199.998	0.253	1.732	1.328	1783013675.611
900	200.000	0.026	199.997	0.240	2.827	1.328	1783013675.875
901	200.000	-0.041	199.995	0.285	2.646	1.328	1783013676.124
902	200.000	-0.009	199.997	0.304	2.695	1.328	1783013676.375
903	200.000	-0.014	199.999	0.253	3.069	1.328	1783013676.630
904	200.000	0.019	199.999	0.191	3.086	1.328	1783013676.859
905	200.000	-0.043	200.004	0.446	3.768	1.328	1783013677.114
906	200.000	-0.018	199.997	0.614	2.560	1.328	1783013677.361
907	200.000	0.020	200.001	0.376	2.527	1.328	1783013677.635
908	200.000	0.046	199.998	0.212	2.319	1.328	1783013677.853
909	200.000	-0.034	199.997	0.185	1.786	1.328	1783013678.119
910	200.000	-0.008	200.006	0.222	2.645	1.328	1783013678.374
911	200.000	-0.003	200.001	0.226	2.176	1.328	1783013678.604
912	200.000	0.042	199.997	0.176	2.673	1.328	1783013678.860
913	200.000	-0.018	200.002	0.334	2.378	1.328	1783013679.110
914	200.000	-0.018	200.001	0.507	3.916	1.328	1783013679.373
915	200.000	0.014	200.003	0.126	3.048	1.328	1783013679.626
916	200.000	0.016	200.000	0.308	2.548	1.328	1783013679.868
917	200.000	0.016	199.999	0.192	2.274	1.328	1783013680.120
918	200.000	0.011	200.004	0.206	2.455	1.328	1783013680.354
919	200.000	0.002	199.999	0.382	2.433	1.328	1783013680.619
920	200.000	0.011	200.002	0.418	1.471	1.328	1783013680.847
921	200.000	-0.002	199.998	0.305	1.915	1.328	1783013681.103
922	200.000	0.003	200.000	0.434	3.524	1.328	1783013681.353
923	200.000	0.008	199.997	0.247	2.955	1.328	1783013681.620
924	200.000	-0.040	200.001	0.218	3.119	1.328	1783013681.859
925	200.000	-0.054	199.997	0.503	1.834	1.328	1783013682.135
926	200.000	0.052	199.997	0.209	2.700	1.328	1783013682.401
927	200.000	0.037	200.004	0.227	3.002	1.328	1783013682.691
928	200.000	0.030	200.004	0.271	2.567	1.328	1783013682.916
929	200.000	-0.015	199.999	0.331	3.099	1.328	1783013683.187
930	200.000	0.011	199.998	0.279	2.649	1.328	1783013683.424
931	200.000	-0.004	200.001	0.217	3.160	1.328	1783013683.688
932	200.000	0.063	200.000	0.402	3.741	1.328	1783013683.937
933	200.000	0.019	199.999	0.220	2.601	1.328	1783013684.170
934	200.000	-0.052	200.000	0.178	2.684	1.328	1783013684.412
935	200.000	-0.071	199.997	0.260	2.831	1.328	1783013684.668
936	200.000	0.010	200.004	0.199	2.287	1.328	1783013684.921
937	200.000	-0.038	199.997	0.288	3.051	1.328	1783013685.173
938	200.000	0.001	200.003	0.274	2.640	1.328	1783013685.428
939	200.000	-0.016	199.999	0.270	2.940	1.328	1783013685.680
940	200.000	0.028	199.997	0.326	2.690	1.328	1783013685.903
941	200.000	0.030	200.002	0.250	2.663	1.328	1783013686.182
942	200.000	-0.064	200.002	0.343	3.016	1.328	1783013686.405
943	200.000	0.046	200.000	0.213	2.786	1.328	1783013686.668
944	200.000	0.004	199.998	0.333	2.742	1.328	1783013686.918
945	200.000	-0.006	200.000	0.220	3.049	1.328	1783013687.185
946	200.000	-0.010	199.999	0.362	3.027	1.328	1783013687.442
947	200.000	-0.011	200.000	0.257	3.667	1.328	1783013687.684
948	200.000	-0.035	200.001	0.279	3.001	1.328	1783013687.927
949	200.000	-0.023	200.001	0.332	2.986	1.328	1783013688.145
950	200.000	0.043	200.004	0.312	2.475	1.328	1783013688.436
951	200.000	0.073	200.000	0.291	2.486	1.328	1783013688.678
952	200.000	-0.049	199.998	0.242	2.667	1.328	1783013688.947
953	200.000	-0.017	200.000	0.257	2.925	1.328	1783013689.194
954	200.000	-0.036	200.000	0.202	2.332	1.328	1783013689.462
955	200.000	-0.016	200.002	0.543	2.114	1.328	1783013689.689
956	200.000	-0.027	200.002	0.181	2.863	1.328	1783013689.958
957	200.000	-0.027	200.001	0.258	2.393	1.328	1783013690.213
958	200.000	-0.028	200.000	0.208	2.580	1.328	1783013690.454
959	200.000	-0.058	200.006	0.176	2.728	1.328	1783013690.703
960	200.000	-0.035	199.997	0.132	2.967	1.328	1783013690.933
961	200.000	-0.011	200.003	0.263	2.557	1.328	1783013691.191
962	200.000	-0.031	199.998	0.284	2.241	1.328	1783013691.440
963	200.000	-0.027	200.002	0.268	2.796	1.328	1783013691.709
964	200.000	-0.041	200.001	0.333	2.326	1.328	1783013691.946
965	200.000	0.007	199.999	0.450	2.103	1.328	1783013692.180
966	200.000	0.034	200.003	0.370	1.991	1.328	1783013692.453
967	200.000	-0.041	200.003	0.213	2.516	1.328	1783013692.666
968	200.000	-0.003	200.000	0.269	2.327	1.328	1783013692.957
969	200.000	-0.026	199.998	0.147	2.245	1.328	1783013693.178
970	200.000	0.027	200.001	0.245	2.184	1.328	1783013693.443
971	200.000	0.001	199.997	0.247	2.317	1.328	1783013693.691
972	200.000	0.058	199.999	0.216	3.257	1.328	1783013693.942
973	200.000	-0.048	200.001	0.317	2.222	1.328	1783013694.186
974	200.000	0.072	200.000	0.138	3.087	1.328	1783013694.444
975	200.000	-0.014	199.999	0.333	2.485	1.328	1783013694.694
976	200.000	-0.031	199.998	0.240	2.370	1.328	1783013694.951
977	200.000	-0.019	199.997	0.285	3.406	1.328	1783013695.204
978	200.000	-0.006	200.001	0.231	2.545	1.328	1783013695.428
979	200.000	0.020	200.001	0.254	2.413	1.328	1783013695.693
980	200.000	-0.021	200.001	0.522	2.811	1.328	1783013695.946
981	200.000	-0.032	199.999	0.262	2.220	1.328	1783013696.191
982	200.000	-0.016	200.002	0.276	2.569	1.328	1783013696.445
983	200.000	0.058	199.997	0.240	3.050	1.328	1783013696.671
984	200.000	0.022	199.999	0.362	2.773	1.328	1783013696.956
985	200.000	0.015	199.998	0.313	2.976	1.328	1783013697.185
986	200.000	0.061	199.998	0.320	2.789	1.328	1783013697.449
987	200.000	0.038	200.004	0.317	2.798	1.328	1783013697.682
988	200.000	0.024	199.998	0.206	3.274	1.328	1783013697.946
989	200.000	0.023	200.001	0.258	3.014	1.328	1783013698.198
990	200.000	-0.007	199.997	0.244	2.888	1.328	1783013698.439
991	200.000	0.019	200.002	0.321	3.422	1.328	1783013698.687
992	200.000	-0.049	200.001	0.387	2.509	1.328	1783013698.928
993	200.000	-0.021	199.997	0.373	2.875	1.328	1783013699.201
994	200.000	0.006	200.002	0.372	2.568	1.328	1783013699.428
995	200.000	-0.032	200.000	0.361	2.477	1.328	1783013699.697
996	200.000	-0.040	200.001	0.271	2.719	1.328	1783013699.940
997	200.000	0.036	199.998	0.347	3.123	1.328	1783013700.201
998	200.000	-0.008	199.998	0.350	2.490	1.328	1783013700.442
999	200.000	0.028	199.999	0.562	2.085	1.328	1783013700.671
1000	200.000	-0.028	199.998	0.668	2.997	1.328	1783013700.950
1001	200.000	0.023	200.004	0.349	2.976	1.328	1783013701.180
1002	200.000	-0.031	200.002	0.357	2.417	1.328	1783013701.452
1003	200.000	-0.038	200.001	0.391	2.227	1.328	1783013701.701
1004	200.000	-0.038	200.003	0.296	3.025	1.328	1783013701.944
1005	200.000	0.018	199.999	0.285	2.383	1.328	1783013702.199
1006	200.000	-0.020	199.998	0.236	2.362	1.328	1783013702.454
1007	200.000	-0.042	200.002	0.261	3.019	1.328	1783013702.713
1008	200.000	0.026	200.001	0.442	2.806	1.328	1783013702.930
1009	200.000	0.014	199.998	0.391	2.518	1.328	1783013703.216
1010	200.000	-0.043	199.996	0.276	2.766	1.328	1783013703.466
1011	200.000	-0.006	199.999	0.233	2.733	1.328	1783013703.737
1012	200.000	0.031	199.999	0.373	3.361	1.328	1783013703.957
1013	200.000	0.006	199.999	0.255	2.954	1.328	1783013704.226
1014	200.000	0.024	200.002	0.308	2.902	1.328	1783013704.481
1015	200.000	-0.003	199.997	0.348	2.841	1.328	1783013704.743
1016	200.000	-0.001	200.002	0.337	2.792	1.328	1783013704.979
1017	200.000	-0.050	200.001	0.337	2.235	1.328	1783013705.211
1018	200.000	-0.046	200.000	0.282	2.223	1.328	1783013705.479
1019	200.000	0.005	200.001	0.366	3.046	1.328	1783013705.735
1020	200.000	-0.059	200.000	0.406	2.858	1.328	1783013705.984
1021	200.000	0.014	199.993	0.404	2.835	1.328	1783013706.204
1022	200.000	-0.054	199.993	0.234	2.429	1.328	1783013706.483
1023	200.000	-0.020	199.997	0.261	3.245	1.328	1783013706.737
1024	200.000	0.006	199.999	0.373	2.357	1.328	1783013706.983
1025	200.000	-0.065	200.001	0.288	2.634	1.328	1783013707.224
1026	200.000	0.012	199.998	0.321	2.819	1.328	1783013707.486
1027	200.000	-0.014	200.002	0.299	2.603	1.328	1783013707.721
1028	200.000	0.040	199.996	0.277	2.587	1.328	1783013707.976
1029	200.000	0.024	199.999	0.273	2.529	1.328	1783013708.242
1030	200.000	-0.003	199.997	0.431	2.614	1.328	1783013708.473
1031	200.000	-0.026	200.003	0.305	3.023	1.328	1783013708.728
1032	200.000	-0.014	200.000	0.293	2.771	1.328	1783013708.984
1033	200.000	-0.009	199.998	0.122	2.844	1.328	1783013709.217
1034	200.000	0.020	200.000	0.271	2.815	1.328	1783013709.480
1035	200.000	0.006	200.001	0.271	3.439	1.328	1783013709.708
1036	200.000	0.021	199.996	0.296	3.035	1.328	1783013710.006
1037	200.000	-0.001	200.003	0.226	2.934	1.328	1783013710.285
1038	200.000	0.010	200.001	0.331	2.707	1.328	1783013710.543
1039	200.000	-0.037	199.999	0.331	2.289	1.328	1783013710.758
1040	200.000	0.004	199.996	0.153	2.424	1.328	1783013711.031
1041	200.000	0.018	199.999	0.353	2.844	1.328	1783013711.261
1042	200.000	-0.029	200.003	0.123	2.562	1.328	1783013711.521
1043	200.000	-0.054	200.003	0.316	3.096	1.328	1783013711.766
1044	200.000	0.014	200.000	0.280	2.424	1.328	1783013712.013
1045	200.000	0.002	200.003	0.335	2.489	1.328	1783013712.287
1046	200.000	-0.003	200.002	0.261	2.520	1.328	1783013712.545
1047	200.000	-0.014	200.001	0.300	2.811	1.328	1783013712.802
1048	200.000	0.006	200.000	0.246	3.416	1.328	1783013713.022
1049	200.000	0.020	200.001	0.294	3.307	1.328	1783013713.290
1050	200.000	-0.050	199.999	0.247	3.216	1.328	1783013713.526
1051	200.000	-0.029	200.003	0.224	2.089	1.328	1783013713.795
1052	200.000	-0.041	200.004	0.430	2.507	1.328	1783013714.021
1053	200.000	0.024	200.001	0.230	2.707	1.328	1783013714.281
1054	200.000	0.073	199.999	0.258	2.341	1.328	1783013714.560
1055	200.000	-0.031	200.004	0.183	2.793	1.328	1783013714.856
1056	200.000	-0.008	200.003	0.189	2.559	1.328	1783013715.083
1057	200.000	-0.061	200.006	0.370	2.610	1.328	1783013715.350
1058	200.000	-0.031	200.000	0.204	2.479	1.328	1783013715.600
1059	200.000	-0.060	200.001	0.343	2.203	1.328	1783013715.849
1060	200.000	0.027	200.002	0.210	2.392	1.328	1783013716.096
1061	200.000	0.008	199.997	0.284	2.472	1.328	1783013716.327
1062	200.000	0.033	199.999	0.250	2.249	1.328	1783013716.604
1063	200.000	0.025	200.001	0.385	1.941	1.328	1783013716.826
1064	200.000	-0.036	200.001	0.153	2.374	1.328	1783013717.099
1065	200.000	-0.028	200.000	0.266	3.008	1.328	1783013717.332
1066	200.000	0.019	200.003	0.228	2.637	1.328	1783013717.587
1067	200.000	-0.026	199.998	0.251	2.401	1.328	1783013717.862
1068	200.000	-0.024	200.001	0.282	2.059	1.328	1783013718.093
1069	200.000	0.070	199.997	0.177	2.217	1.328	1783013718.340
1070	200.000	0.087	200.002	0.173	1.893	1.328	1783013718.589
1071	200.000	-0.007	199.997	0.338	2.189	1.328	1783013718.844
1072	200.000	-0.042	199.999	0.306	1.944	1.328	1783013719.089
1073	200.000	-0.006	199.998	0.226	3.377	1.328	1783013719.358
1074	200.000	0.045	200.005	0.217	2.665	1.328	1783013719.587
1075	200.000	0.030	199.996	0.231	2.240	1.328	1783013719.851
1076	200.000	-0.034	200.006	0.253	2.799	1.328	1783013720.101
1077	200.000	-0.005	199.997	0.348	1.894	1.328	1783013720.330
1078	200.000	0.003	199.994	0.649	1.979	1.328	1783013720.600
1079	200.000	0.016	200.002	0.288	4.380	1.328	1783013720.826
1080	200.000	0.014	200.001	0.112	1.972	1.328	1783013721.092
1081	200.000	-0.016	199.998	0.224	2.002	1.328	1783013721.349
1082	200.000	0.010	200.002	0.249	2.854	1.328	1783013721.622
1083	200.000	0.034	199.997	0.221	2.599	1.328	1783013721.847
1084	200.000	0.020	200.002	0.225	2.377	1.328	1783013722.139
1085	200.000	0.015	200.003	0.270	1.748	1.328	1783013722.412
1086	200.000	-0.020	200.000	0.303	2.078	1.328	1783013722.688
1087	200.000	-0.031	200.000	0.531	1.738	1.328	1783013722.913
1088	200.000	0.028	200.003	0.458	2.408	1.328	1783013723.180
1089	200.000	-0.021	199.995	0.708	2.378	1.328	1783013723.402
1090	200.000	-0.081	199.999	0.289	1.985	1.328	1783013723.690
1091	200.000	-0.014	200.002	0.188	2.074	1.328	1783013723.949
1092	200.000	0.065	199.999	0.321	2.830	1.328	1783013724.186
1093	200.000	0.019	199.998	0.372	1.900	1.328	1783013724.438
1094	200.000	-0.082	200.000	0.143	2.365	1.328	1783013724.663
1095	200.000	0.060	199.998	0.198	2.169	1.328	1783013724.934
1096	200.000	-0.007	200.001	0.197	2.378	1.328	1783013725.159
1097	200.000	-0.015	200.002	0.204	2.435	1.328	1783013725.425
1098	200.000	-0.047	200.000	0.339	2.015	1.328	1783013725.678
1099	200.000	-0.012	200.003	0.370	2.084	1.328	1783013725.929
1100	200.000	0.005	200.000	0.310	2.030	1.328	1783013726.178
1101	200.000	0.021	199.999	0.099	1.582	1.328	1783013726.405
1102	200.000	-0.001	200.003	0.224	2.700	1.328	1783013726.683
1103	200.000	0.050	199.998	0.218	2.572	1.328	1783013726.930
1104	200.000	-0.007	200.001	0.256	2.122	1.328	1783013727.182
1105	200.000	0.006	199.998	0.171	1.899	1.328	1783013727.431
1106	200.000	0.008	200.001	0.271	1.804	1.328	1783013727.670
1107	200.000	-0.032	200.000	0.286	2.130	1.328	1783013727.922
1108	200.000	0.014	199.999	0.139	2.496	1.328	1783013728.181
1109	200.000	-0.001	200.001	0.211	2.283	1.328	1783013728.412
1110	200.000	-0.012	199.999	0.337	1.770	1.328	1783013728.658
1111	200.000	0.006	199.998	0.170	2.467	1.328	1783013728.930
1112	200.000	-0.035	200.000	0.228	2.455	1.328	1783013729.219
1113	200.000	0.021	200.003	0.185	2.465	1.328	1783013729.473
1114	200.000	-0.021	200.001	0.304	2.402	1.328	1783013729.770
1115	200.000	-0.021	200.001	0.248	2.188	1.328	1783013730.019
1116	200.000	0.046	200.000	0.189	1.870	1.328	1783013730.247
1117	200.000	-0.010	200.000	0.280	1.937	1.328	1783013730.510
1118	200.000	-0.010	199.999	0.177	1.706	1.328	1783013730.767
1119	200.000	0.038	200.001	0.138	3.718	1.328	1783013731.020
1120	200.000	-0.039	199.996	0.416	2.618	1.328	1783013731.251
1121	200.000	0.053	199.998	0.379	1.758	1.328	1783013731.518
1122	200.000	-0.008	200.002	0.474	1.750	1.328	1783013731.753
1123	200.000	-0.008	200.000	0.289	1.902	1.328	1783013732.011
1124	200.000	0.051	200.004	0.268	2.017	1.328	1783013732.261
1125	200.000	0.016	200.000	0.209	1.972	1.328	1783013732.537
1126	200.000	0.024	200.001	0.272	1.868	1.328	1783013732.783
1127	200.000	0.011	199.999	0.309	1.851	1.328	1783013733.062
1128	200.000	-0.010	200.005	0.267	2.354	1.328	1783013733.294
1129	200.000	-0.036	200.002	0.294	1.983	1.328	1783013733.557
1130	200.000	-0.036	200.001	0.239	1.830	1.328	1783013733.806
1131	200.000	-0.007	200.000	0.512	2.031	1.328	1783013734.082
1132	200.000	-0.042	199.997	0.351	2.151	1.328	1783013734.341
1133	200.000	0.047	200.002	0.326	2.795	1.328	1783013734.574
1134	200.000	-0.014	200.005	0.323	2.381	1.328	1783013734.872
1135	200.000	0.010	200.000	0.317	1.994	1.328	1783013735.128
1136	200.000	-0.026	200.001	0.400	2.120	1.328	1783013735.377
1137	200.000	0.007	199.998	0.168	2.628	1.328	1783013735.603
1138	200.000	0.034	200.000	0.367	2.548	1.328	1783013735.866
1139	200.000	0.007	200.003	0.362	2.465	1.328	1783013736.113
1140	200.000	-0.016	199.999	0.286	2.041	1.328	1783013736.375
1141	200.000	0.011	199.999	0.306	2.124	1.328	1783013736.619
1142	200.000	0.000	200.001	0.245	2.397	1.328	1783013736.855
1143	200.000	-0.024	199.997	0.443	2.133	1.328	1783013737.115
1144	200.000	0.019	200.002	0.291	2.544	1.328	1783013737.372
1145	200.000	0.031	199.998	0.337	2.261	1.328	1783013737.613
1146	200.000	-0.000	199.998	0.305	1.905	1.328	1783013737.861
1147	200.000	0.053	199.998	0.284	2.631	1.328	1783013738.107
1148	200.000	0.047	199.996	0.340	2.348	1.328	1783013738.358
1149	200.000	0.011	200.004	0.348	1.716	1.328	1783013738.628
1150	200.000	0.041	200.004	0.382	1.892	1.328	1783013738.858
1151	200.000	-0.022	199.999	0.356	1.856	1.328	1783013739.090
1152	200.000	-0.010	200.002	0.339	1.831	1.328	1783013739.354
1153	200.000	0.027	200.002	0.211	2.336	1.328	1783013739.604
1154	200.000	-0.020	199.998	0.365	2.517	1.328	1783013739.876
1155	200.000	0.010	200.002	0.314	2.681	1.328	1783013740.100
1156	200.000	0.010	200.002	0.434	1.700	1.328	1783013740.364
1157	200.000	-0.006	200.004	0.334	2.082	1.328	1783013740.618
1158	200.000	-0.001	200.002	0.435	2.015	1.328	1783013740.888
1159	200.000	-0.049	199.998	0.373	1.848	1.328	1783013741.136
1160	200.000	-0.015	199.999	0.472	2.139	1.328	1783013741.400
1161	200.000	-0.001	199.995	0.258	2.097	1.328	1783013741.652
1162	200.000	0.006	200.002	0.315	2.342	1.328	1783013741.916
1163	200.000	0.010	199.999	0.302	1.934	1.328	1783013742.161
1164	200.000	0.002	200.003	0.539	1.676	1.328	1783013742.392
1165	200.000	-0.022	200.003	0.177	2.770	1.328	1783013742.665
1166	200.000	0.013	200.006	0.478	2.027	1.328	1783013742.892
1167	200.000	0.020	200.002	0.474	2.016	1.328	1783013743.164
1168	200.000	0.026	200.001	0.339	2.198	1.328	1783013743.424
1169	200.000	0.036	199.998	0.413	1.499	1.328	1783013743.660
1170	200.000	-0.004	200.000	0.440	1.971	1.328	1783013743.905
1171	200.000	0.002	199.998	0.357	2.069	1.328	1783013744.172
1172	200.000	-0.032	199.997	0.328	2.144	1.328	1783013744.410
1173	200.000	-0.030	199.999	0.409	2.078	1.328	1783013744.639
1174	200.000	-0.024	200.003	0.349	2.312	1.328	1783013744.910
1175	200.000	0.013	199.996	0.420	1.857	1.328	1783013745.157
1176	200.000	-0.038	200.001	0.442	1.999	1.328	1783013745.419
1177	200.000	-0.029	200.004	0.369	1.874	1.328	1783013745.651
1178	200.000	0.039	200.002	0.305	1.878	1.328	1783013745.915
1179	200.000	-0.014	199.999	0.310	2.071	1.328	1783013746.162
1180	200.000	-0.042	199.998	0.385	1.767	1.328	1783013746.397
1181	200.000	0.015	200.002	0.300	1.762	1.328	1783013746.665
1182	200.000	-0.054	200.002	0.267	2.189	1.328	1783013746.888
1183	200.000	0.023	199.998	0.422	1.944	1.328	1783013747.153
1184	200.000	-0.021	200.000	0.365	2.162	1.328	1783013747.409
1185	200.000	0.012	200.001	0.409	2.053	1.328	1783013747.672
1186	200.000	0.025	199.998	0.283	1.593	1.328	1783013747.920
1187	200.000	0.026	199.998	0.411	1.663	1.328	1783013748.168
1188	200.000	0.004	199.996	0.391	1.724	1.328	1783013748.411
1189	200.000	-0.044	200.001	0.304	1.912	1.328	1783013748.636
1190	200.000	-0.022	200.000	0.266	2.478	1.328	1783013748.905
1191	200.000	-0.001	200.000	0.346	2.352	1.328	1783013749.153
1192	200.000	-0.024	199.997	0.349	2.213	1.328	1783013749.415
1193	200.000	-0.046	199.999	0.299	2.086	1.328	1783013749.656
1194	200.000	-0.005	199.999	0.345	2.001	1.328	1783013749.920
1195	200.000	-0.003	200.001	0.274	1.542	1.328	1783013750.144
1196	200.000	0.035	199.998	0.317	1.973	1.328	1783013750.408
1197	200.000	-0.026	199.999	0.314	1.963	1.328	1783013750.662
1198	200.000	-0.007	199.997	0.328	2.214	1.328	1783013750.892
1199	200.000	0.001	199.998	0.281	1.874	1.328	1783013751.182
1200	200.000	-0.043	200.002	0.321	1.961	1.328	1783013751.406
1201	200.000	0.001	200.001	0.321	2.298	1.328	1783013751.681
1202	200.000	0.009	199.999	0.306	2.854	1.328	1783013751.940
1203	200.000	0.016	199.999	0.221	2.576	1.328	1783013752.176
1204	200.000	-0.041	200.002	0.423	2.791	1.328	1783013752.458
1205	200.000	0.015	200.001	0.244	2.350	1.328	1783013752.686
1206	200.000	0.019	200.002	0.204	2.606	1.328	1783013752.968
1207	200.000	-0.013	200.000	0.363	2.454	1.328	1783013753.210
1208	200.000	0.023	199.999	0.340	2.536	1.328	1783013753.464
1209	200.000	-0.016	199.997	0.259	1.816	1.328	1783013753.713
1210	200.000	-0.054	200.002	0.198	2.519	1.328	1783013753.998
1211	200.000	-0.012	200.001	0.377	2.267	1.328	1783013754.239
1212	200.000	0.048	200.000	0.403	2.383	1.328	1783013754.499
1213	200.000	-0.037	200.001	0.341	2.172	1.328	1783013754.730
1214	200.000	-0.008	200.000	0.233	2.301	1.328	1783013755.000
1215	200.000	0.005	199.999	0.334	2.429	1.328	1783013755.243
1216	200.000	0.004	199.998	0.252	2.220	1.328	1783013755.516
1217	200.000	0.004	200.001	0.408	2.480	1.328	1783013755.748
1218	200.000	0.013	200.000	0.351	2.759	1.328	1783013756.008
1219	200.000	-0.016	200.002	0.376	2.154	1.328	1783013756.272
1220	200.000	-0.016	199.999	0.237	1.700	1.328	1783013756.544
1221	200.000	-0.053	200.001	0.262	2.557	1.328	1783013756.830
1222	200.000	0.019	199.998	0.197	2.202	1.328	1783013757.079
1223	200.000	-0.013	199.996	0.232	2.542	1.328	1783013757.329
1224	200.000	0.005	200.000	0.362	2.715	1.328	1783013757.585
1225	200.000	0.102	200.003	0.346	3.269	1.328	1783013757.840
1226	200.000	0.004	200.001	0.341	3.066	1.328	1783013758.070
1227	200.000	0.036	199.999	0.340	2.068	1.328	1783013758.327
1228	200.000	-0.006	199.997	0.418	2.246	1.328	1783013758.571
1229	200.000	0.020	199.998	0.159	2.820	1.328	1783013758.838
1230	200.000	-0.017	200.002	0.745	1.677	1.328	1783013759.062
1231	200.000	-0.009	199.998	0.652	1.585	1.328	1783013759.330
1232	200.000	0.013	200.002	0.209	2.708	1.328	1783013759.579
1233	200.000	0.026	199.997	0.471	2.321	1.328	1783013759.846
1234	200.000	0.030	200.003	0.440	2.251	1.328	1783013760.069
1235	200.000	0.002	200.000	0.272	2.673	1.328	1783013760.345
1236	200.000	0.028	200.005	0.433	2.593	1.328	1783013760.581
1237	200.000	-0.011	199.998	0.395	2.158	1.328	1783013760.813
1238	200.000	-0.005	200.001	0.262	2.280	1.328	1783013761.094
1239	200.000	-0.009	199.998	0.357	1.698	1.328	1783013761.316
1240	200.000	-0.003	199.996	0.347	2.719	1.328	1783013761.580
1241	200.000	0.021	200.004	0.583	2.006	1.328	1783013761.830
1242	200.000	0.024	200.003	0.310	2.611	1.328	1783013762.106
1243	200.000	0.006	200.004	0.233	2.416	1.328	1783013762.341
1244	200.000	-0.020	199.999	0.302	2.045	1.328	1783013762.566
1245	200.000	-0.037	200.004	0.461	2.095	1.328	1783013762.837
1246	200.000	0.022	200.000	0.310	1.965	1.328	1783013763.085
1247	200.000	-0.004	199.995	0.461	2.046	1.328	1783013763.339
1248	200.000	0.006	199.998	0.478	2.028	1.328	1783013763.566
1249	200.000	-0.010	199.998	0.390	2.337	1.328	1783013763.844
1250	200.000	0.020	199.999	0.432	2.194	1.328	1783013764.096
1251	200.000	-0.035	200.002	0.399	1.967	1.328	1783013764.334
1252	200.000	0.066	200.001	0.233	2.449	1.328	1783013764.579
1253	200.000	-0.014	200.000	0.540	1.716	1.328	1783013764.835
1254	200.000	-0.033	200.002	0.397	2.009	1.328	1783013765.079
1255	200.000	-0.016	200.001	0.404	2.308	1.328	1783013765.317
1256	200.000	0.014	200.002	0.354	2.636	1.328	1783013765.597
1257	200.000	-0.004	200.005	0.409	2.078	1.328	1783013765.827
1258	200.000	0.014	200.002	0.379	1.912	1.328	1783013766.091
1259	200.000	-0.009	199.998	0.515	1.739	1.328	1783013766.342
1260	200.000	0.005	199.999	0.264	2.298	1.328	1783013766.582
1261	200.000	0.026	200.002	0.289	2.482	1.328	1783013766.829
1262	200.000	-0.018	199.996	0.241	2.373	1.328	1783013767.076
1263	200.000	0.018	200.000	0.344	2.401	1.328	1783013767.351
1264	200.000	-0.049	199.995	0.386	2.090	1.328	1783013767.584
1265	200.000	-0.066	200.001	0.363	1.889	1.328	1783013767.832
1266	200.000	0.026	200.000	0.134	3.198	1.328	1783013768.080
1267	200.000	0.009	199.999	0.369	1.940	1.328	1783013768.313
1268	200.000	0.006	200.001	0.343	2.569	1.328	1783013768.589
1269	200.000	-0.008	199.997	0.280	2.175	1.328	1783013768.804
1270	200.000	0.007	200.002	0.360	1.782	1.328	1783013769.088
1271	200.000	0.017	199.997	0.304	2.000	1.328	1783013769.313
1272	200.000	-0.026	199.999	0.520	1.754	1.328	1783013769.586
1273	200.000	0.036	200.001	0.257	2.610	1.328	1783013769.844
1274	200.000	-0.002	200.001	0.285	2.350	1.328	1783013770.084
1275	200.000	-0.058	199.999	0.448	2.880	1.328	1783013770.327
1276	200.000	-0.013	200.000	0.353	2.123	1.328	1783013770.597
1277	200.000	0.013	200.000	0.229	1.983	1.328	1783013770.877
1278	200.000	0.013	200.000	0.224	1.696	1.328	1783013771.117
1279	200.000	-0.014	200.002	0.202	2.358	1.328	1783013771.355
1280	200.000	-0.023	200.007	0.389	1.786	1.328	1783013771.598
1281	200.000	0.004	200.001	0.213	2.777	1.328	1783013771.860
1282	200.000	0.031	200.003	0.394	2.343	1.328	1783013772.084
1283	200.000	0.006	199.999	0.252	2.849	1.328	1783013772.357
1284	200.000	-0.001	200.004	0.154	2.486	1.328	1783013772.605
1285	200.000	0.004	200.000	0.346	1.900	1.328	1783013772.865
1286	200.000	0.016	199.998	0.265	2.126	1.328	1783013773.103
1287	200.000	-0.023	200.005	0.252	2.679	1.328	1783013773.331
1288	200.000	-0.029	200.001	0.346	1.745	1.328	1783013773.604
1289	200.000	-0.003	200.001	0.265	2.460	1.328	1783013773.853
1290	200.000	-0.028	200.003	0.287	1.984	1.328	1783013774.160
1291	200.000	-0.059	200.001	0.230	2.847	1.328	1783013774.397
1292	200.000	0.001	200.002	0.273	2.114	1.328	1783013774.656
1293	200.000	0.007	199.998	0.264	2.372	1.328	1783013774.889
1294	200.000	-0.005	199.997	0.297	2.742	1.328	1783013775.160
1295	200.000	-0.010	200.002	0.280	2.953	1.328	1783013775.406
1296	200.000	-0.018	199.997	0.258	2.252	1.328	1783013775.672
1297	200.000	0.029	200.001	0.376	1.643	1.328	1783013775.902
1298	200.000	0.057	200.001	0.229	2.441	1.328	1783013776.158
1299	200.000	0.038	200.001	0.103	2.357	1.328	1783013776.433
1300	200.000	0.008	200.001	0.336	2.237	1.328	1783013776.679
1301	200.000	-0.001	200.002	0.247	2.273	1.328	1783013776.940
1302	200.000	0.016	200.000	0.274	2.018	1.328	1783013777.162
1303	200.000	-0.024	199.996	0.171	2.891	1.328	1783013777.439
1304	200.000	-0.009	200.000	0.184	1.655	1.328	1783013777.666
1305	200.000	0.001	200.004	0.447	1.918	1.328	1783013777.928
1306	200.000	-0.010	200.001	0.248	2.904	1.328	1783013778.176
1307	200.000	0.002	199.998	0.202	2.960	1.328	1783013778.423
1308	200.000	-0.009	199.998	0.359	2.015	1.328	1783013778.670
1309	200.000	-0.001	199.999	0.200	2.726	1.328	1783013778.906
1310	200.000	0.009	199.999	0.358	2.204	1.328	1783013779.166
1311	200.000	0.003	200.001	0.254	2.628	1.328	1783013779.407
1312	200.000	0.031	200.000	0.154	3.124	1.328	1783013779.674
1313	200.000	-0.016	199.999	0.214	2.855	1.328	1783013779.905
1314	200.000	-0.031	199.999	0.263	3.425	1.328	1783013780.181
1315	200.000	0.007	200.001	0.140	3.326	1.328	1783013780.412
1316	200.000	0.026	200.000	0.367	1.906	1.328	1783013780.690
1317	200.000	-0.001	200.001	0.350	2.251	1.328	1783013780.934
1318	200.000	0.034	199.997	0.540	2.018	1.328	1783013781.198
1319	200.000	-0.035	200.000	0.298	1.868	1.328	1783013781.429
1320	200.000	-0.057	199.995	0.265	2.141	1.328	1783013781.661
1321	200.000	-0.034	200.000	0.487	1.869	1.328	1783013781.921
1322	200.000	-0.059	200.002	0.670	1.724	1.328	1783013782.159
1323	200.000	-0.070	200.001	0.445	3.842	1.328	1783013782.368
1324	200.000	-0.038	200.000	0.320	2.273	1.328	1783013782.627
1325	200.000	-0.252	199.998	0.234	2.977	1.328	1783013782.882
1326	200.000	-0.043	200.000	0.202	3.127	1.328	1783013783.128
1327	200.000	-0.091	200.000	0.292	2.017	1.328	1783013783.365
1328	200.000	-0.022	200.000	0.157	2.599	1.328	1783013783.648
1329	200.000	-0.069	200.001	0.242	2.295	1.328	1783013783.888
1330	200.000	0.023	200.000	0.170	2.974	1.328	1783013784.103
1331	200.000	-0.004	199.997	0.194	2.414	1.328	1783013784.373
1332	200.000	-0.018	200.001	0.338	2.426	1.328	1783013784.602
1333	200.000	-0.004	200.000	0.333	2.841	1.328	1783013784.808
1334	200.000	0.024	200.000	0.237	2.050	1.328	1783013785.070
1335	200.000	-0.022	199.999	0.179	2.922	1.328	1783013785.305
1336	200.000	-0.005	199.998	0.272	2.837	1.328	1783013785.600
1337	200.000	-0.006	199.999	0.252	3.450	1.328	1783013785.825
1338	200.000	-0.013	199.999	0.306	3.157	1.328	1783013786.094
1339	200.000	-0.001	200.001	0.466	2.034	1.328	1783013786.345
1340	200.000	0.008	200.001	0.235	2.016	1.328	1783013786.570
1341	200.000	-0.015	200.001	0.466	2.211	1.328	1783013786.835
1342	200.000	0.021	200.002	0.420	1.966	1.328	1783013787.065
1343	200.000	-0.019	200.002	0.270	2.799	1.328	1783013787.328
1344	200.000	0.039	199.999	0.152	3.073	1.328	1783013787.579
1345	200.000	0.022	199.997	0.422	3.785	1.328	1783013787.828
1346	200.000	-0.015	200.003	0.432	2.274	1.328	1783013788.075
1347	200.000	-0.010	199.998	0.412	2.251	1.328	1783013788.348
1348	200.000	-0.027	199.998	0.433	2.472	1.328	1783013788.606
1349	200.000	0.007	199.999	0.207	2.376	1.328	1783013788.873
1350	200.000	0.035	199.999	0.206	2.860	1.328	1783013789.131
1351	200.000	-0.035	200.000	0.340	3.286	1.328	1783013789.444
1352	200.000	-0.042	199.999	0.385	2.648	1.328	1783013789.705
1353	200.000	-0.017	200.003	0.348	3.828	1.328	1783013789.965
1354	200.000	-0.063	199.997	0.059	0.804	1.328	1783013790.183
1355	200.000	-0.054	200.001	0.297	2.596	1.328	1783013790.478
1356	200.000	0.000	199.998	0.303	2.291	1.328	1783013790.713
1357	200.000	0.012	199.998	0.260	2.674	1.328	1783013790.981
1358	200.000	0.083	199.998	0.288	2.111	1.328	1783013791.216
1359	200.000	0.013	200.002	0.311	2.209	1.328	1783013791.483
1360	200.000	-0.041	199.999	0.244	2.843	1.328	1783013791.745
1361	200.000	0.003	199.999	0.337	2.596	1.328	1783013791.982
1362	200.000	-0.016	199.996	0.311	3.063	1.328	1783013792.217
1363	200.000	0.026	200.001	0.458	2.177	1.328	1783013792.469
1364	200.000	0.013	199.997	0.247	3.410	1.328	1783013792.727
1365	200.000	-0.057	200.000	0.334	2.522	1.328	1783013792.958
1366	200.000	0.000	199.998	0.241	2.477	1.328	1783013793.224
1367	200.000	-0.014	200.001	0.298	2.123	1.328	1783013793.481
1368	200.000	0.008	200.000	0.319	3.360	1.328	1783013793.722
1369	200.000	-0.079	200.000	0.393	3.255	1.328	1783013793.981
1370	200.000	-0.001	200.001	0.286	2.928	1.328	1783013794.216
1371	200.000	-0.047	200.001	0.354	3.269	1.328	1783013794.456
1372	200.000	0.008	199.997	0.131	3.297	1.328	1783013794.737
1373	200.000	-0.019	200.000	0.284	1.847	1.328	1783013794.983
1374	200.000	-0.053	199.998	0.277	2.395	1.328	1783013795.222
1375	200.000	0.025	200.000	0.319	3.301	1.328	1783013795.485
1376	200.000	0.013	200.001	0.390	3.004	1.328	1783013795.739
1377	200.000	0.014	199.998	0.269	3.160	1.328	1783013795.986
1378	200.000	-0.017	199.997	0.685	3.564	1.328	1783013796.217
1379	200.000	-0.016	200.000	0.341	3.005	1.328	1783013796.453
1380	200.000	0.032	199.994	0.371	1.993	1.328	1783013796.726
1381	200.000	0.005	199.996	0.313	3.385	1.328	1783013796.980
1382	200.000	-0.023	200.002	0.292	2.861	1.328	1783013797.239
1383	200.000	-0.017	200.002	0.263	2.672	1.328	1783013797.467
1384	200.000	-0.005	199.999	0.195	2.398	1.328	1783013797.733
1385	200.000	0.006	199.998	0.292	2.764	1.328	1783013797.991
1386	200.000	-0.021	200.001	0.822	1.162	1.328	1783013798.222
1387	200.000	-0.009	199.999	0.567	1.116	1.328	1783013798.508
1388	200.000	-0.007	199.997	0.390	2.837	1.328	1783013798.733
1389	200.000	-0.028	200.002	0.245	2.386	1.328	1783013798.997
1390	200.000	-0.011	199.999	0.163	2.541	1.328	1783013799.235
1391	200.000	0.030	200.000	0.358	2.400	1.328	1783013799.504
1392	200.000	-0.020	199.999	0.212	2.480	1.328	1783013799.732
1393	200.000	0.002	200.000	0.231	2.039	1.328	1783013799.997
1394	200.000	0.012	200.000	0.327	3.000	1.328	1783013800.249
1395	200.000	-0.019	199.999	0.316	3.151	1.328	1783013800.471
1396	200.000	-0.012	200.002	0.285	2.290	1.328	1783013800.743
1397	200.000	-0.003	200.002	0.296	2.159	1.328	1783013800.973
1398	200.000	0.017	199.999	0.269	2.528	1.328	1783013801.246
1399	200.000	0.032	200.001	0.351	2.679	1.328	1783013801.481
1400	200.000	-0.016	199.998	0.306	3.048	1.328	1783013801.745
1401	200.000	0.039	200.001	0.387	2.446	1.328	1783013801.993
1402	200.000	0.061	200.003	0.441	1.537	1.328	1783013802.227
1403	200.000	0.097	199.996	0.726	1.555	1.328	1783013802.481
1404	200.000	0.008	199.998	0.248	1.651	1.328	1783013802.734
1405	200.000	0.037	199.998	0.359	1.731	1.328	1783013802.988
1406	200.000	-0.141	200.001	0.194	0.981	1.328	1783013803.238
1407	200.000	0.101	200.003	0.263	2.029	1.328	1783013803.485
1408	200.000	-0.127	199.995	0.519	1.114	1.328	1783013803.736
1409	200.000	-0.004	200.001	0.302	2.824	1.328	1783013803.961
1410	200.000	0.022	200.005	0.322	2.676	1.328	1783013804.231
1411	200.000	-0.011	200.000	0.336	1.775	1.328	1783013804.478
1412	200.000	-0.046	200.002	0.495	3.206	1.328	1783013804.743
1413	200.000	-0.037	199.998	0.201	2.547	1.328	1783013804.969
1414	200.000	0.028	199.999	0.165	3.274	1.328	1783013805.238
1415	200.000	-0.023	199.996	0.241	3.490	1.328	1783013805.487
1416	200.000	-0.032	200.001	0.313	2.149	1.328	1783013805.758
1417	200.000	-0.027	200.003	0.256	3.331	1.328	1783013806.009
1418	200.000	0.029	200.001	0.168	2.784	1.328	1783013806.275
1419	200.000	0.016	200.000	0.287	3.029	1.328	1783013806.523
1420	200.000	0.012	199.999	0.137	2.974	1.328	1783013806.779
1421	200.000	0.018	200.000	0.277	2.654	1.328	1783013807.036
1422	200.000	-0.049	200.003	0.506	1.840	1.328	1783013807.288
1423	200.000	-0.000	199.998	0.285	2.524	1.328	1783013807.523
1424	200.000	-0.048	200.000	0.390	3.661	1.328	1783013807.774
1425	200.000	-0.015	199.999	0.402	4.415	1.328	1783013808.029
1426	200.000	-0.013	199.998	0.263	2.436	1.328	1783013808.258
1427	200.000	0.028	200.003	0.373	2.481	1.328	1783013808.525
1428	200.000	0.061	199.997	0.230	2.032	1.328	1783013808.762
1429	200.000	0.016	200.003	0.140	2.412	1.328	1783013809.052
1430	200.000	-0.003	200.000	0.209	1.672	1.328	1783013809.337
1431	200.000	-0.005	199.999	0.276	3.483	1.328	1783013809.660
1432	200.000	0.056	199.997	0.251	1.347	1.328	1783013809.897
1433	200.000	0.002	200.001	0.210	2.936	1.328	1783013810.143
1434	200.000	0.011	199.998	0.303	2.678	1.328	1783013810.407
1435	200.000	-0.040	199.998	0.193	3.701	1.328	1783013810.653
1436	200.000	-0.019	200.001	0.251	2.194	1.328	1783013810.884
1437	200.000	-0.011	199.998	0.244	2.261	1.328	1783013811.153
1438	200.000	0.014	200.003	0.243	1.654	1.328	1783013811.381
1439	200.000	-0.011	200.002	0.208	2.712	1.328	1783013811.651
1440	200.000	-0.027	199.999	0.369	2.308	1.328	1783013811.910
1441	200.000	-0.010	200.003	0.241	2.277	1.328	1783013812.148
1442	200.000	0.002	199.999	0.193	3.775	1.328	1783013812.398
1443	200.000	-0.013	200.000	0.185	2.502	1.328	1783013812.649
1444	200.000	0.053	200.002	0.181	3.172	1.328	1783013812.904
1445	200.000	0.049	199.995	0.416	3.373	1.328	1783013813.123
1446	200.000	0.017	200.004	0.322	2.399	1.328	1783013813.390
1447	200.000	0.003	199.999	0.278	3.353	1.328	1783013813.640
1448	200.000	-0.005	200.004	0.218	2.203	1.328	1783013813.910
1449	200.000	-0.001	200.001	0.270	2.504	1.328	1783013814.128
1450	200.000	-0.006	199.998	0.271	2.787	1.328	1783013814.376
1451	200.000	0.028	200.003	0.478	2.035	1.328	1783013814.649
1452	200.000	0.058	200.001	0.214	2.652	1.328	1783013814.887
1453	200.000	-0.026	199.999	0.233	1.935	1.328	1783013815.162
1454	200.000	-0.020	200.001	0.165	2.943	1.328	1783013815.385
1455	200.000	0.022	200.004	0.283	2.317	1.328	1783013815.646
1456	200.000	0.037	200.000	0.264	2.633	1.328	1783013815.896
1457	200.000	0.044	200.002	0.262	1.871	1.328	1783013816.159
1458	200.000	0.037	199.999	0.416	2.085	1.328	1783013816.394
1459	200.000	-0.041	200.002	0.309	2.718	1.328	1783013816.636
1460	200.000	-0.009	200.000	0.340	3.099	1.328	1783013816.905
1461	200.000	-0.032	199.999	0.283	2.361	1.328	1783013817.129
1462	200.000	-0.009	200.001	0.252	2.683	1.328	1783013817.395
1463	200.000	0.026	200.000	0.254	2.257	1.328	1783013817.619
1464	200.000	-0.044	200.000	0.323	3.181	1.328	1783013817.894
1465	200.000	-0.003	199.998	0.228	2.287	1.328	1783013818.153
1466	200.000	-0.069	199.997	0.398	2.185	1.328	1783013818.400
1467	200.000	-0.122	199.999	0.200	2.582	1.328	1783013818.648
1468	200.000	0.015	200.005	0.104	2.354	1.328	1783013818.880
1469	200.000	-0.044	199.998	0.318	2.979	1.328	1783013819.154
1470	200.000	0.010	199.995	0.190	2.717	1.328	1783013819.380
1471	200.000	-0.017	200.004	0.270	2.333	1.328	1783013819.648
1472	200.000	0.012	199.999	0.373	2.961	1.328	1783013819.887
1473	200.000	0.030	199.998	0.252	2.093	1.328	1783013820.147
1474	200.000	-0.005	200.000	0.285	3.195	1.328	1783013820.408
1475	200.000	-0.032	199.997	0.329	1.826	1.328	1783013820.623
1476	200.000	-0.013	200.001	0.343	2.920	1.328	1783013820.885
1477	200.000	0.029	200.001	0.147	2.433	1.328	1783013821.134
1478	200.000	0.002	199.998	0.549	3.420	1.328	1783013821.410
1479	200.000	-0.003	199.999	0.333	1.907	1.328	1783013821.634
1480	200.000	-0.030	200.003	0.325	2.848	1.328	1783013821.904
1481	200.000	0.044	199.997	0.340	1.888	1.328	1783013822.151
1482	200.000	-0.012	199.998	0.250	2.318	1.328	1783013822.418
1483	200.000	0.005	199.999	0.259	1.690	1.328	1783013822.650
1484	200.000	-0.018	199.996	0.228	2.951	1.328	1783013822.888
1485	200.000	0.022	199.999	0.167	2.811	1.328	1783013823.150
1486	200.000	0.028	199.999	0.207	2.102	1.328	1783013823.395
1487	200.000	0.008	200.002	0.322	2.419	1.328	1783013823.667
1488	200.000	-0.027	200.000	0.290	2.622	1.328	1783013823.893
1489	200.000	-0.033	200.000	0.219	2.807	1.328	1783013824.158
1490	200.000	0.025	200.001	0.210	2.212	1.328	1783013824.410
1491	200.000	0.030	199.995	0.329	2.574	1.328	1783013824.656
1492	200.000	-0.025	200.001	0.238	2.256	1.328	1783013824.899
1493	200.000	0.023	200.002	0.277	2.131	1.328	1783013825.128
1494	200.000	-0.046	200.000	0.307	2.561	1.328	1783013825.382
1495	200.000	0.039	200.002	0.190	2.484	1.328	1783013825.636
1496	200.000	-0.021	199.998	0.155	2.287	1.328	1783013825.901
1497	200.000	0.013	200.005	0.323	1.755	1.328	1783013826.144
1498	200.000	-0.011	200.005	0.079	2.117	1.328	1783013826.386
1499	200.000	-0.032	200.002	0.247	1.831	1.328	1783013826.645
1500	200.000	0.004	200.004	0.272	1.654	1.328	1783013826.880
1501	200.000	-0.001	199.999	0.337	2.180	1.328	1783013827.137
1502	200.000	0.027	199.998	0.217	2.408	1.328	1783013827.378
1503	200.000	-0.051	199.999	0.192	1.721	1.328	1783013827.645
1504	200.000	-0.024	200.002	0.454	2.147	1.328	1783013827.880
1505	200.000	0.000	199.997	0.211	3.411	1.328	1783013828.159
1506	200.000	0.016	199.999	0.276	2.312	1.328	1783013828.415
1507	200.000	0.014	199.998	0.240	1.871	1.328	1783013828.655
1508	200.000	-0.044	200.000	0.217	2.215	1.328	1783013828.894
1509	200.000	0.058	200.002	0.153	2.372	1.328	1783013829.161
1510	200.000	-0.018	199.998	0.245	2.701	1.328	1783013829.398
1511	200.000	0.027	200.000	0.293	2.083	1.328	1783013829.645
1512	200.000	0.020	199.999	0.379	1.699	1.328	1783013829.929
1513	200.000	0.030	200.000	0.119	1.631	1.328	1783013830.223
1514	200.000	0.044	200.004	0.173	2.647	1.328	1783013830.472
1515	200.000	-0.006	199.998	0.270	1.892	1.328	1783013830.695
1516	200.000	-0.012	200.002	0.355	2.051	1.328	1783013830.962
1517	200.000	0.025	200.000	0.187	2.262	1.328	1783013831.212
1518	200.000	0.002	199.997	0.176	2.222	1.328	1783013831.462
1519	200.000	-0.004	200.005	0.278	2.877	1.328	1783013831.705
1520	200.000	-0.018	200.000	0.387	1.952	1.328	1783013831.965
1521	200.000	0.004	199.999	0.252	2.869	1.328	1783013832.219
1522	200.000	-0.003	199.999	0.145	3.268	1.328	1783013832.447
1523	200.000	0.066	199.996	0.254	2.976	1.328	1783013832.699
1524	200.000	0.014	200.001	0.453	1.894	1.328	1783013832.943
1525	200.000	-0.072	200.002	0.157	1.484	1.328	1783013833.206
1526	200.000	0.003	200.003	0.191	2.432	1.328	1783013833.458
1527	200.000	0.050	199.999	0.328	2.122	1.328	1783013833.728
1528	200.000	0.068	200.001	0.643	1.741	1.328	1783013833.960
1529	200.000	0.015	200.004	0.405	1.960	1.328	1783013834.222
1530	200.000	-0.007	199.998	0.333	1.954	1.328	1783013834.465
1531	200.000	0.059	200.003	0.498	1.667	1.328	1783013834.697
1532	200.000	-0.013	200.002	0.484	1.842	1.328	1783013834.965
1533	200.000	0.030	200.000	0.477	2.040	1.328	1783013835.216
1534	200.000	-0.016	200.002	0.630	1.807	1.328	1783013835.463
1535	200.000	0.033	200.000	0.130	2.080	1.328	1783013835.716
1536	200.000	0.006	200.002	0.561	2.256	1.328	1783013835.952
1537	200.000	0.027	200.000	0.318	1.897	1.328	1783013836.194
1538	200.000	0.042	200.001	0.181	3.299	1.328	1783013836.438
1539	200.000	0.017	199.999	0.158	3.013	1.328	1783013836.715
1540	200.000	-0.001	200.002	0.115	2.010	1.328	1783013836.933
1541	200.000	0.055	200.000	0.124	2.938	1.328	1783013837.206
1542	200.000	0.001	200.001	0.290	2.491	1.328	1783013837.455
1543	200.000	-0.013	200.001	0.247	3.706	1.328	1783013837.724
1544	200.000	0.015	200.003	0.429	1.622	1.328	1783013837.962
1545	200.000	-0.003	200.001	0.396	2.479	1.328	1783013838.202
1546	200.000	-0.042	200.002	0.204	1.970	1.328	1783013838.450
1547	200.000	-0.034	200.002	0.280	2.395	1.328	1783013838.698
1548	200.000	-0.103	200.005	0.250	1.548	1.328	1783013838.956
1549	200.000	-0.119	199.999	0.442	2.001	1.328	1783013839.206
1550	200.000	0.006	199.997	0.178	2.454	1.328	1783013839.480
1551	200.000	0.006	200.002	0.326	2.628	1.328	1783013839.731
1552	200.000	-0.001	200.000	0.311	1.948	1.328	1783013839.994
1553	200.000	-0.006	200.001	0.395	1.931	1.328	1783013840.216
1554	200.000	-0.018	200.000	0.290	1.576	1.328	1783013840.477
1555	200.000	0.056	199.997	0.452	1.792	1.328	1783013840.729
1556	200.000	0.027	199.997	0.237	2.031	1.328	1783013840.991
1557	200.000	-0.009	200.001	0.283	1.947	1.328	1783013841.252
1558	200.000	0.002	199.994	0.608	1.552	1.328	1783013841.480
1559	200.000	0.007	200.001	0.339	1.890	1.328	1783013841.741
1560	200.000	-0.009	199.998	0.266	2.546	1.328	1783013841.990
1561	200.000	0.022	200.003	0.275	1.663	1.328	1783013842.250
1562	200.000	0.043	200.001	0.396	1.548	1.328	1783013842.494
1563	200.000	-0.010	200.002	0.324	2.147	1.328	1783013842.758
1564	200.000	0.011	199.998	0.407	1.907	1.328	1783013843.010
1565	200.000	-0.014	200.001	0.297	2.153	1.328	1783013843.254
1566	200.000	0.013	200.001	0.209	2.109	1.328	1783013843.499
1567	200.000	0.027	199.999	0.211	1.803	1.328	1783013843.731
1568	200.000	-0.001	200.001	0.367	1.635	1.328	1783013843.997
1569	200.000	0.001	199.998	0.253	2.165	1.328	1783013844.249
1570	200.000	0.018	200.002	0.335	2.319	1.328	1783013844.525
1571	200.000	0.011	200.002	0.274	2.196	1.328	1783013844.747
1572	200.000	-0.029	199.999	0.352	1.797	1.328	1783013845.026
1573	200.000	0.005	199.999	0.328	1.836	1.328	1783013845.274
1574	200.000	0.020	199.999	0.250	2.551	1.328	1783013845.523
1575	200.000	-0.029	200.000	0.257	2.339	1.328	1783013845.785
1576	200.000	-0.006	200.003	0.420	2.130	1.328	1783013846.009
1577	200.000	0.036	200.000	0.216	1.960	1.328	1783013846.279
1578	200.000	-0.016	199.998	0.355	1.824	1.328	1783013846.525
1579	200.000	-0.011	199.999	0.245	3.537	1.328	1783013846.781
1580	200.000	-0.024	200.000	0.301	2.409	1.328	1783013847.010
1581	200.000	0.039	199.997	0.244	2.423	1.328	1783013847.285
1582	200.000	-0.011	200.002	0.381	2.112	1.328	1783013847.540
1583	200.000	0.018	200.005	0.306	1.977	1.328	1783013847.782
1584	200.000	-0.053	200.003	0.493	1.673	1.328	1783013848.034
1585	200.000	0.017	200.000	0.223	3.362	1.328	1783013848.259
1586	200.000	-0.025	199.996	0.220	2.126	1.328	1783013848.528
1587	200.000	0.020	199.999	0.245	2.550	1.328	1783013848.766
1588	200.000	-0.009	200.000	0.659	1.730	1.328	1783013849.037
1589	200.000	0.003	200.001	0.354	2.780	1.328	1783013849.266
1590	200.000	0.010	200.000	0.218	2.519	1.328	1783013849.528
1591	200.000	0.015	200.001	0.262	1.916	1.328	1783013849.779
1592	200.000	-0.005	199.999	0.733	1.398	1.328	1783013850.032
1593	200.000	-0.034	200.001	0.273	2.303	1.328	1783013850.271
1594	200.000	-0.002	199.997	0.267	2.654	1.328	1783013850.496
1595	200.000	0.005	200.001	0.164	2.063	1.328	1783013850.794
1596	200.000	-0.008	199.999	0.410	2.203	1.328	1783013851.029
1597	200.000	-0.049	199.996	0.206	2.445	1.328	1783013851.259
1598	200.000	-0.025	199.996	0.388	1.825	1.328	1783013851.536
1599	200.000	-0.014	200.000	0.414	2.202	1.328	1783013851.772
1600	200.000	-0.017	199.999	0.448	3.109	1.328	1783013852.031
1601	200.000	0.003	199.998	0.277	2.337	1.328	1783013852.258
1602	200.000	-0.053	200.000	0.219	3.156	1.328	1783013852.541
1603	200.000	-0.011	200.001	0.265	2.523	1.328	1783013852.764
1604	200.000	0.008	200.004	0.384	1.777	1.328	1783013853.023
1605	200.000	0.024	200.000	0.247	2.838	1.328	1783013853.280
1606	200.000	0.008	199.999	0.372	2.927	1.328	1783013853.522
1607	200.000	-0.027	200.001	0.375	2.380	1.328	1783013853.773
1608	200.000	0.016	200.000	0.301	2.715	1.328	1783013854.031
1609	200.000	0.047	200.000	0.415	2.139	1.328	1783013854.286
1610	200.000	-0.011	200.002	0.209	2.699	1.328	1783013854.510
1611	200.000	-0.023	200.002	0.373	2.993	1.328	1783013854.780
1612	200.000	-0.006	200.000	0.220	2.254	1.328	1783013855.010
1613	200.000	0.022	200.005	0.240	2.665	1.328	1783013855.272
1614	200.000	0.054	200.000	0.305	2.641	1.328	1783013855.521
1615	200.000	0.038	200.001	0.428	2.377	1.328	1783013855.759
1616	200.000	0.029	199.998	0.225	2.658	1.328	1783013856.034
1617	200.000	0.001	200.000	0.304	2.785	1.328	1783013856.268
1618	200.000	-0.027	200.004	0.300	3.259	1.328	1783013856.518
1619	200.000	-0.027	200.002	0.325	2.671	1.328	1783013856.776
1620	200.000	-0.016	200.001	0.244	2.009	1.328	1783013857.029
1621	200.000	0.040	200.004	0.295	3.067	1.328	1783013857.262
1622	200.000	0.008	199.998	0.289	3.332	1.328	1783013857.530
1623	200.000	-0.037	199.996	0.478	2.025	1.328	1783013857.768
1624	200.000	-0.080	199.999	0.234	3.071	1.328	1783013858.022
1625	200.000	0.009	199.998	0.222	2.927	1.328	1783013858.276
1626	200.000	-0.001	200.000	0.291	2.686	1.328	1783013858.509
1627	200.000	-0.011	199.999	0.262	2.821	1.328	1783013858.783
1628	200.000	0.000	200.000	0.233	1.875	1.328	1783013859.006
1629	200.000	0.007	199.998	0.339	3.359	1.328	1783013859.261
1630	200.000	-0.027	200.001	0.168	2.684	1.328	1783013859.543
1631	200.000	-0.036	199.996	0.360	2.811	1.328	1783013859.780
1632	200.000	0.018	200.002	0.424	3.949	1.328	1783013860.029
1633	200.000	-0.021	199.998	0.365	2.755	1.328	1783013860.255
1634	200.000	0.025	199.999	0.349	3.151	1.328	1783013860.534
1635	200.000	0.030	200.004	0.327	2.581	1.328	1783013860.748
1636	200.000	0.004	199.998	0.308	2.891	1.328	1783013861.020
1637	200.000	0.008	200.001	0.278	2.582	1.328	1783013861.269
1638	200.000	0.016	199.995	0.368	2.899	1.328	1783013861.532
