Point No.	Frequency Set (GHz)	THz Photocurrent (nA)	Frequency Act (GHz)	Amplitude (via StrMod)	Phase (via StrMod)	Frequency Fit	Timestamp (s)
1	200.000	0.022	199.998	0.281	5.405	1.328	1782941703.608
2	200.000	-0.011	200.000	0.300	0.632	1.328	1782941703.895
3	200.000	-0.007	199.998	0.328	4.958	1.328	1782941704.137
4	200.000	-0.013	200.006	0.474	4.503	1.328	1782941704.387
5	200.000	0.031	199.998	0.390	3.575	1.328	1782941704.659
6	200.000	-0.029	200.003	0.417	5.750	1.328	1782941704.920
7	200.000	0.020	199.997	0.254	4.418	1.328	1782941705.239
8	200.000	0.034	199.998	0.151	3.883	1.328	1782941705.561
9	200.000	-0.031	199.997	1.758	3.149	1.328	1782941705.854
10	200.000	0.033	200.001	2.669	3.681	1.328	1782941706.120
11	200.000	-0.048	199.999	2.644	3.694	1.328	1782941706.435
12	200.000	-0.001	200.003	2.625	3.646	1.328	1782941706.712
13	200.000	-0.038	199.999	2.697	3.671	1.328	1782941706.980
14	200.000	0.001	200.002	2.642	3.699	1.328	1782941707.204
15	200.000	-0.017	200.001	2.619	3.688	1.328	1782941707.483
16	200.000	-0.011	199.999	2.684	3.622	1.328	1782941707.731
17	200.000	0.010	199.996	2.578	3.480	1.328	1782941708.054
18	200.000	0.003	200.004	2.509	1.218	1.328	1782941708.295
19	200.000	-0.019	200.002	2.614	4.754	1.328	1782941708.618
20	200.000	-0.042	200.001	2.544	2.738	1.328	1782941708.873
21	200.000	0.003	200.000	2.753	6.264	1.328	1782941709.152
22	200.000	0.010	200.001	2.868	4.169	1.328	1782941709.400
23	200.000	0.003	200.000	2.446	2.124	1.328	1782941709.665
24	200.000	0.003	200.003	2.918	5.966	1.328	1782941709.905
25	200.000	0.012	199.998	2.601	3.960	1.328	1782941710.156
26	200.000	0.027	200.002	2.483	2.136	1.328	1782941710.422
27	200.000	-0.026	200.001	2.822	5.807	1.328	1782941710.690
28	200.000	0.004	200.000	2.445	3.666	1.328	1782941710.996
29	200.000	0.045	200.000	2.385	1.061	1.328	1782941711.300
30	200.000	0.037	199.994	2.713	4.572	1.328	1782941711.611
31	200.000	-0.028	199.998	2.513	2.420	1.328	1782941711.893
32	200.000	-0.010	199.996	2.554	5.746	1.328	1782941712.208
33	200.000	-0.022	200.000	2.586	3.336	1.328	1782941712.521
34	200.000	0.031	199.998	2.557	0.462	1.328	1782941712.812
35	200.000	-0.005	199.999	2.789	4.251	1.328	1782941713.106
36	200.000	0.059	200.000	2.476	2.157	1.328	1782941713.378
37	200.000	-0.001	200.000	2.763	5.635	1.328	1782941713.686
38	200.000	-0.041	200.003	2.618	3.530	1.328	1782941713.935
39	200.000	-0.020	200.000	2.503	1.324	1.328	1782941714.203
40	200.000	0.019	199.998	2.716	5.108	1.328	1782941714.490
41	200.000	-0.025	200.001	2.769	3.028	1.328	1782941714.718
42	200.000	0.032	199.999	2.607	0.701	1.328	1782941715.028
43	200.000	0.001	200.005	2.755	4.342	1.328	1782941715.278
44	200.000	-0.012	199.999	2.395	2.274	1.328	1782941715.581
45	200.000	0.015	199.996	2.875	5.910	1.328	1782941715.844
46	200.000	-0.015	200.006	2.664	3.710	1.328	1782941716.149
47	200.000	-0.029	200.001	2.434	1.222	1.328	1782941716.451
48	200.000	0.011	199.998	2.788	4.918	1.328	1782941716.720
49	200.000	0.020	199.999	2.617	2.852	1.328	1782941717.015
50	200.000	-0.018	200.001	2.694	0.380	1.328	1782941717.264
51	200.000	-0.011	200.000	2.546	4.148	1.328	1782941717.547
52	200.000	-0.006	200.000	2.625	2.226	1.328	1782941717.825
53	200.000	0.008	199.998	2.827	5.812	1.328	1782941718.050
54	200.000	0.008	200.000	2.750	3.968	1.328	1782941718.322
55	200.000	0.012	200.001	2.427	2.054	1.328	1782941718.582
56	200.000	0.038	199.999	2.901	5.529	1.328	1782941718.892
57	200.000	0.025	199.999	2.529	3.202	1.328	1782941719.193
58	200.000	0.001	200.003	2.719	0.549	1.328	1782941719.456
59	200.000	0.042	199.998	2.958	4.611	1.328	1782941719.717
60	200.000	-0.004	199.997	2.416	2.553	1.328	1782941719.984
61	200.000	-0.014	200.000	2.967	0.095	1.328	1782941720.259
62	200.000	0.028	200.001	2.782	4.106	1.328	1782941720.493
63	200.000	0.005	200.000	2.671	2.267	1.328	1782941720.757
64	200.000	-0.046	199.997	2.780	6.206	1.328	1782941721.013
65	200.000	0.006	199.999	2.797	4.107	1.328	1782941721.262
66	200.000	-0.021	200.002	2.623	2.356	1.328	1782941721.491
67	200.000	-0.060	199.998	2.664	5.969	1.328	1782941721.791
68	200.000	0.010	200.001	2.601	3.707	1.328	1782941722.074
69	200.000	-0.002	199.998	2.514	1.546	1.328	1782941722.327
70	200.000	0.029	200.002	2.931	5.421	1.328	1782941722.559
71	200.000	0.009	200.003	2.616	3.569	1.328	1782941722.811
72	200.000	0.033	199.999	2.607	1.505	1.328	1782941723.085
73	200.000	-0.003	200.000	2.784	5.009	1.328	1782941723.393
74	200.000	-0.014	199.997	2.532	2.880	1.328	1782941723.665
75	200.000	0.034	199.998	2.749	0.282	1.328	1782941723.962
76	200.000	0.035	200.002	2.711	3.937	1.328	1782941724.271
77	200.000	-0.012	199.999	2.498	1.696	1.328	1782941724.576
78	200.000	0.014	200.001	3.017	4.856	1.328	1782941724.867
79	200.000	-0.063	199.998	2.633	3.041	1.328	1782941725.129
80	200.000	-0.036	199.997	2.610	0.480	1.328	1782941725.389
81	200.000	-0.028	199.999	2.996	4.747	1.328	1782941725.654
82	200.000	-0.045	200.000	2.721	2.807	1.328	1782941725.891
83	200.000	-0.012	199.996	2.742	0.357	1.328	1782941726.155
84	200.000	0.001	200.002	2.751	4.176	1.328	1782941726.450
85	200.000	-0.025	200.000	2.596	2.428	1.328	1782941726.697
86	200.000	-0.007	199.999	2.948	6.063	1.328	1782941726.974
87	200.000	-0.022	200.000	2.623	3.714	1.328	1782941727.295
88	200.000	0.084	199.998	2.698	1.206	1.328	1782941727.578
89	200.000	-0.047	199.999	2.868	4.792	1.328	1782941727.898
90	200.000	0.021	199.996	2.610	2.850	1.328	1782941728.138
91	200.000	0.006	199.999	2.821	0.319	1.328	1782941728.369
92	200.000	0.021	199.999	2.844	4.510	1.328	1782941728.644
93	200.000	-0.016	200.003	2.434	2.586	1.328	1782941728.912
94	200.000	-0.031	199.999	2.774	6.018	1.328	1782941729.212
95	200.000	-0.014	200.007	2.799	3.823	1.328	1782941729.451
96	200.000	-0.044	200.002	2.489	1.692	1.328	1782941729.760
97	200.000	0.043	200.000	3.037	5.476	1.328	1782941730.014
98	200.000	-0.052	200.001	2.653	3.397	1.328	1782941730.254
99	200.000	0.006	200.002	2.583	1.305	1.328	1782941730.531
100	200.000	-0.022	199.994	2.894	4.931	1.328	1782941730.823
101	200.000	-0.012	199.996	2.623	3.024	1.328	1782941731.078
102	200.000	-0.033	199.998	2.701	0.551	1.328	1782941731.329
103	200.000	0.020	200.002	3.048	4.754	1.328	1782941731.591
104	200.000	-0.003	199.999	2.583	2.638	1.328	1782941731.880
105	200.000	-0.009	200.001	2.798	0.119	1.328	1782941732.141
106	200.000	0.043	200.000	2.709	4.281	1.328	1782941732.368
107	200.000	0.024	199.998	2.512	2.536	1.328	1782941732.647
108	200.000	-0.005	200.002	2.857	5.941	1.328	1782941732.926
109	200.000	-0.043	200.004	2.704	3.810	1.328	1782941733.201
110	200.000	-0.050	199.997	2.489	1.923	1.328	1782941733.441
111	200.000	-0.012	199.996	3.184	5.744	1.328	1782941733.698
112	200.000	0.015	199.995	2.701	3.744	1.328	1782941733.935
113	200.000	0.008	199.998	2.706	1.792	1.328	1782941734.209
114	200.000	0.005	199.999	3.016	5.303	1.328	1782941734.498
115	200.000	0.004	200.000	2.668	3.348	1.328	1782941734.756
116	200.000	-0.047	199.994	2.705	1.019	1.328	1782941735.010
117	200.000	0.017	199.998	3.121	5.035	1.328	1782941735.263
118	200.000	-0.054	200.002	2.622	3.087	1.328	1782941735.530
119	200.000	0.011	199.999	3.004	0.827	1.328	1782941735.788
120	200.000	-0.036	200.001	2.840	4.528	1.328	1782941736.087
121	200.000	0.038	200.000	2.383	2.039	1.328	1782941736.416
122	200.000	-0.051	199.997	2.784	5.318	1.328	1782941736.722
123	200.000	-0.012	200.001	2.576	3.134	1.328	1782941737.042
124	200.000	-0.030	199.999	2.724	0.360	1.328	1782941737.333
125	200.000	-0.006	200.000	3.006	4.415	1.328	1782941737.589
126	200.000	-0.027	200.002	2.638	2.451	1.328	1782941737.831
127	200.000	0.012	199.998	3.031	6.168	1.328	1782941738.115
128	200.000	-0.010	199.998	2.687	3.735	1.328	1782941738.427
129	200.000	-0.005	200.004	2.691	1.342	1.328	1782941738.708
130	200.000	0.032	200.004	2.939	5.020	1.328	1782941738.997
131	200.000	-0.006	200.000	2.477	2.842	1.328	1782941739.302
132	200.000	0.058	200.002	3.006	0.059	1.328	1782941739.559
133	200.000	0.090	200.003	2.854	4.334	1.328	1782941739.790
134	200.000	0.045	200.001	2.514	2.636	1.328	1782941740.056
135	200.000	-0.051	200.000	2.662	6.069	1.328	1782941740.373
136	200.000	-0.012	200.000	2.660	3.629	1.328	1782941740.675
137	200.000	0.007	199.998	2.750	1.287	1.328	1782941740.927
138	200.000	0.032	199.999	3.114	5.155	1.328	1782941741.169
139	200.000	0.058	200.001	2.579	2.991	1.328	1782941741.504
140	200.000	0.002	200.004	2.754	0.137	1.328	1782941741.808
141	200.000	0.009	200.003	3.024	4.114	1.328	1782941742.035
142	200.000	0.032	200.002	2.673	2.351	1.328	1782941742.306
143	200.000	-0.007	199.999	3.082	6.047	1.328	1782941742.538
144	200.000	0.019	200.000	2.980	4.103	1.328	1782941742.808
145	200.000	0.014	200.000	2.486	1.965	1.328	1782941743.088
146	200.000	0.025	200.000	3.134	5.711	1.328	1782941743.356
147	200.000	0.042	200.002	2.880	3.735	1.328	1782941743.608
148	200.000	-0.034	199.998	2.443	1.090	1.328	1782941743.937
149	200.000	-0.008	200.003	3.152	4.747	1.328	1782941744.236
150	200.000	0.060	200.001	2.746	2.731	1.328	1782941744.451
151	200.000	-0.006	200.002	2.949	0.537	1.328	1782941744.738
152	200.000	-0.053	199.998	2.976	4.368	1.328	1782941744.969
153	200.000	-0.031	199.999	2.661	2.630	1.328	1782941745.250
154	200.000	-0.053	199.998	2.994	6.141	1.328	1782941745.557
155	200.000	0.048	200.000	2.689	3.638	1.328	1782941745.847
156	200.000	0.035	199.998	2.562	1.397	1.328	1782941746.117
157	200.000	0.020	199.998	3.053	4.942	1.328	1782941746.401
158	200.000	0.023	199.999	2.687	2.993	1.328	1782941746.669
159	200.000	0.007	200.000	2.873	0.563	1.328	1782941746.935
160	200.000	0.001	199.999	2.786	4.331	1.328	1782941747.256
161	200.000	-0.025	199.995	2.558	1.911	1.328	1782941747.548
162	200.000	0.009	200.000	3.228	5.652	1.328	1782941747.777
163	200.000	-0.004	199.997	2.809	3.676	1.328	1782941748.046
164	200.000	0.042	199.999	2.612	1.593	1.328	1782941748.303
165	200.000	-0.029	199.999	3.215	5.509	1.328	1782941748.545
166	200.000	0.024	200.000	2.684	3.542	1.328	1782941748.806
167	200.000	-0.006	199.992	2.589	1.277	1.328	1782941749.118
168	200.000	0.036	199.997	2.960	4.739	1.328	1782941749.427
169	200.000	-0.001	200.001	2.520	2.382	1.328	1782941749.721
170	200.000	0.029	199.996	3.232	6.033	1.328	1782941749.991
171	200.000	-0.006	200.001	2.877	3.961	1.328	1782941750.232
172	200.000	-0.040	199.999	2.656	2.162	1.328	1782941750.482
173	200.000	-0.021	199.999	3.084	5.686	1.328	1782941750.795
174	200.000	-0.026	199.997	2.812	3.554	1.328	1782941751.039
175	200.000	0.035	199.999	2.852	1.544	1.328	1782941751.270
176	200.000	-0.056	200.000	3.148	5.353	1.328	1782941751.555
177	200.000	0.017	199.997	2.772	3.461	1.328	1782941751.798
178	200.000	0.084	199.996	2.808	1.367	1.328	1782941752.049
179	200.000	-0.019	200.003	3.193	5.209	1.328	1782941752.286
180	200.000	0.016	200.002	2.882	3.514	1.328	1782941752.547
181	200.000	0.019	199.996	2.964	1.263	1.328	1782941752.788
182	200.000	0.016	200.002	3.108	5.114	1.328	1782941753.060
183	200.000	0.006	199.997	2.505	2.989	1.328	1782941753.375
184	200.000	-0.052	200.001	2.883	0.166	1.328	1782941753.679
185	200.000	-0.033	200.002	2.881	4.025	1.328	1782941753.969
186	200.000	0.008	199.999	2.859	1.880	1.328	1782941754.223
187	200.000	-0.021	199.999	3.172	5.703	1.328	1782941754.504
188	200.000	0.044	199.996	2.674	3.464	1.328	1782941754.817
189	200.000	0.031	200.001	2.866	0.650	1.328	1782941755.102
190	200.000	0.026	199.999	3.150	4.515	1.328	1782941755.377
191	200.000	0.036	200.001	2.566	2.385	1.328	1782941755.691
192	200.000	0.026	200.001	3.084	5.678	1.328	1782941755.980
193	200.000	0.009	200.001	2.797	3.685	1.328	1782941756.232
194	200.000	-0.053	200.000	2.803	1.599	1.328	1782941756.487
195	200.000	-0.002	199.997	3.241	5.487	1.328	1782941756.721
196	200.000	0.013	199.997	2.729	3.580	1.328	1782941757.006
197	200.000	-0.047	199.996	2.560	1.069	1.328	1782941757.308
198	200.000	0.015	199.996	3.044	4.774	1.328	1782941757.546
199	200.000	0.006	200.003	2.720	3.010	1.328	1782941757.863
200	200.000	0.010	200.001	3.210	0.193	1.328	1782941758.122
201	200.000	-0.003	199.998	2.973	4.135	1.328	1782941758.409
202	200.000	0.010	200.002	2.736	2.171	1.328	1782941758.700
203	200.000	-0.000	200.004	3.253	5.547	1.328	1782941758.967
204	200.000	0.007	199.998	2.957	3.515	1.328	1782941759.239
205	200.000	-0.034	200.004	2.820	1.323	1.328	1782941759.459
206	200.000	0.008	200.003	3.307	5.296	1.328	1782941759.726
207	200.000	0.049	199.999	2.844	3.334	1.328	1782941759.982
208	200.000	-0.004	199.997	2.512	0.733	1.328	1782941760.297
209	200.000	-0.023	199.999	3.118	4.382	1.328	1782941760.612
210	200.000	-0.063	199.998	2.492	2.052	1.328	1782941760.927
211	200.000	0.010	200.002	3.076	5.323	1.328	1782941761.214
212	200.000	0.016	199.999	2.839	3.382	1.328	1782941761.465
213	200.000	0.014	199.998	2.696	1.234	1.328	1782941761.735
214	200.000	-0.040	199.996	3.015	4.782	1.328	1782941762.058
215	200.000	0.018	199.998	2.744	2.615	1.328	1782941762.355
216	200.000	0.018	199.999	3.278	6.150	1.328	1782941762.597
217	200.000	0.005	200.002	3.250	4.107	1.328	1782941762.850
218	200.000	-0.017	199.998	2.648	2.254	1.328	1782941763.106
219	200.000	-0.007	199.998	3.196	5.711	1.328	1782941763.406
220	200.000	-0.034	200.002	2.953	3.638	1.328	1782941763.659
221	200.000	0.036	200.001	2.854	1.522	1.328	1782941763.941
222	200.000	0.030	200.003	3.347	5.172	1.328	1782941764.195
223	200.000	-0.001	200.000	2.959	3.374	1.328	1782941764.478
224	200.000	-0.018	199.999	2.815	0.644	1.328	1782941764.791
225	200.000	0.030	199.997	3.001	4.124	1.328	1782941765.094
226	200.000	-0.002	199.996	2.535	1.923	1.328	1782941765.392
227	200.000	-0.009	199.999	3.281	5.578	1.328	1782941765.650
228	200.000	-0.021	199.998	2.678	3.381	1.328	1782941765.935
229	200.000	0.035	200.000	2.667	0.993	1.328	1782941766.214
230	200.000	0.013	200.004	3.263	4.879	1.328	1782941766.449
231	200.000	0.044	199.999	2.699	3.209	1.328	1782941766.688
232	200.000	0.033	200.001	2.855	0.753	1.328	1782941766.961
233	200.000	-0.015	200.001	3.117	4.506	1.328	1782941767.273
234	200.000	0.007	200.000	2.561	2.079	1.328	1782941767.588
235	200.000	-0.026	200.001	3.344	5.491	1.328	1782941767.865
236	200.000	0.048	200.002	2.833	3.561	1.328	1782941768.149
237	200.000	-0.010	200.003	2.893	1.171	1.328	1782941768.396
238	200.000	-0.045	200.002	3.021	4.767	1.328	1782941768.730
239	200.000	0.022	200.000	2.643	2.537	1.328	1782941769.030
240	200.000	0.024	199.999	3.260	5.781	1.328	1782941769.340
241	200.000	0.044	200.003	2.716	3.551	1.328	1782941769.640
242	200.000	-0.024	200.001	2.963	1.144	1.328	1782941769.893
243	200.000	0.025	200.001	3.261	4.867	1.328	1782941770.213
244	200.000	0.035	200.004	2.710	2.671	1.328	1782941770.472
245	200.000	0.038	200.005	3.304	0.011	1.328	1782941770.750
246	200.000	0.021	199.996	2.925	4.187	1.328	1782941771.007
247	200.000	0.003	200.000	2.767	2.292	1.328	1782941771.259
248	200.000	-0.021	199.999	3.181	5.822	1.328	1782941771.539
249	200.000	0.005	200.000	2.911	3.656	1.328	1782941771.832
250	200.000	-0.051	200.000	2.764	0.996	1.328	1782941772.159
251	200.000	-0.016	200.001	2.980	4.576	1.328	1782941772.457
252	200.000	0.036	200.000	2.647	2.516	1.328	1782941772.728
253	200.000	-0.015	200.002	3.017	5.940	1.328	1782941773.018
254	200.000	-0.019	200.000	2.924	3.841	1.328	1782941773.293
255	200.000	0.029	200.003	2.513	1.250	1.328	1782941773.612
256	200.000	-0.010	200.001	3.134	4.772	1.328	1782941773.914
257	200.000	-0.022	200.002	2.881	2.786	1.328	1782941774.148
258	200.000	0.022	199.999	3.057	0.454	1.328	1782941774.407
259	200.000	-0.009	199.998	3.150	4.392	1.328	1782941774.673
260	200.000	-0.037	199.999	2.719	2.500	1.328	1782941774.980
261	200.000	-0.034	200.002	3.309	5.702	1.328	1782941775.294
262	200.000	0.060	200.002	2.920	3.358	1.328	1782941775.591
263	200.000	-0.016	200.001	2.944	0.910	1.328	1782941775.835
264	200.000	-0.029	199.998	3.240	4.903	1.328	1782941776.099
265	200.000	-0.007	199.999	2.749	2.771	1.328	1782941776.407
266	200.000	-0.003	199.998	3.183	0.113	1.328	1782941776.682
267	200.000	0.031	199.999	2.896	3.889	1.328	1782941776.999
268	200.000	-0.003	199.998	2.542	1.295	1.328	1782941777.299
269	200.000	0.007	199.995	3.081	4.761	1.328	1782941777.621
270	200.000	0.029	200.003	2.917	2.854	1.328	1782941777.868
271	200.000	-0.039	199.995	2.849	0.214	1.328	1782941778.169
272	200.000	0.069	200.004	2.970	4.233	1.328	1782941778.412
273	200.000	0.001	200.000	2.786	2.395	1.328	1782941778.673
274	200.000	0.003	200.001	3.207	5.974	1.328	1782941778.973
275	200.000	-0.010	199.998	2.941	3.780	1.328	1782941779.211
276	200.000	0.012	200.001	2.719	1.898	1.328	1782941779.490
277	200.000	-0.024	199.997	3.311	5.389	1.328	1782941779.789
278	200.000	0.058	200.001	2.894	3.326	1.328	1782941780.056
279	200.000	-0.001	200.000	2.767	0.717	1.328	1782941780.350
280	200.000	-0.003	200.001	3.061	4.552	1.328	1782941780.604
281	200.000	0.022	200.000	2.774	2.625	1.328	1782941780.875
282	200.000	0.003	200.004	3.237	0.122	1.328	1782941781.152
283	200.000	0.047	200.000	2.833	3.927	1.328	1782941781.470
284	200.000	0.012	199.998	2.767	1.590	1.328	1782941781.779
285	200.000	0.012	200.001	3.436	5.108	1.328	1782941782.002
286	200.000	-0.008	199.997	2.721	3.399	1.328	1782941782.275
287	200.000	-0.004	199.999	2.895	1.242	1.328	1782941782.509
288	200.000	-0.014	200.002	3.204	5.151	1.328	1782941782.786
289	200.000	0.001	200.000	2.821	3.015	1.328	1782941783.080
290	200.000	0.012	199.999	3.010	0.125	1.328	1782941783.391
291	200.000	0.027	200.001	3.090	4.135	1.328	1782941783.640
292	200.000	0.003	200.001	2.921	2.270	1.328	1782941783.895
293	200.000	0.040	199.997	3.299	6.138	1.328	1782941784.160
294	200.000	-0.018	199.996	2.989	3.816	1.328	1782941784.450
295	200.000	0.013	199.998	2.670	1.201	1.328	1782941784.781
296	200.000	0.008	199.998	3.085	4.717	1.328	1782941785.097
297	200.000	0.031	199.999	2.690	2.413	1.328	1782941785.411
298	200.000	-0.010	200.001	3.276	5.643	1.328	1782941785.723
299	200.000	-0.025	200.002	2.749	3.249	1.328	1782941786.013
300	200.000	0.032	199.999	3.294	0.911	1.328	1782941786.273
301	200.000	0.016	199.998	3.324	4.859	1.328	1782941786.516
302	200.000	0.044	200.004	2.759	3.123	1.328	1782941786.750
303	200.000	-0.015	199.998	3.226	0.856	1.328	1782941787.013
304	200.000	0.016	199.997	3.541	4.853	1.328	1782941787.241
305	200.000	0.055	200.000	2.900	3.100	1.328	1782941787.525
306	200.000	-0.002	199.996	3.333	0.724	1.328	1782941787.760
307	200.000	0.013	199.999	3.261	4.829	1.328	1782941788.012
308	200.000	-0.083	200.000	2.827	2.966	1.328	1782941788.278
309	200.000	0.002	200.001	3.202	0.204	1.328	1782941788.588
310	200.000	0.013	200.002	3.067	4.019	1.328	1782941788.889
311	200.000	0.044	199.998	2.906	1.831	1.328	1782941789.130
312	200.000	-0.041	199.999	3.474	5.703	1.328	1782941789.391
313	200.000	0.025	200.000	3.042	3.865	1.328	1782941789.646
314	200.000	0.034	200.001	2.934	1.660	1.328	1782941789.870
315	200.000	0.004	199.997	3.513	5.563	1.328	1782941790.155
316	200.000	0.005	200.003	2.855	3.461	1.328	1782941790.446
317	200.000	-0.001	200.000	3.301	1.005	1.328	1782941790.687
318	200.000	-0.062	200.004	3.356	5.130	1.328	1782941790.923
319	200.000	0.020	200.000	2.833	3.284	1.328	1782941791.208
320	200.000	0.022	199.999	2.858	0.475	1.328	1782941791.542
321	200.000	-0.035	199.999	2.942	4.075	1.328	1782941791.836
322	200.000	-0.048	200.002	2.742	1.740	1.328	1782941792.131
323	200.000	0.018	199.998	3.578	5.454	1.328	1782941792.387
324	200.000	0.014	200.001	2.776	3.349	1.328	1782941792.653
325	200.000	0.004	200.000	2.919	0.996	1.328	1782941792.956
326	200.000	-0.006	199.999	3.374	4.787	1.328	1782941793.199
327	200.000	-0.017	199.999	2.673	2.712	1.328	1782941793.533
328	200.000	0.017	200.001	3.334	5.892	1.328	1782941793.846
329	200.000	-0.007	199.999	2.813	3.567	1.328	1782941794.160
330	200.000	0.045	199.999	2.972	0.890	1.328	1782941794.468
331	200.000	-0.001	199.999	2.921	4.341	1.328	1782941794.756
332	200.000	-0.026	200.004	2.607	1.990	1.328	1782941795.072
333	200.000	-0.009	200.000	3.569	5.835	1.328	1782941795.305
334	200.000	0.013	199.998	3.015	3.751	1.328	1782941795.596
335	200.000	-0.001	200.001	2.830	1.270	1.328	1782941795.902
336	200.000	-0.022	199.999	3.336	4.821	1.328	1782941796.184
337	200.000	0.013	199.999	2.818	2.763	1.328	1782941796.482
338	200.000	-0.037	199.998	3.484	0.269	1.328	1782941796.727
339	200.000	0.011	200.000	2.892	4.098	1.328	1782941797.018
340	200.000	-0.012	199.998	2.793	2.169	1.328	1782941797.290
341	200.000	-0.033	199.999	3.391	5.630	1.328	1782941797.576
342	200.000	0.067	199.998	2.835	3.465	1.328	1782941797.865
343	200.000	0.033	200.000	2.927	0.813	1.328	1782941798.188
344	200.000	-0.035	199.997	3.000	4.402	1.328	1782941798.489
345	200.000	-0.034	199.995	2.816	2.104	1.328	1782941798.786
346	200.000	-0.018	199.999	3.367	5.542	1.328	1782941799.100
347	200.000	0.005	200.001	2.834	3.278	1.328	1782941799.370
348	200.000	0.044	199.999	3.031	0.726	1.328	1782941799.651
349	200.000	-0.032	199.999	3.344	4.853	1.328	1782941799.915
350	200.000	-0.010	199.996	2.890	2.802	1.328	1782941800.177
351	200.000	0.013	200.001	3.160	0.011	1.328	1782941800.491
352	200.000	0.041	199.999	2.888	3.818	1.328	1782941800.796
353	200.000	-0.001	200.002	2.950	1.682	1.328	1782941801.041
354	200.000	0.021	200.000	3.302	5.326	1.328	1782941801.355
355	200.000	0.015	200.004	2.875	3.122	1.328	1782941801.669
356	200.000	-0.001	200.001	3.370	6.238	1.328	1782941801.970
357	200.000	-0.006	200.004	3.060	3.988	1.328	1782941802.231
358	200.000	-0.043	200.001	2.928	2.091	1.328	1782941802.460
359	200.000	0.037	199.998	3.468	5.979	1.328	1782941802.733
360	200.000	-0.010	199.999	2.909	3.809	1.328	1782941802.981
361	200.000	0.009	199.995	2.634	1.679	1.328	1782941803.293
362	200.000	0.029	200.000	3.359	5.291	1.328	1782941803.547
363	200.000	-0.011	199.998	3.086	3.501	1.328	1782941803.777
364	200.000	0.024	200.003	2.923	1.423	1.328	1782941804.055
365	200.000	-0.008	199.997	3.511	5.247	1.328	1782941804.303
366	200.000	-0.049	199.999	3.021	3.365	1.328	1782941804.532
367	200.000	0.079	199.998	3.101	1.596	1.328	1782941804.792
368	200.000	-0.012	200.003	3.196	5.081	1.328	1782941805.053
369	200.000	0.017	200.000	3.022	3.294	1.328	1782941805.322
370	200.000	0.001	200.000	3.032	0.818	1.328	1782941805.597
371	200.000	0.073	199.999	3.260	4.686	1.328	1782941805.881
372	200.000	-0.007	200.004	2.937	2.664	1.328	1782941806.146
373	200.000	0.008	199.999	3.422	0.085	1.328	1782941806.392
374	200.000	-0.028	200.001	3.191	4.291	1.328	1782941806.649
375	200.000	0.025	199.997	2.943	2.358	1.328	1782941806.932
376	200.000	0.050	199.997	3.150	5.702	1.328	1782941807.264
377	200.000	0.073	199.994	3.000	3.357	1.328	1782941807.572
378	200.000	0.064	200.001	3.180	0.570	1.328	1782941807.861
379	200.000	0.028	199.999	3.213	4.509	1.328	1782941808.114
380	200.000	-0.053	199.999	3.030	2.590	1.328	1782941808.379
381	200.000	-0.002	200.001	3.103	6.185	1.328	1782941808.678
382	200.000	-0.012	200.000	2.917	3.793	1.328	1782941808.981
383	200.000	-0.034	200.000	3.140	1.595	1.328	1782941809.230
384	200.000	-0.028	200.002	3.359	5.150	1.328	1782941809.537
385	200.000	-0.017	199.998	2.825	3.057	1.328	1782941809.800
386	200.000	0.003	200.002	3.178	0.493	1.328	1782941810.100
387	200.000	-0.045	199.999	3.260	4.357	1.328	1782941810.331
388	200.000	-0.038	200.000	3.002	2.659	1.328	1782941810.598
389	200.000	-0.061	199.997	3.305	0.233	1.328	1782941810.880
390	200.000	-0.049	199.999	2.916	3.992	1.328	1782941811.185
391	200.000	-0.057	199.998	2.904	1.590	1.328	1782941811.492
392	200.000	0.005	199.998	3.544	5.302	1.328	1782941811.725
393	200.000	-0.014	199.996	3.056	3.521	1.328	1782941812.011
394	200.000	-0.031	200.000	3.064	0.954	1.328	1782941812.313
395	200.000	0.004	199.998	3.088	4.477	1.328	1782941812.606
396	200.000	-0.006	199.997	2.971	2.540	1.328	1782941812.888
397	200.000	-0.018	199.996	3.525	6.031	1.328	1782941813.172
398	200.000	-0.012	200.001	3.191	3.999	1.328	1782941813.429
399	200.000	-0.004	200.002	2.798	1.676	1.328	1782941813.739
400	200.000	0.035	199.999	3.148	4.982	1.328	1782941814.036
401	200.000	-0.000	199.999	2.887	2.830	1.328	1782941814.298
402	200.000	-0.026	200.000	3.457	0.203	1.328	1782941814.607
403	200.000	-0.024	200.001	3.060	3.919	1.328	1782941814.896
404	200.000	0.014	200.002	3.023	1.865	1.328	1782941815.165
405	200.000	-0.014	200.002	3.504	5.471	1.328	1782941815.444
406	200.000	0.024	200.000	3.015	3.437	1.328	1782941815.727
407	200.000	0.022	199.998	3.261	1.077	1.328	1782941815.979
408	200.000	-0.016	200.001	3.573	4.965	1.328	1782941816.246
409	200.000	0.041	199.998	2.954	2.958	1.328	1782941816.537
410	200.000	0.030	199.998	3.575	0.337	1.328	1782941816.782
411	200.000	0.015	199.997	3.388	4.362	1.328	1782941817.063
412	200.000	0.069	200.004	3.025	2.291	1.328	1782941817.369
413	200.000	0.007	200.000	3.605	5.785	1.328	1782941817.599
414	200.000	0.020	200.000	3.304	3.876	1.328	1782941817.860
415	200.000	0.003	200.000	2.947	1.620	1.328	1782941818.171
416	200.000	0.040	200.000	3.599	5.318	1.328	1782941818.425
417	200.000	-0.041	200.002	2.947	3.306	1.328	1782941818.718
418	200.000	0.003	200.002	3.336	0.862	1.328	1782941818.999
419	200.000	-0.051	200.000	3.110	4.455	1.328	1782941819.304
420	200.000	-0.025	200.001	2.876	2.276	1.328	1782941819.609
421	200.000	-0.029	200.000	3.714	5.814	1.328	1782941819.880
422	200.000	-0.010	199.999	2.945	3.488	1.328	1782941820.180
423	200.000	0.018	200.003	3.314	0.854	1.328	1782941820.451
424	200.000	0.018	199.999	3.319	4.743	1.328	1782941820.743
425	200.000	-0.020	200.001	2.942	2.688	1.328	1782941821.044
426	200.000	0.013	199.998	3.688	6.174	1.328	1782941821.312
427	200.000	-0.026	199.997	3.219	3.940	1.328	1782941821.599
428	200.000	0.039	199.999	3.017	2.000	1.328	1782941821.818
429	200.000	0.008	199.998	3.653	5.840	1.328	1782941822.106
430	200.000	0.023	199.994	3.084	3.683	1.328	1782941822.364
431	200.000	-0.001	199.997	3.091	1.355	1.328	1782941822.675
432	200.000	-0.013	199.999	3.354	4.869	1.328	1782941822.971
433	200.000	0.023	199.997	2.993	2.880	1.328	1782941823.242
434	200.000	0.057	200.001	3.352	0.121	1.328	1782941823.551
435	200.000	-0.053	200.002	3.232	3.927	1.328	1782941823.853
436	200.000	0.045	199.998	3.056	1.715	1.328	1782941824.087
437	200.000	-0.005	200.002	3.740	5.699	1.328	1782941824.348
438	200.000	0.016	199.999	3.176	3.759	1.328	1782941824.606
439	200.000	-0.025	199.996	3.277	1.705	1.328	1782941824.861
440	200.000	0.004	200.000	3.749	5.525	1.328	1782941825.122
441	200.000	-0.049	200.003	3.032	3.497	1.328	1782941825.429
442	200.000	-0.014	199.998	3.233	0.682	1.328	1782941825.730
443	200.000	-0.019	200.003	3.314	4.431	1.328	1782941825.996
444	200.000	0.007	199.998	2.902	2.428	1.328	1782941826.292
445	200.000	0.022	200.002	3.805	6.052	1.328	1782941826.540
446	200.000	-0.049	200.000	3.299	4.053	1.328	1782941826.810
447	200.000	-0.015	199.999	2.978	1.842	1.328	1782941827.114
448	200.000	0.031	200.001	3.792	5.471	1.328	1782941827.351
449	200.000	0.076	199.999	3.071	3.610	1.328	1782941827.597
450	200.000	-0.005	200.002	3.397	1.769	1.328	1782941827.863
451	200.000	0.014	199.998	3.835	5.429	1.328	1782941828.102
452	200.000	0.035	199.999	3.107	3.588	1.328	1782941828.360
453	200.000	0.033	200.002	3.266	1.351	1.328	1782941828.617
454	200.000	0.068	200.003	3.435	5.184	1.328	1782941828.918
455	200.000	-0.029	199.998	2.979	3.090	1.328	1782941829.154
456	200.000	-0.050	199.997	3.193	0.421	1.328	1782941829.482
457	200.000	-0.000	199.998	3.255	4.109	1.328	1782941829.790
458	200.000	-0.037	200.001	3.258	2.008	1.328	1782941830.020
459	200.000	-0.023	199.999	3.721	5.902	1.328	1782941830.316
460	200.000	0.013	199.999	2.990	3.533	1.328	1782941830.609
461	200.000	-0.005	200.000	3.349	1.205	1.328	1782941830.870
462	200.000	-0.005	200.000	3.423	4.874	1.328	1782941831.167
463	200.000	0.003	199.999	3.103	2.971	1.328	1782941831.433
464	200.000	-0.001	200.001	3.390	0.054	1.328	1782941831.753
465	200.000	-0.013	200.000	2.970	3.812	1.328	1782941832.071
466	200.000	-0.006	200.000	3.270	1.232	1.328	1782941832.384
467	200.000	-0.003	200.001	3.409	4.797	1.328	1782941832.676
468	200.000	0.031	199.999	3.020	2.596	1.328	1782941832.959
469	200.000	0.008	200.002	3.662	0.053	1.328	1782941833.236
470	200.000	0.014	199.999	3.356	4.099	1.328	1782941833.468
471	200.000	-0.005	199.999	3.060	2.349	1.328	1782941833.757
472	200.000	0.011	200.000	3.707	5.718	1.328	1782941834.023
473	200.000	0.000	200.004	3.364	3.827	1.328	1782941834.277
474	200.000	0.014	200.001	3.038	1.606	1.328	1782941834.537
475	200.000	-0.019	199.999	3.935	5.444	1.328	1782941834.792
476	200.000	-0.044	200.002	3.239	3.497	1.328	1782941835.064
477	200.000	-0.022	200.001	3.140	1.073	1.328	1782941835.366
478	200.000	0.054	199.998	3.334	4.681	1.328	1782941835.678
479	200.000	0.006	199.997	3.011	2.427	1.328	1782941835.985
480	200.000	0.022	199.997	3.584	5.614	1.328	1782941836.275
481	200.000	-0.051	200.001	3.076	3.653	1.328	1782941836.564
482	200.000	0.032	200.000	3.160	1.087	1.328	1782941836.871
483	200.000	-0.008	200.003	3.372	4.497	1.328	1782941837.150
484	200.000	-0.002	200.002	3.018	2.752	1.328	1782941837.407
485	200.000	0.054	199.999	3.709	0.086	1.328	1782941837.676
486	200.000	-0.013	199.998	3.162	4.111	1.328	1782941837.976
487	200.000	-0.002	199.999	3.201	2.079	1.328	1782941838.204
488	200.000	-0.027	199.995	3.719	5.892	1.328	1782941838.485
489	200.000	-0.013	200.000	3.284	3.916	1.328	1782941838.717
490	200.000	-0.043	199.999	3.122	1.946	1.328	1782941839.009
491	200.000	0.012	200.004	3.678	5.331	1.328	1782941839.295
492	200.000	0.025	200.002	3.169	3.268	1.328	1782941839.547
493	200.000	-0.004	200.000	3.384	1.008	1.328	1782941839.850
494	200.000	-0.003	199.998	3.449	4.515	1.328	1782941840.111
495	200.000	-0.001	199.999	2.965	2.612	1.328	1782941840.409
496	200.000	-0.039	200.005	3.921	0.053	1.328	1782941840.640
497	200.000	0.013	200.000	3.312	4.100	1.328	1782941840.924
498	200.000	0.049	199.998	3.028	2.059	1.328	1782941841.224
499	200.000	-0.002	199.999	3.885	5.626	1.328	1782941841.480
500	200.000	-0.006	200.006	2.966	3.365	1.328	1782941841.794
501	200.000	0.033	200.003	3.279	0.634	1.328	1782941842.122
502	200.000	-0.028	199.999	3.198	4.167	1.328	1782941842.427
503	200.000	-0.006	199.998	3.009	1.949	1.328	1782941842.710
504	200.000	0.030	200.002	3.933	5.597	1.328	1782941842.975
505	200.000	0.008	200.002	3.177	3.555	1.328	1782941843.240
506	200.000	0.014	200.001	3.141	1.132	1.328	1782941843.546
507	200.000	0.021	200.002	3.683	4.967	1.328	1782941843.784
508	200.000	0.021	200.001	3.161	3.265	1.328	1782941844.046
509	200.000	0.016	199.996	3.504	1.025	1.328	1782941844.281
510	200.000	0.072	200.005	3.735	4.905	1.328	1782941844.556
511	200.000	0.002	200.001	2.988	3.053	1.328	1782941844.813
512	200.000	-0.016	199.999	3.362	0.449	1.328	1782941845.114
513	200.000	0.054	200.001	3.580	4.475	1.328	1782941845.358
514	200.000	-0.031	199.998	3.081	2.837	1.328	1782941845.601
515	200.000	-0.010	199.998	3.883	0.312	1.328	1782941845.868
516	200.000	0.080	200.000	3.281	4.072	1.328	1782941846.196
517	200.000	-0.008	200.000	3.173	1.750	1.328	1782941846.474
518	200.000	0.013	199.998	3.948	5.398	1.328	1782941846.740
519	200.000	-0.042	200.000	2.968	3.303	1.328	1782941847.045
520	200.000	0.010	200.003	3.635	0.943	1.328	1782941847.291
521	200.000	-0.012	200.000	3.717	4.808	1.328	1782941847.548
522	200.000	0.008	200.001	3.126	3.122	1.328	1782941847.790
523	200.000	-0.057	199.997	3.712	0.884	1.328	1782941848.044
524	200.000	-0.027	199.999	3.777	4.810	1.328	1782941848.274
525	200.000	-0.015	199.999	3.191	3.237	1.328	1782941848.562
526	200.000	0.023	199.997	3.726	0.546	1.328	1782941848.829
527	200.000	-0.021	200.002	3.537	4.363	1.328	1782941849.106
528	200.000	0.034	199.997	2.933	2.456	1.328	1782941849.365
529	200.000	0.044	200.000	3.779	5.860	1.328	1782941849.673
530	200.000	-0.003	200.000	3.330	3.825	1.328	1782941849.922
531	200.000	-0.006	200.000	3.191	1.997	1.328	1782941850.157
532	200.000	0.033	199.999	3.891	5.766	1.328	1782941850.437
533	200.000	0.044	199.998	3.030	3.453	1.328	1782941850.723
534	200.000	0.026	200.000	3.394	1.480	1.328	1782941850.973
535	200.000	-0.047	199.998	3.844	5.077	1.328	1782941851.231
536	200.000	0.016	199.998	3.069	3.275	1.328	1782941851.500
537	200.000	0.072	199.998	3.403	0.808	1.328	1782941851.776
538	200.000	0.030	199.998	3.738	4.719	1.328	1782941852.054
539	200.000	-0.013	199.999	3.258	2.856	1.328	1782941852.295
540	200.000	-0.045	199.997	3.450	0.166	1.328	1782941852.621
541	200.000	-0.009	200.003	3.218	3.815	1.328	1782941852.945
542	200.000	-0.026	200.000	3.410	1.134	1.328	1782941853.223
543	200.000	0.013	200.000	3.558	4.864	1.328	1782941853.479
544	200.000	-0.013	200.003	2.843	2.755	1.328	1782941853.806
545	200.000	0.022	200.000	3.789	6.118	1.328	1782941854.105
546	200.000	0.010	200.005	3.124	3.837	1.328	1782941854.358
547	200.000	0.038	199.999	3.206	2.058	1.328	1782941854.592
548	200.000	0.012	200.002	3.971	5.861	1.328	1782941854.852
549	200.000	0.016	199.998	3.087	3.742	1.328	1782941855.147
550	200.000	0.021	200.000	3.290	1.517	1.328	1782941855.410
551	200.000	-0.024	200.003	3.923	5.289	1.328	1782941855.660
552	200.000	0.002	200.000	3.188	3.372	1.328	1782941855.933
553	200.000	0.001	200.000	3.402	0.695	1.328	1782941856.247
554	200.000	0.004	200.006	3.424	4.373	1.328	1782941856.546
555	200.000	0.012	199.998	2.983	2.015	1.328	1782941856.842
556	200.000	-0.021	199.997	3.913	5.607	1.328	1782941857.114
557	200.000	-0.037	200.000	3.259	3.502	1.328	1782941857.378
558	200.000	-0.007	200.003	3.127	1.174	1.328	1782941857.677
559	200.000	-0.030	199.998	3.953	4.904	1.328	1782941857.934
560	200.000	0.040	200.000	3.577	3.310	1.328	1782941858.198
561	200.000	-0.098	200.002	3.692	0.432	1.328	1782941858.505
562	200.000	0.023	200.000	3.329	4.194	1.328	1782941858.796
563	200.000	-0.014	200.002	3.125	1.985	1.328	1782941859.074
564	200.000	-0.052	200.004	3.878	5.465	1.328	1782941859.367
565	200.000	-0.018	200.002	3.228	3.432	1.328	1782941859.623
566	200.000	0.040	200.003	3.497	1.423	1.328	1782941859.881
567	200.000	-0.065	200.000	3.710	4.944	1.328	1782941860.188
568	200.000	-0.032	199.999	2.925	2.824	1.328	1782941860.503
569	200.000	-0.006	199.998	3.975	6.260	1.328	1782941860.740
570	200.000	-0.022	200.004	3.643	4.327	1.328	1782941860.996
571	200.000	-0.090	200.002	3.267	2.464	1.328	1782941861.213
572	200.000	-0.042	200.004	3.697	0.255	1.328	1782941861.495
573	200.000	0.014	200.000	3.559	4.250	1.328	1782941861.755
574	200.000	-0.057	199.998	2.957	2.118	1.328	1782941862.058
575	200.000	-0.047	199.996	4.077	5.891	1.328	1782941862.297
576	200.000	-0.009	199.999	3.303	3.907	1.328	1782941862.572
577	200.000	0.069	199.995	3.075	1.575	1.328	1782941862.883
578	200.000	0.015	200.000	3.991	5.093	1.328	1782941863.126
579	200.000	0.021	200.000	3.199	3.111	1.328	1782941863.444
580	200.000	0.003	200.000	3.600	0.301	1.328	1782941863.752
581	200.000	-0.041	200.002	3.264	3.999	1.328	1782941864.040
582	200.000	-0.020	199.998	3.340	2.011	1.328	1782941864.316
583	200.000	-0.039	200.002	3.824	5.337	1.328	1782941864.622
584	200.000	0.019	199.995	3.332	3.276	1.328	1782941864.888
585	200.000	-0.021	199.996	3.355	0.702	1.328	1782941865.197
586	200.000	-0.010	199.997	3.378	4.270	1.328	1782941865.491
587	200.000	-0.024	199.999	3.196	2.334	1.328	1782941865.747
588	200.000	0.055	199.995	3.927	6.118	1.328	1782941866.022
589	200.000	-0.013	200.001	3.287	3.693	1.328	1782941866.313
590	200.000	-0.009	200.000	3.109	1.278	1.328	1782941866.640
591	200.000	0.008	200.001	3.510	4.675	1.328	1782941866.945
592	200.000	-0.029	199.998	3.045	2.361	1.328	1782941867.250
593	200.000	0.006	199.998	4.014	5.883	1.328	1782941867.504
594	200.000	0.018	199.997	3.528	3.975	1.328	1782941867.749
595	200.000	-0.004	200.000	3.188	2.100	1.328	1782941868.014
596	200.000	0.005	199.997	3.809	5.495	1.328	1782941868.336
597	200.000	0.005	200.002	3.234	3.182	1.328	1782941868.644
598	200.000	0.021	199.998	3.451	0.441	1.328	1782941868.941
599	200.000	0.001	200.000	3.395	4.085	1.328	1782941869.259
600	200.000	-0.014	200.003	3.115	1.739	1.328	1782941869.571
601	200.000	0.008	199.999	3.730	5.027	1.328	1782941869.879
602	200.000	0.005	199.999	3.444	2.943	1.328	1782941870.122
603	200.000	0.023	200.003	3.702	0.779	1.328	1782941870.375
604	200.000	0.021	199.999	3.998	4.847	1.328	1782941870.626
605	200.000	-0.045	200.000	3.325	2.954	1.328	1782941870.863
606	200.000	0.047	200.001	3.691	0.581	1.328	1782941871.138
607	200.000	-0.068	199.998	3.487	4.223	1.328	1782941871.452
608	200.000	-0.070	199.999	3.118	2.019	1.328	1782941871.745
609	200.000	-0.013	199.997	4.240	5.663	1.328	1782941872.008
610	200.000	0.030	199.999	3.382	3.574	1.328	1782941872.319
611	200.000	-0.009	200.000	3.560	1.195	1.328	1782941872.579
612	200.000	0.034	199.995	3.640	4.635	1.328	1782941872.892
613	200.000	0.028	200.004	3.110	2.553	1.328	1782941873.194
614	200.000	-0.008	199.994	4.188	6.056	1.328	1782941873.425
615	200.000	0.024	199.997	3.605	4.209	1.328	1782941873.673
616	200.000	-0.073	200.001	3.294	2.310	1.328	1782941873.935
617	200.000	-0.005	200.002	4.218	6.066	1.328	1782941874.180
618	200.000	0.025	200.003	3.479	4.036	1.328	1782941874.447
619	200.000	0.000	199.999	3.387	2.218	1.328	1782941874.687
620	200.000	-0.013	199.998	4.238	5.931	1.328	1782941874.952
621	200.000	0.025	200.002	3.660	4.017	1.328	1782941875.190
622	200.000	0.023	200.000	3.300	2.080	1.328	1782941875.457
623	200.000	0.079	199.998	3.969	5.673	1.328	1782941875.705
624	200.000	-0.020	200.002	3.478	3.858	1.328	1782941875.932
625	200.000	0.020	200.000	3.239	1.751	1.328	1782941876.236
626	200.000	0.043	200.002	3.888	5.255	1.328	1782941876.546
627	200.000	-0.010	200.002	3.308	2.932	1.328	1782941876.853
628	200.000	-0.019	200.003	3.868	0.209	1.328	1782941877.133
629	200.000	0.004	200.003	3.481	4.121	1.328	1782941877.433
630	200.000	-0.050	200.001	3.275	1.525	1.328	1782941877.742
631	200.000	0.043	199.999	3.583	5.055	1.328	1782941878.053
632	200.000	-0.032	199.998	3.162	2.785	1.328	1782941878.346
633	200.000	-0.031	199.999	3.813	6.202	1.328	1782941878.659
634	200.000	0.019	200.002	3.469	3.836	1.328	1782941878.893
635	200.000	-0.024	200.000	3.401	2.012	1.328	1782941879.163
636	200.000	0.071	199.998	3.746	5.451	1.328	1782941879.463
637	200.000	0.034	200.001	3.249	3.315	1.328	1782941879.738
638	200.000	0.007	200.001	3.452	0.896	1.328	1782941880.037
639	200.000	0.036	199.996	3.619	4.526	1.328	1782941880.341
640	200.000	-0.021	199.998	3.438	2.478	1.328	1782941880.576
641	200.000	-0.031	199.999	3.924	6.137	1.328	1782941880.859
642	200.000	-0.035	199.998	3.332	3.916	1.328	1782941881.141
643	200.000	-0.025	200.000	3.219	1.881	1.328	1782941881.426
644	200.000	-0.018	200.002	3.660	5.140	1.328	1782941881.741
645	200.000	-0.013	199.997	3.240	2.960	1.328	1782941882.036
646	200.000	0.009	200.002	3.627	0.024	1.328	1782941882.351
647	200.000	-0.063	200.000	3.378	3.753	1.328	1782941882.662
648	200.000	0.042	200.000	3.387	1.215	1.328	1782941882.964
649	200.000	0.026	199.998	3.843	4.867	1.328	1782941883.207
650	200.000	0.014	200.001	3.526	3.319	1.328	1782941883.470
651	200.000	0.035	200.001	3.823	1.220	1.328	1782941883.717
652	200.000	0.047	199.997	3.852	4.774	1.328	1782941884.034
653	200.000	0.037	199.999	3.203	2.567	1.328	1782941884.354
654	200.000	0.031	200.005	4.182	5.946	1.328	1782941884.600
655	200.000	-0.024	200.001	3.533	3.930	1.328	1782941884.833
656	200.000	0.032	200.003	3.389	2.198	1.328	1782941885.088
657	200.000	0.036	200.002	4.184	5.848	1.328	1782941885.347
658	200.000	0.013	199.998	3.305	3.622	1.328	1782941885.659
659	200.000	0.033	200.006	3.373	1.054	1.328	1782941885.969
660	200.000	-0.015	200.002	3.888	4.830	1.328	1782941886.220
661	200.000	-0.003	199.998	3.438	3.227	1.328	1782941886.480
662	200.000	0.081	199.996	3.830	0.799	1.328	1782941886.782
663	200.000	-0.003	200.002	3.705	4.514	1.328	1782941887.023
664	200.000	-0.021	200.005	3.414	2.793	1.328	1782941887.267
665	200.000	-0.002	200.003	4.042	0.021	1.328	1782941887.525
666	200.000	-0.025	199.993	3.681	4.248	1.328	1782941887.770
667	200.000	0.002	199.998	3.465	2.475	1.328	1782941888.027
668	200.000	-0.023	199.997	4.116	6.251	1.328	1782941888.275
669	200.000	0.021	200.001	3.296	3.895	1.328	1782941888.614
670	200.000	0.002	200.002	3.399	1.502	1.328	1782941888.921
671	200.000	-0.005	199.999	3.564	4.816	1.328	1782941889.234
672	200.000	0.020	199.999	3.451	2.693	1.328	1782941889.490
673	200.000	0.031	200.000	3.756	6.201	1.328	1782941889.819
674	200.000	-0.024	200.000	3.382	3.699	1.328	1782941890.127
675	200.000	0.009	199.997	3.544	1.149	1.328	1782941890.407
676	200.000	-0.017	200.001	4.095	4.963	1.328	1782941890.672
677	200.000	0.035	199.997	3.486	3.169	1.328	1782941890.913
678	200.000	-0.024	199.999	3.880	1.003	1.328	1782941891.152
679	200.000	0.012	199.997	3.849	4.958	1.328	1782941891.424
680	200.000	-0.019	200.002	3.292	2.943	1.328	1782941891.743
681	200.000	0.023	200.003	3.715	6.125	1.328	1782941892.069
682	200.000	0.004	200.002	3.447	3.639	1.328	1782941892.309
683	200.000	0.012	199.998	3.368	1.972	1.328	1782941892.569
684	200.000	0.010	200.003	4.315	5.598	1.328	1782941892.828
685	200.000	-0.019	199.993	3.241	3.500	1.328	1782941893.173
686	200.000	-0.009	200.004	3.597	0.489	1.328	1782941893.478
687	200.000	-0.002	200.001	3.752	4.274	1.328	1782941893.723
688	200.000	-0.023	200.005	3.566	2.475	1.328	1782941893.967
689	200.000	-0.012	200.002	4.244	0.083	1.328	1782941894.210
690	200.000	-0.007	200.001	3.654	4.312	1.328	1782941894.483
691	200.000	-0.049	200.001	3.183	2.131	1.328	1782941894.799
692	200.000	0.004	199.999	3.860	5.276	1.328	1782941895.099
693	200.000	-0.005	200.001	3.312	3.438	1.328	1782941895.352
694	200.000	-0.065	199.997	3.813	0.701	1.328	1782941895.657
695	200.000	-0.009	199.995	3.453	4.368	1.328	1782941895.971
696	200.000	-0.003	199.996	3.198	2.007	1.328	1782941896.284
697	200.000	0.007	200.000	3.709	5.207	1.328	1782941896.619
698	200.000	0.037	199.998	3.300	2.941	1.328	1782941896.894
699	200.000	-0.043	200.001	4.072	0.510	1.328	1782941897.155
700	200.000	0.033	200.002	3.698	4.448	1.328	1782941897.407
701	200.000	0.004	200.005	3.378	2.340	1.328	1782941897.735
702	200.000	-0.025	200.002	3.901	5.732	1.328	1782941898.048
703	200.000	0.034	199.997	3.292	3.331	1.328	1782941898.369
704	200.000	0.020	200.002	3.711	0.340	1.328	1782941898.674
705	200.000	-0.027	200.000	3.628	4.201	1.328	1782941898.937
706	200.000	-0.012	199.999	3.377	2.209	1.328	1782941899.251
707	200.000	0.006	199.998	3.875	5.384	1.328	1782941899.564
708	200.000	-0.016	200.001	3.290	3.098	1.328	1782941899.813
709	200.000	0.000	199.999	3.886	1.145	1.328	1782941900.063
710	200.000	-0.031	200.001	4.041	4.999	1.328	1782941900.316
711	200.000	-0.024	200.002	3.316	3.073	1.328	1782941900.620
712	200.000	0.005	200.001	3.877	0.201	1.328	1782941900.915
713	200.000	-0.009	200.000	3.526	4.002	1.328	1782941901.169
714	200.000	0.065	199.998	3.269	2.056	1.328	1782941901.455
715	200.000	0.008	199.996	4.327	5.715	1.328	1782941901.704
716	200.000	0.022	199.997	3.378	3.718	1.328	1782941901.968
717	200.000	-0.019	200.002	3.486	1.534	1.328	1782941902.277
718	200.000	-0.006	199.999	3.855	4.896	1.328	1782941902.598
719	200.000	0.014	200.002	3.207	2.552	1.328	1782941902.912
720	200.000	0.000	199.999	4.228	5.977	1.328	1782941903.196
721	200.000	0.024	200.002	3.450	3.779	1.328	1782941903.450
722	200.000	-0.007	199.999	3.271	1.421	1.328	1782941903.768
723	200.000	-0.003	200.001	4.061	5.157	1.328	1782941904.042
724	200.000	-0.006	200.003	3.379	3.134	1.328	1782941904.323
725	200.000	-0.002	200.000	4.042	0.809	1.328	1782941904.567
726	200.000	-0.007	199.998	3.922	4.620	1.328	1782941904.827
727	200.000	0.031	199.999	3.376	2.955	1.328	1782941905.062
728	200.000	-0.021	199.997	3.804	0.499	1.328	1782941905.347
729	200.000	0.039	200.001	3.434	4.060	1.328	1782941905.645
730	200.000	-0.011	199.999	3.592	2.120	1.328	1782941905.908
731	200.000	0.028	200.000	4.063	5.558	1.328	1782941906.228
732	200.000	0.007	200.005	3.309	3.324	1.328	1782941906.543
733	200.000	-0.010	200.000	4.201	0.730	1.328	1782941906.821
734	200.000	-0.001	200.002	4.881	5.968	1.328	1782941907.087
735	200.000	0.030	199.999	4.792	5.436	1.328	1782941907.366
736	200.000	-0.018	200.002	4.812	5.460	1.328	1782941907.643
737	200.000	0.061	199.997	4.809	5.480	1.328	1782941907.875
738	200.000	0.014	200.000	4.749	5.460	1.328	1782941908.141
739	200.000	0.020	200.002	4.747	5.406	1.328	1782941908.393
740	200.000	-0.014	199.998	4.731	5.430	1.328	1782941908.708
741	200.000	-0.046	199.997	4.763	5.440	1.328	1782941909.028
742	200.000	-0.027	199.999	4.730	5.381	1.328	1782941909.322
743	200.000	0.019	200.000	4.715	5.396	1.328	1782941909.573
744	200.000	0.019	199.994	4.619	5.433	1.328	1782941909.853
745	200.000	0.012	199.997	4.726	5.444	1.328	1782941910.142
746	200.000	-0.008	200.002	4.763	5.391	1.328	1782941910.474
