Point No.	Frequency Set (GHz)	THz Photocurrent (nA)	Frequency Act (GHz)	Amplitude (via StrMod)	Phase (via StrMod)	Frequency Fit	Timestamp (s)
1	200.000	-0.001	200.003	0.340	2.691	1.328	1783012345.496
2	200.000	-0.075	200.004	0.075	0.677	1.328	1783012345.769
3	200.000	0.003	199.998	0.535	4.072	1.328	1783012346.038
4	200.000	-0.003	199.997	0.421	2.944	1.328	1783012346.297
5	200.000	0.011	199.999	0.337	3.804	1.328	1783012346.559
6	200.000	-0.075	200.001	0.244	2.702	1.328	1783012346.813
7	200.000	0.018	199.999	0.067	2.911	1.328	1783012347.052
8	200.000	0.014	200.007	0.275	3.421	1.328	1783012347.300
9	200.000	0.016	199.997	0.238	2.601	1.328	1783012347.563
10	200.000	0.026	200.003	0.114	2.177	1.328	1783012347.796
11	200.000	-0.033	200.000	0.251	2.525	1.328	1783012348.037
12	200.000	0.029	199.998	0.240	2.570	1.328	1783012348.300
13	200.000	-0.022	199.998	0.365	3.764	1.328	1783012348.550
14	200.000	0.001	199.998	0.400	2.773	1.328	1783012348.812
15	200.000	0.008	199.998	0.382	3.665	1.328	1783012349.066
16	200.000	-0.020	199.999	0.419	2.817	1.328	1783012349.297
17	200.000	0.011	200.002	0.217	2.646	1.328	1783012349.550
18	200.000	-0.004	200.001	0.431	3.027	1.328	1783012349.797
19	200.000	0.052	199.997	0.385	2.847	1.328	1783012350.060
20	200.000	-0.028	200.004	0.573	3.881	1.328	1783012350.288
21	200.000	-0.016	200.007	0.511	0.843	1.328	1783012350.554
22	200.000	-0.031	200.001	2.260	1.533	1.328	1783012350.808
23	200.000	0.004	199.999	2.358	1.424	1.328	1783012351.052
24	200.000	0.048	199.999	2.222	1.426	1.328	1783012351.300
25	200.000	-0.011	199.998	2.322	1.482	1.328	1783012351.548
26	200.000	0.013	199.998	2.192	1.556	1.328	1783012351.792
27	200.000	0.029	200.001	2.238	1.620	1.328	1783012352.047
28	200.000	-0.004	199.997	2.225	1.575	1.328	1783012352.294
29	200.000	-0.007	200.002	2.162	1.546	1.328	1783012352.547
30	200.000	0.050	200.000	2.375	1.472	1.328	1783012352.790
31	200.000	-0.060	200.004	1.874	0.415	1.328	1783012353.051
32	200.000	0.006	199.999	2.007	5.545	1.328	1783012353.279
33	200.000	-0.032	199.999	2.504	4.473	1.328	1783012353.554
34	200.000	0.018	199.999	2.893	3.444	1.328	1783012353.777
35	200.000	0.005	199.999	2.661	2.486	1.328	1783012354.050
36	200.000	0.005	200.002	2.207	1.361	1.328	1783012354.286
37	200.000	-0.025	200.003	1.747	0.196	1.328	1783012354.551
38	200.000	-0.032	199.995	2.050	5.328	1.328	1783012354.804
39	200.000	0.029	200.003	2.582	4.190	1.328	1783012355.069
40	200.000	-0.038	199.998	2.866	3.122	1.328	1783012355.323
41	200.000	-0.011	199.999	2.618	2.110	1.328	1783012355.556
42	200.000	0.028	199.999	2.015	1.099	1.328	1783012355.806
43	200.000	0.021	199.996	1.856	0.005	1.328	1783012356.053
44	200.000	0.038	199.996	2.167	5.345	1.328	1783012356.312
45	200.000	0.049	199.999	2.741	4.114	1.328	1783012356.535
46	200.000	0.037	200.000	2.946	3.209	1.328	1783012356.813
47	200.000	0.002	200.000	2.575	1.960	1.328	1783012357.052
48	200.000	0.025	200.000	2.002	1.079	1.328	1783012357.314
49	200.000	0.036	199.998	1.982	0.033	1.328	1783012357.549
50	200.000	-0.000	200.002	2.143	5.251	1.328	1783012357.783
51	200.000	0.026	200.002	2.666	4.266	1.328	1783012358.051
52	200.000	0.017	199.999	2.966	3.104	1.328	1783012358.306
53	200.000	-0.012	200.001	2.439	1.842	1.328	1783012358.618
54	200.000	0.032	200.001	2.026	0.754	1.328	1783012358.852
55	200.000	-0.015	199.999	1.961	5.911	1.328	1783012359.110
56	200.000	-0.078	200.004	2.231	4.736	1.328	1783012359.360
57	200.000	-0.003	199.998	2.902	3.798	1.328	1783012359.608
58	200.000	0.041	200.003	2.812	2.742	1.328	1783012359.868
59	200.000	0.009	200.001	2.246	1.675	1.328	1783012360.150
60	200.000	-0.022	200.001	1.903	0.277	1.328	1783012360.438
61	200.000	-0.020	199.999	2.081	5.599	1.328	1783012360.680
62	200.000	0.060	200.007	2.672	4.372	1.328	1783012360.928
63	200.000	-0.015	200.001	2.850	3.325	1.328	1783012361.189
64	200.000	-0.041	200.002	2.737	2.357	1.328	1783012361.419
65	200.000	-0.034	199.996	2.196	1.285	1.328	1783012361.684
66	200.000	-0.047	200.001	1.897	0.174	1.328	1783012361.932
67	200.000	0.023	200.002	2.149	5.289	1.328	1783012362.168
68	200.000	0.078	200.000	2.581	4.302	1.328	1783012362.436
69	200.000	-0.040	200.001	2.868	3.263	1.328	1783012362.658
70	200.000	-0.016	200.003	2.546	2.332	1.328	1783012362.920
71	200.000	-0.018	200.004	2.045	1.158	1.328	1783012363.168
72	200.000	-0.059	200.001	1.866	0.089	1.328	1783012363.435
73	200.000	-0.014	200.000	2.040	5.179	1.328	1783012363.687
74	200.000	-0.032	199.999	2.631	4.165	1.328	1783012363.912
75	200.000	-0.019	200.002	2.959	3.107	1.328	1783012364.175
76	200.000	0.024	200.002	2.475	2.078	1.328	1783012364.450
77	200.000	0.010	200.003	2.027	0.954	1.328	1783012364.679
78	200.000	0.038	199.997	1.851	6.104	1.328	1783012364.926
79	200.000	0.012	199.999	2.219	5.012	1.328	1783012365.181
80	200.000	-0.025	200.002	2.902	3.927	1.328	1783012365.435
81	200.000	-0.020	200.001	2.951	2.961	1.328	1783012365.674
82	200.000	-0.023	199.998	2.486	2.049	1.328	1783012365.929
83	200.000	0.013	200.003	1.887	0.968	1.328	1783012366.183
84	200.000	-0.017	199.996	1.817	6.113	1.328	1783012366.434
85	200.000	-0.047	200.000	2.369	5.020	1.328	1783012366.653
86	200.000	0.065	199.996	2.995	4.104	1.328	1783012366.928
87	200.000	-0.040	199.999	2.833	2.985	1.328	1783012367.175
88	200.000	-0.062	200.000	2.342	2.049	1.328	1783012367.435
89	200.000	0.018	199.998	1.907	0.872	1.328	1783012367.690
90	200.000	-0.001	200.002	1.890	6.040	1.328	1783012367.931
91	200.000	0.036	199.999	2.180	4.870	1.328	1783012368.181
92	200.000	-0.072	200.002	2.716	3.904	1.328	1783012368.407
93	200.000	-0.020	200.002	2.915	2.921	1.328	1783012368.686
94	200.000	0.010	200.001	2.400	1.793	1.328	1783012368.906
95	200.000	-0.068	200.000	1.918	0.922	1.328	1783012369.175
96	200.000	0.027	200.006	1.925	6.014	1.328	1783012369.425
97	200.000	-0.024	200.003	2.237	4.885	1.328	1783012369.676
98	200.000	-0.057	200.004	2.931	3.853	1.328	1783012369.930
99	200.000	-0.031	200.002	3.039	2.815	1.328	1783012370.172
100	200.000	-0.030	200.000	2.362	1.762	1.328	1783012370.422
101	200.000	0.037	199.998	2.028	0.785	1.328	1783012370.669
102	200.000	-0.059	199.997	1.962	5.910	1.328	1783012370.933
103	200.000	-0.020	199.997	2.509	4.892	1.328	1783012371.162
104	200.000	0.013	200.003	2.848	3.769	1.328	1783012371.426
105	200.000	-0.020	200.002	2.953	2.702	1.328	1783012371.678
106	200.000	-0.019	199.999	2.241	1.726	1.328	1783012371.928
107	200.000	0.044	200.001	1.964	0.645	1.328	1783012372.176
108	200.000	-0.025	200.000	1.955	5.718	1.328	1783012372.422
109	200.000	0.055	200.000	2.237	4.612	1.328	1783012372.677
110	200.000	-0.009	200.002	2.984	3.616	1.328	1783012372.922
111	200.000	0.068	199.999	2.668	2.677	1.328	1783012373.194
112	200.000	0.002	199.998	2.347	1.608	1.328	1783012373.418
113	200.000	0.042	199.998	1.938	0.522	1.328	1783012373.685
114	200.000	0.047	200.003	1.895	5.567	1.328	1783012373.934
115	200.000	-0.094	200.000	2.452	4.574	1.328	1783012374.158
116	200.000	0.066	200.001	3.008	3.590	1.328	1783012374.415
117	200.000	0.011	199.999	3.036	2.501	1.328	1783012374.668
118	200.000	-0.018	200.005	2.205	1.539	1.328	1783012374.943
119	200.000	-0.034	200.001	2.040	0.343	1.328	1783012375.174
120	200.000	0.034	200.000	2.005	5.582	1.328	1783012375.431
121	200.000	0.019	199.999	2.628	4.430	1.328	1783012375.681
122	200.000	0.011	199.997	3.034	3.513	1.328	1783012375.914
123	200.000	-0.033	200.004	2.818	2.520	1.328	1783012376.172
124	200.000	0.025	200.001	2.262	1.487	1.328	1783012376.441
125	200.000	-0.003	200.000	1.961	0.249	1.328	1783012376.678
126	200.000	0.005	200.000	2.039	5.568	1.328	1783012376.906
127	200.000	-0.022	199.998	2.460	4.626	1.328	1783012377.186
128	200.000	-0.017	200.003	2.846	3.416	1.328	1783012377.410
129	200.000	-0.009	199.997	2.811	2.540	1.328	1783012377.678
130	200.000	-0.049	200.000	1.834	1.471	1.328	1783012377.930
131	200.000	0.068	200.004	1.751	0.230	1.328	1783012378.147
132	200.000	-0.027	200.000	2.088	5.497	1.328	1783012378.437
133	200.000	0.073	199.998	2.784	4.420	1.328	1783012378.662
134	200.000	0.003	200.005	2.813	3.274	1.328	1783012378.935
135	200.000	0.083	199.999	2.714	2.377	1.328	1783012379.165
136	200.000	0.059	199.999	2.073	1.508	1.328	1783012379.436
137	200.000	0.029	200.003	1.998	0.350	1.328	1783012379.671
138	200.000	0.009	200.003	2.092	5.431	1.328	1783012379.934
139	200.000	-0.024	200.001	2.643	4.377	1.328	1783012380.179
140	200.000	-0.012	199.999	3.108	3.361	1.328	1783012380.412
141	200.000	0.013	200.003	2.659	2.316	1.328	1783012380.687
142	200.000	0.005	199.997	2.516	1.280	1.328	1783012380.901
143	200.000	-0.029	200.002	1.804	0.239	1.328	1783012381.168
144	200.000	0.012	200.001	2.167	5.263	1.328	1783012381.418
145	200.000	-0.010	200.002	2.524	4.298	1.328	1783012381.685
146	200.000	0.009	199.997	2.947	3.191	1.328	1783012381.932
147	200.000	0.059	200.002	3.014	2.175	1.328	1783012382.164
148	200.000	-0.068	200.001	2.257	1.243	1.328	1783012382.435
149	200.000	0.018	199.998	1.867	0.079	1.328	1783012382.668
150	200.000	-0.009	199.998	2.351	5.286	1.328	1783012382.920
151	200.000	-0.059	199.997	2.612	4.168	1.328	1783012383.164
152	200.000	0.017	200.000	2.961	3.214	1.328	1783012383.432
153	200.000	-0.013	200.001	2.436	2.137	1.328	1783012383.687
154	200.000	-0.005	200.000	2.085	1.030	1.328	1783012383.924
155	200.000	0.002	200.002	1.952	6.177	1.328	1783012384.174
156	200.000	0.027	200.002	2.183	5.160	1.328	1783012384.443
157	200.000	0.019	200.002	2.785	4.079	1.328	1783012384.679
158	200.000	0.024	200.001	2.839	3.050	1.328	1783012384.909
159	200.000	-0.032	199.999	2.448	2.201	1.328	1783012385.177
160	200.000	0.038	199.999	2.045	1.040	1.328	1783012385.425
161	200.000	0.016	199.999	1.964	6.170	1.328	1783012385.692
162	200.000	-0.051	199.995	2.415	5.046	1.328	1783012385.931
163	200.000	-0.010	200.000	2.832	3.966	1.328	1783012386.170
164	200.000	0.014	199.996	2.793	2.926	1.328	1783012386.420
165	200.000	0.035	199.999	2.373	2.034	1.328	1783012386.682
166	200.000	-0.035	200.000	2.154	0.932	1.328	1783012386.924
167	200.000	-0.012	199.996	1.968	6.092	1.328	1783012387.155
168	200.000	-0.014	200.005	2.197	5.084	1.328	1783012387.422
169	200.000	-0.067	200.000	2.874	3.862	1.328	1783012387.660
170	200.000	-0.018	200.000	2.907	2.979	1.328	1783012387.943
171	200.000	0.031	200.001	2.395	1.852	1.328	1783012388.175
172	200.000	0.096	199.999	1.783	0.708	1.328	1783012388.417
173	200.000	-0.013	199.999	2.000	6.080	1.328	1783012388.673
174	200.000	0.004	199.998	2.379	4.846	1.328	1783012388.925
175	200.000	-0.001	199.999	2.891	3.886	1.328	1783012389.177
176	200.000	-0.013	200.001	2.934	2.860	1.328	1783012389.406
177	200.000	-0.012	200.004	2.492	1.890	1.328	1783012389.678
178	200.000	-0.029	199.999	2.066	0.810	1.328	1783012389.925
179	200.000	-0.010	200.003	2.051	5.979	1.328	1783012390.165
180	200.000	-0.011	199.998	2.433	4.926	1.328	1783012390.423
181	200.000	0.012	200.001	3.061	3.959	1.328	1783012390.670
182	200.000	0.015	199.999	2.954	3.019	1.328	1783012390.927
183	200.000	0.071	199.997	2.471	1.865	1.328	1783012391.164
184	200.000	-0.016	200.000	1.966	0.738	1.328	1783012391.441
185	200.000	0.028	200.003	2.185	5.787	1.328	1783012391.674
186	200.000	0.022	200.004	2.427	4.781	1.328	1783012391.932
187	200.000	0.008	199.999	2.855	3.745	1.328	1783012392.181
188	200.000	0.021	200.000	2.905	2.768	1.328	1783012392.416
189	200.000	-0.016	199.998	2.432	1.783	1.328	1783012392.678
190	200.000	0.148	200.001	2.382	0.741	1.328	1783012392.905
191	200.000	0.039	199.996	2.015	5.993	1.328	1783012393.194
192	200.000	0.018	200.000	2.450	4.734	1.328	1783012393.427
193	200.000	0.029	199.995	2.923	3.621	1.328	1783012393.671
194	200.000	0.008	199.998	2.687	2.658	1.328	1783012393.922
195	200.000	-0.023	199.999	2.412	1.615	1.328	1783012394.151
196	200.000	0.019	200.000	2.086	0.600	1.328	1783012394.426
197	200.000	-0.067	200.001	1.951	5.807	1.328	1783012394.657
198	200.000	-0.030	199.999	2.524	4.728	1.328	1783012394.933
199	200.000	0.035	200.001	2.919	3.703	1.328	1783012395.157
200	200.000	-0.021	199.998	2.854	2.668	1.328	1783012395.425
201	200.000	-0.022	199.998	2.242	1.583	1.328	1783012395.680
202	200.000	-0.000	200.004	2.079	0.534	1.328	1783012395.918
203	200.000	0.014	199.999	2.158	5.667	1.328	1783012396.169
204	200.000	0.058	199.997	2.464	4.565	1.328	1783012396.425
205	200.000	-0.064	200.001	2.921	3.483	1.328	1783012396.689
206	200.000	0.019	200.005	2.798	2.403	1.328	1783012396.910
207	200.000	0.005	199.999	2.410	1.620	1.328	1783012397.171
208	200.000	-0.016	200.004	1.921	0.392	1.328	1783012397.408
209	200.000	0.004	200.005	1.970	5.685	1.328	1783012397.685
210	200.000	-0.027	200.000	2.557	4.487	1.328	1783012397.929
211	200.000	0.055	200.001	3.056	3.478	1.328	1783012398.167
212	200.000	0.038	200.002	2.693	2.420	1.328	1783012398.443
213	200.000	-0.059	199.995	2.317	1.265	1.328	1783012398.730
214	200.000	0.017	200.002	1.960	0.030	1.328	1783012399.007
215	200.000	0.002	200.003	2.181	5.186	1.328	1783012399.281
216	200.000	-0.048	200.000	2.816	4.032	1.328	1783012399.505
217	200.000	0.060	199.999	3.089	3.064	1.328	1783012399.774
218	200.000	0.032	200.002	2.556	1.952	1.328	1783012400.049
219	200.000	0.005	200.000	2.143	0.853	1.328	1783012400.329
220	200.000	0.058	199.998	2.070	5.921	1.328	1783012400.560
221	200.000	0.037	200.000	2.436	4.830	1.328	1783012400.843
222	200.000	0.027	200.007	2.999	3.660	1.328	1783012401.097
223	200.000	-0.041	199.998	3.000	2.644	1.328	1783012401.354
224	200.000	0.010	200.000	2.383	1.736	1.328	1783012401.592
225	200.000	-0.045	199.998	2.026	0.617	1.328	1783012401.866
226	200.000	-0.002	199.998	2.127	5.717	1.328	1783012402.116
227	200.000	0.001	200.003	2.364	4.661	1.328	1783012402.352
228	200.000	-0.038	199.999	3.029	3.623	1.328	1783012402.609
229	200.000	0.036	199.998	2.810	2.590	1.328	1783012402.832
230	200.000	0.022	199.999	2.336	1.615	1.328	1783012403.098
231	200.000	-0.014	200.003	2.060	0.583	1.328	1783012403.349
232	200.000	-0.079	200.000	2.135	5.706	1.328	1783012403.634
233	200.000	-0.005	200.004	2.512	4.482	1.328	1783012403.893
234	200.000	-0.044	199.997	3.010	3.389	1.328	1783012404.168
235	200.000	-0.071	200.003	2.876	2.309	1.328	1783012404.389
236	200.000	-0.055	199.996	2.352	1.376	1.328	1783012404.651
237	200.000	-0.018	199.999	1.862	0.159	1.328	1783012404.898
238	200.000	0.008	199.997	2.240	5.316	1.328	1783012405.160
239	200.000	0.019	200.002	2.466	4.288	1.328	1783012405.406
240	200.000	-0.023	199.998	3.016	3.295	1.328	1783012405.657
241	200.000	-0.036	200.000	2.643	2.270	1.328	1783012405.907
242	200.000	0.058	199.998	2.135	1.161	1.328	1783012406.178
243	200.000	0.010	200.000	2.014	0.055	1.328	1783012406.430
244	200.000	0.005	200.002	2.136	5.289	1.328	1783012406.700
245	200.000	0.027	200.002	2.794	4.207	1.328	1783012406.929
246	200.000	-0.017	200.000	3.054	3.133	1.328	1783012407.178
247	200.000	-0.028	199.997	2.647	2.204	1.328	1783012407.434
248	200.000	-0.043	199.998	2.014	1.172	1.328	1783012407.664
249	200.000	-0.004	200.000	1.982	0.042	1.328	1783012407.928
250	200.000	-0.011	199.999	2.251	5.211	1.328	1783012408.169
251	200.000	0.006	199.999	2.747	4.071	1.328	1783012408.438
252	200.000	-0.017	200.000	3.160	3.117	1.328	1783012408.675
253	200.000	0.037	200.002	2.676	2.150	1.328	1783012408.929
254	200.000	-0.018	200.001	2.155	0.980	1.328	1783012409.178
255	200.000	0.037	200.005	2.062	6.188	1.328	1783012409.413
256	200.000	-0.035	200.000	2.277	5.188	1.328	1783012409.674
257	200.000	0.022	200.002	2.893	4.078	1.328	1783012409.928
258	200.000	0.014	200.000	3.100	3.143	1.328	1783012410.176
259	200.000	-0.034	200.001	2.657	1.975	1.328	1783012410.430
260	200.000	0.020	200.002	2.757	1.135	1.328	1783012410.666
261	200.000	-0.067	199.996	2.210	0.081	1.328	1783012410.936
262	200.000	0.011	199.999	2.314	5.226	1.328	1783012411.161
263	200.000	-0.034	199.999	2.441	3.987	1.328	1783012411.436
264	200.000	-0.012	199.997	3.046	3.103	1.328	1783012411.673
265	200.000	-0.004	199.998	2.570	2.009	1.328	1783012411.939
266	200.000	0.012	200.000	2.310	0.982	1.328	1783012412.165
267	200.000	-0.027	200.000	2.073	6.150	1.328	1783012412.432
268	200.000	-0.003	199.999	2.095	5.099	1.328	1783012412.681
269	200.000	-0.023	199.998	2.956	3.992	1.328	1783012412.907
270	200.000	0.040	199.999	3.134	2.925	1.328	1783012413.177
271	200.000	-0.019	200.001	3.093	1.960	1.328	1783012413.402
272	200.000	0.036	199.999	2.311	0.975	1.328	1783012413.680
273	200.000	-0.049	200.001	1.930	6.098	1.328	1783012413.936
274	200.000	-0.008	199.999	3.172	4.892	1.328	1783012414.184
275	200.000	-0.014	200.001	3.050	3.856	1.328	1783012414.433
276	200.000	-0.027	200.002	3.099	2.871	1.328	1783012414.697
277	200.000	0.015	199.999	2.535	1.850	1.328	1783012414.933
278	200.000	0.048	199.997	2.007	0.795	1.328	1783012415.161
279	200.000	0.069	199.998	1.993	5.995	1.328	1783012415.419
280	200.000	0.003	200.002	2.278	4.960	1.328	1783012415.668
281	200.000	-0.027	200.001	2.937	3.796	1.328	1783012415.941
282	200.000	-0.046	200.002	3.044	2.732	1.328	1783012416.193
283	200.000	-0.020	199.999	2.479	1.679	1.328	1783012416.434
284	200.000	0.013	200.003	2.229	0.759	1.328	1783012416.680
285	200.000	-0.059	199.997	2.006	5.773	1.328	1783012416.903
286	200.000	-0.007	200.002	2.297	4.920	1.328	1783012417.182
287	200.000	-0.018	199.999	3.127	3.720	1.328	1783012417.408
288	200.000	0.013	200.002	3.029	2.742	1.328	1783012417.659
289	200.000	0.006	200.001	2.473	1.686	1.328	1783012417.934
290	200.000	-0.034	200.002	2.112	0.609	1.328	1783012418.177
291	200.000	0.009	200.003	2.178	5.803	1.328	1783012418.416
292	200.000	0.001	200.001	2.440	4.685	1.328	1783012418.676
293	200.000	-0.027	199.999	3.044	3.589	1.328	1783012418.929
294	200.000	0.075	200.000	3.087	2.592	1.328	1783012419.180
295	200.000	-0.003	200.000	2.394	1.655	1.328	1783012419.435
296	200.000	-0.010	200.004	2.000	0.544	1.328	1783012419.664
297	200.000	-0.028	199.998	2.047	5.828	1.328	1783012419.921
298	200.000	-0.048	200.002	2.440	4.645	1.328	1783012420.184
299	200.000	-0.075	199.996	3.023	3.663	1.328	1783012420.426
300	200.000	0.033	200.002	3.081	2.580	1.328	1783012420.681
301	200.000	-0.034	200.000	2.567	1.662	1.328	1783012420.915
302	200.000	0.015	200.000	2.056	0.562	1.328	1783012421.188
303	200.000	-0.043	200.002	2.104	5.671	1.328	1783012421.416
304	200.000	0.010	199.998	2.902	4.613	1.328	1783012421.682
305	200.000	0.001	200.001	3.149	3.490	1.328	1783012421.913
306	200.000	-0.029	199.996	2.911	2.567	1.328	1783012422.182
307	200.000	-0.009	200.000	2.510	1.440	1.328	1783012422.438
308	200.000	-0.012	199.998	2.120	0.294	1.328	1783012422.685
309	200.000	-0.062	200.001	2.166	5.563	1.328	1783012422.909
310	200.000	-0.046	200.002	2.499	4.532	1.328	1783012423.160
311	200.000	-0.044	200.002	2.968	3.441	1.328	1783012423.435
312	200.000	-0.059	200.001	2.957	2.438	1.328	1783012423.651
313	200.000	0.032	199.999	2.405	1.462	1.328	1783012423.922
314	200.000	0.038	200.000	2.021	0.326	1.328	1783012424.171
315	200.000	-0.007	200.002	2.226	5.414	1.328	1783012424.450
316	200.000	0.010	200.005	2.817	4.196	1.328	1783012424.733
317	200.000	-0.051	200.001	2.982	3.054	1.328	1783012424.983
318	200.000	-0.028	199.999	2.789	2.050	1.328	1783012425.238
319	200.000	0.017	199.999	2.239	1.011	1.328	1783012425.478
320	200.000	-0.046	200.007	2.042	6.068	1.328	1783012425.744
321	200.000	-0.099	200.001	2.459	5.080	1.328	1783012425.983
322	200.000	0.006	199.995	2.708	4.050	1.328	1783012426.239
323	200.000	-0.008	200.001	3.141	3.051	1.328	1783012426.465
324	200.000	-0.043	199.998	2.472	2.044	1.328	1783012426.738
325	200.000	0.025	200.000	2.401	0.964	1.328	1783012426.991
326	200.000	-0.004	199.997	2.039	6.096	1.328	1783012427.240
327	200.000	-0.037	199.999	2.303	5.032	1.328	1783012427.496
328	200.000	0.007	200.001	3.018	3.897	1.328	1783012427.761
329	200.000	-0.013	199.999	3.120	2.778	1.328	1783012428.010
330	200.000	-0.017	200.001	2.522	1.790	1.328	1783012428.280
331	200.000	0.007	199.999	2.313	0.722	1.328	1783012428.531
332	200.000	0.033	200.000	2.307	5.907	1.328	1783012428.800
333	200.000	0.020	199.995	2.976	4.606	1.328	1783012429.053
334	200.000	0.010	200.006	3.093	3.549	1.328	1783012429.329
335	200.000	-0.002	199.999	3.035	2.554	1.328	1783012429.568
336	200.000	0.009	200.001	2.265	1.512	1.328	1783012429.829
337	200.000	0.043	200.002	2.228	0.433	1.328	1783012430.064
338	200.000	-0.049	199.998	2.216	5.626	1.328	1783012430.311
339	200.000	0.055	200.001	2.574	4.655	1.328	1783012430.583
340	200.000	-0.039	199.996	3.122	3.530	1.328	1783012430.805
341	200.000	-0.013	200.001	2.822	2.592	1.328	1783012431.074
342	200.000	0.007	200.004	2.479	1.478	1.328	1783012431.325
343	200.000	-0.018	200.004	2.170	0.414	1.328	1783012431.562
344	200.000	-0.022	199.998	2.296	5.532	1.328	1783012431.836
345	200.000	0.033	199.999	2.678	4.471	1.328	1783012432.080
346	200.000	-0.016	199.996	3.161	3.384	1.328	1783012432.330
347	200.000	-0.039	200.001	2.912	2.367	1.328	1783012432.567
348	200.000	-0.022	199.997	2.440	1.348	1.328	1783012432.820
349	200.000	0.022	199.997	2.188	0.282	1.328	1783012433.036
350	200.000	0.006	200.001	2.241	5.571	1.328	1783012433.329
351	200.000	0.005	200.000	2.821	4.365	1.328	1783012433.572
352	200.000	-0.020	200.000	3.154	3.375	1.328	1783012433.820
353	200.000	0.020	200.000	2.911	2.339	1.328	1783012434.070
354	200.000	0.002	200.003	2.336	1.376	1.328	1783012434.297
355	200.000	-0.032	199.996	2.230	0.250	1.328	1783012434.576
356	200.000	0.044	200.001	2.195	5.573	1.328	1783012434.799
357	200.000	-0.031	200.000	2.509	4.442	1.328	1783012435.067
358	200.000	0.039	200.000	3.168	3.119	1.328	1783012435.313
359	200.000	0.064	199.995	3.304	2.223	1.328	1783012435.576
360	200.000	0.048	199.999	2.348	1.282	1.328	1783012435.827
361	200.000	0.058	200.001	2.254	0.263	1.328	1783012436.061
362	200.000	-0.001	199.999	2.263	5.397	1.328	1783012436.303
363	200.000	0.003	200.003	2.660	4.338	1.328	1783012436.561
364	200.000	-0.029	200.000	3.198	3.289	1.328	1783012436.820
365	200.000	0.018	200.001	2.907	2.278	1.328	1783012437.045
366	200.000	-0.014	200.001	2.414	1.302	1.328	1783012437.312
367	200.000	0.021	200.004	2.040	0.123	1.328	1783012437.563
368	200.000	0.021	199.999	2.319	5.275	1.328	1783012437.826
369	200.000	-0.001	200.001	2.796	4.237	1.328	1783012438.067
370	200.000	-0.010	200.002	3.156	3.202	1.328	1783012438.283
371	200.000	-0.010	200.001	2.899	2.341	1.328	1783012438.562
372	200.000	0.010	200.000	2.277	1.206	1.328	1783012438.826
373	200.000	0.082	200.001	2.053	6.275	1.328	1783012439.083
374	200.000	0.003	200.004	2.493	5.214	1.328	1783012439.335
375	200.000	0.019	199.997	2.839	4.173	1.328	1783012439.600
376	200.000	0.028	200.000	3.155	2.975	1.328	1783012439.849
377	200.000	-0.040	199.999	3.342	1.791	1.328	1783012440.133
378	200.000	0.005	200.000	2.529	0.717	1.328	1783012440.362
379	200.000	0.014	199.999	2.208	6.043	1.328	1783012440.617
380	200.000	-0.082	200.000	2.509	5.047	1.328	1783012440.866
381	200.000	-0.013	200.000	3.069	3.863	1.328	1783012441.132
382	200.000	0.039	199.998	3.167	2.772	1.328	1783012441.378
383	200.000	0.058	199.998	2.617	1.872	1.328	1783012441.628
384	200.000	-0.052	200.002	2.265	0.787	1.328	1783012441.880
385	200.000	-0.016	199.999	2.253	5.965	1.328	1783012442.098
386	200.000	-0.049	199.998	2.490	4.965	1.328	1783012442.389
387	200.000	-0.001	199.995	2.864	3.752	1.328	1783012442.624
388	200.000	0.044	200.000	3.076	2.734	1.328	1783012442.889
389	200.000	0.001	200.000	2.680	1.773	1.328	1783012443.113
390	200.000	-0.032	200.000	2.449	0.811	1.328	1783012443.379
391	200.000	0.046	199.997	2.285	6.040	1.328	1783012443.638
392	200.000	0.026	200.004	2.639	4.908	1.328	1783012443.861
393	200.000	0.030	200.001	3.129	3.834	1.328	1783012444.127
394	200.000	-0.038	199.997	3.115	2.738	1.328	1783012444.385
395	200.000	-0.045	199.999	2.689	1.698	1.328	1783012444.641
396	200.000	0.009	199.998	2.450	0.633	1.328	1783012444.864
397	200.000	-0.003	200.001	2.192	5.895	1.328	1783012445.132
398	200.000	-0.015	199.997	2.711	4.768	1.328	1783012445.387
399	200.000	-0.080	200.000	3.241	3.782	1.328	1783012445.632
400	200.000	0.042	200.002	3.169	2.751	1.328	1783012445.884
401	200.000	-0.003	200.003	2.540	1.602	1.328	1783012446.118
402	200.000	-0.013	199.999	2.289	0.735	1.328	1783012446.367
403	200.000	-0.087	199.999	2.267	5.744	1.328	1783012446.620
404	200.000	-0.107	200.003	2.659	4.818	1.328	1783012446.883
405	200.000	0.051	200.003	3.125	3.631	1.328	1783012447.132
406	200.000	0.019	200.002	3.082	2.558	1.328	1783012447.377
407	200.000	0.038	200.000	2.633	1.614	1.328	1783012447.618
408	200.000	-0.054	199.998	2.186	0.543	1.328	1783012447.880
409	200.000	0.029	200.000	2.138	5.700	1.328	1783012448.126
410	200.000	0.065	200.004	2.635	4.680	1.328	1783012448.357
411	200.000	0.018	200.001	3.021	3.542	1.328	1783012448.624
412	200.000	-0.005	199.998	3.026	2.431	1.328	1783012448.877
413	200.000	0.018	200.001	2.542	1.471	1.328	1783012449.122
414	200.000	0.001	199.999	2.366	0.451	1.328	1783012449.360
415	200.000	-0.017	200.002	2.303	5.723	1.328	1783012449.628
416	200.000	-0.080	200.001	2.469	4.537	1.328	1783012449.909
417	200.000	0.062	200.000	3.162	3.232	1.328	1783012450.203
418	200.000	-0.061	199.997	2.937	2.138	1.328	1783012450.438
419	200.000	-0.006	200.001	2.405	1.118	1.328	1783012450.707
420	200.000	0.003	199.999	2.218	6.239	1.328	1783012450.953
421	200.000	-0.073	199.999	2.298	5.270	1.328	1783012451.209
422	200.000	-0.020	199.996	2.853	4.156	1.328	1783012451.450
423	200.000	-0.060	199.999	3.172	3.137	1.328	1783012451.703
424	200.000	0.051	200.002	2.837	2.056	1.328	1783012451.940
425	200.000	0.061	199.997	2.049	1.104	1.328	1783012452.187
426	200.000	-0.195	200.002	2.300	0.042	1.328	1783012452.458
427	200.000	0.012	199.999	2.487	5.198	1.328	1783012452.713
428	200.000	-0.148	199.998	1.905	3.909	1.328	1783012452.952
429	200.000	-0.025	199.998	3.338	3.050	1.328	1783012453.204
430	200.000	0.037	199.999	2.854	1.978	1.328	1783012453.460
431	200.000	-0.019	200.001	2.363	0.894	1.328	1783012453.713
432	200.000	0.007	199.999	2.234	6.166	1.328	1783012453.937
433	200.000	-0.027	199.999	2.570	5.227	1.328	1783012454.202
434	200.000	-0.027	200.002	3.002	4.048	1.328	1783012454.448
435	200.000	-0.022	200.001	3.286	2.975	1.328	1783012454.713
436	200.000	-0.084	199.995	2.802	1.968	1.328	1783012454.937
437	200.000	0.069	200.000	2.262	0.861	1.328	1783012455.200
438	200.000	0.026	200.000	2.253	6.055	1.328	1783012455.456
439	200.000	0.066	200.000	2.456	5.030	1.328	1783012455.696
440	200.000	0.022	200.001	3.176	3.851	1.328	1783012455.969
441	200.000	-0.042	199.999	3.253	2.967	1.328	1783012456.198
442	200.000	-0.028	200.001	2.722	1.911	1.328	1783012456.457
443	200.000	0.022	200.002	2.359	0.779	1.328	1783012456.692
444	200.000	-0.007	199.999	2.229	6.070	1.328	1783012456.964
445	200.000	0.043	199.996	2.670	4.952	1.328	1783012457.198
446	200.000	0.011	200.002	3.189	3.871	1.328	1783012457.469
447	200.000	-0.041	200.003	3.215	2.814	1.328	1783012457.712
448	200.000	-0.015	200.003	2.652	1.945	1.328	1783012457.968
449	200.000	-0.010	200.003	2.083	0.721	1.328	1783012458.212
450	200.000	0.000	200.003	2.322	5.926	1.328	1783012458.440
451	200.000	0.011	200.003	2.649	4.877	1.328	1783012458.716
452	200.000	-0.003	200.003	3.332	3.810	1.328	1783012458.953
453	200.000	-0.048	200.005	3.468	2.851	1.328	1783012459.227
454	200.000	0.001	200.002	2.636	1.814	1.328	1783012459.456
455	200.000	0.025	199.997	2.147	0.698	1.328	1783012459.718
456	200.000	0.035	199.994	2.324	5.722	1.328	1783012459.961
457	200.000	0.006	200.002	2.765	4.786	1.328	1783012460.195
458	200.000	-0.006	200.005	3.222	3.812	1.328	1783012460.459
459	200.000	0.010	200.002	3.408	2.710	1.328	1783012460.705
460	200.000	0.064	200.002	2.634	1.729	1.328	1783012460.991
461	200.000	-0.001	200.000	2.267	0.613	1.328	1783012461.219
462	200.000	-0.023	200.000	2.174	5.832	1.328	1783012461.462
463	200.000	-0.003	199.996	2.820	4.758	1.328	1783012461.712
464	200.000	-0.002	200.001	3.261	3.645	1.328	1783012461.979
465	200.000	-0.021	200.001	3.236	2.723	1.328	1783012462.220
466	200.000	-0.030	199.999	2.561	1.681	1.328	1783012462.443
467	200.000	0.014	200.000	2.037	0.644	1.328	1783012462.721
468	200.000	0.020	200.004	2.287	5.864	1.328	1783012462.945
469	200.000	-0.073	200.000	2.862	4.724	1.328	1783012463.218
470	200.000	0.009	200.000	3.284	3.523	1.328	1783012463.484
471	200.000	-0.032	199.998	3.073	2.370	1.328	1783012463.778
472	200.000	0.001	200.002	2.500	1.428	1.328	1783012463.997
473	200.000	-0.008	199.996	2.184	0.283	1.328	1783012464.273
474	200.000	0.020	200.000	2.462	5.390	1.328	1783012464.521
475	200.000	-0.003	199.999	3.104	4.442	1.328	1783012464.767
476	200.000	-0.029	200.001	3.351	3.375	1.328	1783012465.020
477	200.000	-0.008	200.001	2.983	2.328	1.328	1783012465.289
478	200.000	-0.002	200.001	2.354	1.175	1.328	1783012465.523
479	200.000	-0.010	200.003	2.297	0.229	1.328	1783012465.759
480	200.000	-0.008	200.004	2.658	5.358	1.328	1783012466.026
481	200.000	0.010	199.999	3.113	4.370	1.328	1783012466.256
482	200.000	0.011	200.001	3.445	3.358	1.328	1783012466.526
483	200.000	-0.037	200.005	2.898	2.255	1.328	1783012466.783
484	200.000	-0.031	199.999	2.349	1.175	1.328	1783012467.021
485	200.000	-0.040	199.998	2.182	0.075	1.328	1783012467.268
486	200.000	-0.051	199.999	2.511	5.258	1.328	1783012467.516
487	200.000	0.012	200.000	3.118	4.141	1.328	1783012467.775
488	200.000	0.013	200.001	3.614	3.157	1.328	1783012468.003
489	200.000	0.023	200.001	2.840	2.112	1.328	1783012468.266
490	200.000	0.054	199.999	2.381	1.131	1.328	1783012468.514
491	200.000	-0.051	199.999	2.218	6.207	1.328	1783012468.775
492	200.000	-0.021	200.004	2.689	5.149	1.328	1783012469.033
493	200.000	-0.037	199.999	3.431	4.146	1.328	1783012469.268
494	200.000	0.005	200.001	3.375	3.073	1.328	1783012469.523
495	200.000	-0.021	199.998	2.890	2.063	1.328	1783012469.783
496	200.000	0.023	199.998	2.284	1.010	1.328	1783012470.027
497	200.000	-0.057	200.001	2.214	6.151	1.328	1783012470.250
498	200.000	0.014	199.999	2.592	5.109	1.328	1783012470.513
499	200.000	-0.006	199.998	3.141	4.052	1.328	1783012470.758
500	200.000	0.043	200.000	3.485	3.023	1.328	1783012471.025
501	200.000	0.000	200.001	2.747	1.947	1.328	1783012471.274
502	200.000	0.029	200.003	2.240	0.936	1.328	1783012471.499
503	200.000	-0.031	200.002	2.246	6.196	1.328	1783012471.766
504	200.000	-0.001	200.002	2.808	5.089	1.328	1783012471.996
505	200.000	0.017	199.997	3.207	4.060	1.328	1783012472.257
506	200.000	-0.020	200.005	3.296	2.935	1.328	1783012472.513
507	200.000	0.030	199.997	2.789	1.984	1.328	1783012472.751
508	200.000	-0.007	199.997	2.111	0.799	1.328	1783012473.021
509	200.000	0.029	200.001	2.626	6.069	1.328	1783012473.321
510	200.000	-0.026	199.997	2.852	4.680	1.328	1783012473.552
511	200.000	0.024	200.003	3.505	3.569	1.328	1783012473.824
512	200.000	0.020	200.001	3.274	2.584	1.328	1783012474.073
513	200.000	-0.018	200.001	2.589	1.651	1.328	1783012474.309
514	200.000	0.003	200.002	2.154	0.483	1.328	1783012474.562
515	200.000	-0.000	200.003	2.384	5.726	1.328	1783012474.789
516	200.000	0.026	200.006	2.953	4.703	1.328	1783012475.057
517	200.000	-0.020	200.003	3.341	3.533	1.328	1783012475.308
518	200.000	0.020	200.002	3.393	2.724	1.328	1783012475.565
519	200.000	-0.042	200.000	2.707	1.596	1.328	1783012475.786
520	200.000	-0.009	200.002	2.097	0.561	1.328	1783012476.047
521	200.000	-0.022	200.003	2.303	5.719	1.328	1783012476.327
522	200.000	0.050	199.998	2.885	4.566	1.328	1783012476.565
523	200.000	0.009	199.996	3.374	3.368	1.328	1783012476.870
524	200.000	-0.026	200.001	3.240	2.309	1.328	1783012477.115
525	200.000	-0.009	200.002	2.452	1.339	1.328	1783012477.365
526	200.000	0.024	200.001	2.250	0.154	1.328	1783012477.590
527	200.000	-0.005	200.000	2.518	5.325	1.328	1783012477.879
528	200.000	0.015	200.004	3.111	4.203	1.328	1783012478.100
529	200.000	0.031	200.002	3.462	3.292	1.328	1783012478.386
530	200.000	-0.017	200.000	2.937	2.182	1.328	1783012478.612
531	200.000	-0.044	199.998	2.452	1.159	1.328	1783012478.894
532	200.000	-0.002	199.997	2.311	0.065	1.328	1783012479.121
533	200.000	0.071	199.999	2.556	5.278	1.328	1783012479.384
534	200.000	-0.032	200.001	3.158	4.218	1.328	1783012479.634
535	200.000	-0.053	199.997	3.427	3.086	1.328	1783012479.898
536	200.000	0.042	199.998	2.900	2.026	1.328	1783012480.145
537	200.000	0.022	200.002	2.223	0.952	1.328	1783012480.367
538	200.000	-0.038	200.001	2.330	6.127	1.328	1783012480.636
539	200.000	-0.009	200.001	2.742	5.064	1.328	1783012480.867
540	200.000	0.058	199.999	3.102	4.001	1.328	1783012481.141
541	200.000	-0.041	199.996	3.388	2.896	1.328	1783012481.372
542	200.000	-0.019	199.999	2.594	1.921	1.328	1783012481.633
543	200.000	0.024	199.997	2.337	0.922	1.328	1783012481.885
544	200.000	0.038	199.997	2.339	5.994	1.328	1783012482.111
545	200.000	-0.025	199.998	2.716	5.108	1.328	1783012482.384
546	200.000	-0.016	199.996	3.329	3.979	1.328	1783012482.610
547	200.000	-0.073	200.004	3.265	3.035	1.328	1783012482.874
548	200.000	0.002	199.998	2.922	1.892	1.328	1783012483.112
549	200.000	0.044	200.000	2.425	0.931	1.328	1783012483.380
550	200.000	0.007	199.999	2.374	6.097	1.328	1783012483.628
551	200.000	0.036	200.000	2.780	5.035	1.328	1783012483.891
552	200.000	0.005	199.999	3.150	3.895	1.328	1783012484.139
553	200.000	-0.033	200.002	3.265	2.834	1.328	1783012484.382
554	200.000	-0.030	200.001	2.863	1.830	1.328	1783012484.626
555	200.000	0.005	199.997	2.358	0.780	1.328	1783012484.860
556	200.000	0.042	199.995	2.330	6.028	1.328	1783012485.124
557	200.000	-0.022	199.998	2.874	5.056	1.328	1783012485.375
558	200.000	0.002	200.001	3.210	3.890	1.328	1783012485.646
559	200.000	-0.050	200.000	3.322	2.863	1.328	1783012485.876
560	200.000	-0.010	199.997	2.671	1.925	1.328	1783012486.126
561	200.000	-0.000	199.998	2.283	0.691	1.328	1783012486.379
562	200.000	0.015	200.002	2.268	5.986	1.328	1783012486.611
563	200.000	-0.031	199.996	2.838	5.082	1.328	1783012486.878
564	200.000	0.010	200.001	3.318	3.985	1.328	1783012487.123
565	200.000	0.092	200.001	3.122	2.795	1.328	1783012487.414
566	200.000	0.078	200.000	2.711	1.761	1.328	1783012487.643
567	200.000	0.014	200.003	2.354	0.630	1.328	1783012487.922
568	200.000	-0.059	200.001	2.407	5.783	1.328	1783012488.152
569	200.000	0.035	199.999	2.905	4.700	1.328	1783012488.419
570	200.000	0.004	199.997	3.314	3.540	1.328	1783012488.673
571	200.000	0.109	199.998	2.929	2.596	1.328	1783012488.919
572	200.000	0.013	200.000	2.536	1.528	1.328	1783012489.156
573	200.000	-0.040	200.003	2.281	0.461	1.328	1783012489.402
574	200.000	0.010	200.002	2.538	5.687	1.328	1783012489.670
575	200.000	-0.062	199.998	2.964	4.636	1.328	1783012489.900
576	200.000	-0.057	200.000	3.491	3.670	1.328	1783012490.164
577	200.000	-0.034	200.001	3.248	2.692	1.328	1783012490.401
578	200.000	-0.022	200.002	2.736	1.602	1.328	1783012490.661
579	200.000	-0.003	200.002	2.299	0.444	1.328	1783012490.912
580	200.000	-0.052	200.000	2.357	5.754	1.328	1783012491.138
581	200.000	0.053	199.999	3.052	4.645	1.328	1783012491.407
582	200.000	0.015	200.002	3.447	3.555	1.328	1783012491.661
583	200.000	0.014	200.002	3.216	2.435	1.328	1783012491.923
584	200.000	0.009	199.997	2.573	1.465	1.328	1783012492.149
585	200.000	-0.058	200.000	2.357	0.458	1.328	1783012492.411
586	200.000	0.003	200.004	2.624	5.521	1.328	1783012492.663
587	200.000	-0.049	199.999	3.194	4.531	1.328	1783012492.931
588	200.000	-0.040	199.998	3.365	3.447	1.328	1783012493.164
589	200.000	-0.027	199.999	3.202	2.407	1.328	1783012493.392
590	200.000	-0.032	200.003	2.646	1.448	1.328	1783012493.664
591	200.000	0.001	200.001	2.388	0.438	1.328	1783012493.889
592	200.000	-0.001	199.999	2.327	5.736	1.328	1783012494.154
593	200.000	-0.019	200.001	2.838	4.661	1.328	1783012494.402
594	200.000	0.037	200.001	3.505	3.511	1.328	1783012494.661
595	200.000	0.026	200.000	3.091	2.507	1.328	1783012494.913
596	200.000	0.000	200.001	2.769	1.390	1.328	1783012495.160
597	200.000	0.018	199.997	2.504	0.266	1.328	1783012495.402
598	200.000	-0.022	199.998	2.546	5.488	1.328	1783012495.647
599	200.000	0.051	200.005	2.589	4.626	1.328	1783012495.906
600	200.000	0.048	199.999	3.390	3.240	1.328	1783012496.159
601	200.000	0.130	200.004	3.202	2.576	1.328	1783012496.407
602	200.000	0.052	200.001	2.786	1.308	1.328	1783012496.647
603	200.000	0.001	199.999	2.281	0.208	1.328	1783012496.910
604	200.000	0.007	200.002	2.692	5.442	1.328	1783012497.163
605	200.000	-0.003	200.002	2.542	4.406	1.328	1783012497.398
606	200.000	0.044	200.005	2.890	3.249	1.328	1783012497.675
607	200.000	-0.052	200.004	2.893	2.445	1.328	1783012497.905
608	200.000	0.027	200.000	2.513	1.333	1.328	1783012498.164
609	200.000	0.049	199.999	2.446	0.112	1.328	1783012498.401
610	200.000	-0.001	199.998	2.607	5.389	1.328	1783012498.672
611	200.000	0.010	199.998	3.130	4.317	1.328	1783012498.902
612	200.000	-0.019	200.003	3.244	3.254	1.328	1783012499.169
613	200.000	-0.071	200.003	3.031	2.203	1.328	1783012499.413
614	200.000	0.013	200.001	2.481	1.117	1.328	1783012499.677
615	200.000	0.021	200.004	2.378	0.042	1.328	1783012499.917
616	200.000	0.031	199.999	2.768	5.351	1.328	1783012500.151
617	200.000	0.030	200.000	3.036	4.356	1.328	1783012500.416
618	200.000	-0.018	200.000	3.227	3.213	1.328	1783012500.662
619	200.000	0.009	200.001	3.006	2.200	1.328	1783012500.914
620	200.000	-0.049	200.001	2.326	1.078	1.328	1783012501.163
621	200.000	0.039	200.003	2.297	0.060	1.328	1783012501.393
622	200.000	-0.048	200.003	2.712	5.304	1.328	1783012501.673
623	200.000	-0.008	200.001	3.294	4.303	1.328	1783012501.891
624	200.000	-0.032	199.999	3.413	3.320	1.328	1783012502.145
625	200.000	-0.043	200.001	2.964	2.178	1.328	1783012502.392
626	200.000	0.037	200.002	2.326	1.092	1.328	1783012502.673
627	200.000	-0.036	200.003	2.358	6.239	1.328	1783012502.922
628	200.000	-0.010	199.999	2.708	5.246	1.328	1783012503.153
629	200.000	0.049	200.000	3.363	4.228	1.328	1783012503.410
630	200.000	0.039	199.996	3.480	3.196	1.328	1783012503.670
631	200.000	0.028	200.002	2.980	2.042	1.328	1783012503.919
632	200.000	0.058	200.000	2.505	1.132	1.328	1783012504.150
633	200.000	0.062	200.002	2.706	0.202	1.328	1783012504.422
634	200.000	-0.027	200.001	2.797	5.275	1.328	1783012504.657
635	200.000	-0.004	199.998	3.309	4.173	1.328	1783012504.925
636	200.000	-0.006	199.999	3.363	3.050	1.328	1783012505.157
637	200.000	-0.015	199.998	2.904	2.095	1.328	1783012505.400
638	200.000	-0.038	200.002	2.360	0.901	1.328	1783012505.658
639	200.000	0.003	199.999	2.312	6.210	1.328	1783012505.929
640	200.000	0.011	200.003	2.893	4.981	1.328	1783012506.237
641	200.000	-0.014	199.999	3.422	3.892	1.328	1783012506.469
642	200.000	0.030	200.000	3.431	2.748	1.328	1783012506.726
643	200.000	-0.006	200.002	2.601	1.786	1.328	1783012506.972
644	200.000	0.018	200.000	2.235	0.566	1.328	1783012507.230
645	200.000	-0.050	200.004	2.405	5.785	1.328	1783012507.460
646	200.000	-0.037	200.002	3.006	4.791	1.328	1783012507.730
647	200.000	-0.065	200.002	3.457	3.646	1.328	1783012507.966
648	200.000	-0.025	199.997	3.313	2.689	1.328	1783012508.228
649	200.000	-0.039	200.002	2.545	1.640	1.328	1783012508.478
650	200.000	-0.007	200.000	2.367	0.524	1.328	1783012508.721
651	200.000	0.012	200.003	2.454	5.812	1.328	1783012508.967
652	200.000	0.050	199.999	2.985	4.792	1.328	1783012509.203
653	200.000	0.065	200.002	3.585	3.621	1.328	1783012509.472
654	200.000	-0.009	200.000	3.403	2.628	1.328	1783012509.703
655	200.000	-0.017	199.998	2.628	1.592	1.328	1783012509.975
656	200.000	0.011	200.002	2.344	0.436	1.328	1783012510.220
657	200.000	-0.055	200.001	2.544	5.615	1.328	1783012510.484
658	200.000	-0.013	200.002	3.156	4.548	1.328	1783012510.743
659	200.000	0.073	200.002	3.491	3.348	1.328	1783012511.057
660	200.000	0.011	200.000	3.198	2.234	1.328	1783012511.281
661	200.000	0.009	200.000	2.337	1.240	1.328	1783012511.555
662	200.000	0.023	200.002	2.336	0.120	1.328	1783012511.782
663	200.000	0.051	199.998	2.680	5.318	1.328	1783012512.052
664	200.000	-0.000	200.001	3.295	4.265	1.328	1783012512.282
665	200.000	-0.012	200.002	3.529	3.226	1.328	1783012512.521
666	200.000	-0.028	199.997	3.039	2.174	1.328	1783012512.803
667	200.000	-0.007	200.000	2.376	1.207	1.328	1783012513.029
668	200.000	-0.043	200.000	2.278	0.024	1.328	1783012513.294
669	200.000	0.051	199.997	2.773	5.172	1.328	1783012513.522
670	200.000	0.074	200.000	3.414	4.237	1.328	1783012513.788
671	200.000	-0.022	200.000	3.611	3.126	1.328	1783012514.044
672	200.000	0.019	200.002	2.931	2.142	1.328	1783012514.284
673	200.000	0.004	200.000	2.484	1.088	1.328	1783012514.538
674	200.000	-0.011	199.999	2.409	0.056	1.328	1783012514.771
675	200.000	0.082	199.998	2.738	5.309	1.328	1783012515.031
676	200.000	0.010	200.002	3.087	4.062	1.328	1783012515.282
677	200.000	-0.015	200.001	3.550	3.085	1.328	1783012515.536
678	200.000	-0.003	200.000	3.092	1.960	1.328	1783012515.782
679	200.000	-0.006	200.000	2.588	1.039	1.328	1783012516.045
680	200.000	-0.006	200.004	2.364	6.067	1.328	1783012516.298
681	200.000	-0.003	200.001	2.874	5.054	1.328	1783012516.543
682	200.000	-0.055	199.998	3.559	3.888	1.328	1783012516.791
683	200.000	-0.031	199.998	3.533	2.836	1.328	1783012517.048
684	200.000	-0.008	199.995	2.925	1.898	1.328	1783012517.297
685	200.000	-0.066	200.004	2.448	0.800	1.328	1783012517.541
686	200.000	-0.014	199.998	2.453	6.064	1.328	1783012517.793
687	200.000	-0.033	199.998	2.793	4.974	1.328	1783012518.046
688	200.000	0.032	200.001	3.453	3.913	1.328	1783012518.311
689	200.000	-0.027	200.002	3.382	2.769	1.328	1783012518.550
690	200.000	-0.032	199.998	2.790	1.800	1.328	1783012518.816
691	200.000	-0.031	200.001	2.258	0.768	1.328	1783012519.043
692	200.000	0.012	200.002	2.364	6.008	1.328	1783012519.293
693	200.000	0.050	200.000	2.895	4.849	1.328	1783012519.557
694	200.000	0.009	200.003	3.503	3.782	1.328	1783012519.781
695	200.000	0.026	200.000	3.507	2.908	1.328	1783012520.055
696	200.000	0.030	200.007	2.824	1.797	1.328	1783012520.305
697	200.000	-0.029	200.004	2.315	0.621	1.328	1783012520.576
698	200.000	-0.022	200.002	2.413	5.679	1.328	1783012520.803
699	200.000	-0.009	199.996	3.094	4.678	1.328	1783012521.050
700	200.000	-0.007	200.002	3.645	3.594	1.328	1783012521.307
701	200.000	0.000	199.996	3.616	2.607	1.328	1783012521.547
702	200.000	0.010	199.999	2.878	1.694	1.328	1783012521.833
703	200.000	0.025	200.000	2.300	0.361	1.328	1783012522.120
704	200.000	0.000	199.996	2.565	5.441	1.328	1783012522.374
705	200.000	0.027	200.000	3.221	4.377	1.328	1783012522.620
706	200.000	-0.001	200.001	3.654	3.397	1.328	1783012522.849
707	200.000	0.035	199.998	3.250	2.375	1.328	1783012523.104
708	200.000	0.031	199.999	2.722	1.306	1.328	1783012523.368
709	200.000	0.035	200.000	2.353	0.264	1.328	1783012523.613
710	200.000	0.039	199.999	2.571	5.401	1.328	1783012523.874
711	200.000	-0.007	200.005	3.235	4.255	1.328	1783012524.128
712	200.000	-0.039	199.996	3.633	3.277	1.328	1783012524.358
713	200.000	-0.039	199.998	3.324	2.227	1.328	1783012524.617
714	200.000	-0.011	199.997	2.689	1.250	1.328	1783012524.879
715	200.000	-0.007	200.000	2.398	0.220	1.328	1783012525.122
716	200.000	0.002	200.002	2.610	5.372	1.328	1783012525.351
717	200.000	0.024	199.999	3.194	4.332	1.328	1783012525.614
718	200.000	0.013	200.001	3.617	3.146	1.328	1783012525.864
719	200.000	-0.062	200.001	3.379	2.254	1.328	1783012526.133
720	200.000	0.020	199.999	2.673	1.276	1.328	1783012526.367
721	200.000	0.009	199.998	2.435	0.139	1.328	1783012526.619
722	200.000	-0.020	199.998	2.716	5.424	1.328	1783012526.863
723	200.000	-0.002	200.004	3.216	4.233	1.328	1783012527.110
724	200.000	0.014	200.000	3.689	3.215	1.328	1783012527.362
725	200.000	0.042	200.002	3.243	2.208	1.328	1783012527.612
726	200.000	-0.035	199.999	2.656	1.151	1.328	1783012527.878
727	200.000	0.016	199.996	2.378	6.115	1.328	1783012528.131
728	200.000	0.056	199.999	2.742	5.243	1.328	1783012528.365
729	200.000	-0.020	200.003	3.343	4.143	1.328	1783012528.614
730	200.000	0.036	200.000	3.621	3.171	1.328	1783012528.847
731	200.000	0.079	199.999	3.180	2.195	1.328	1783012529.110
732	200.000	-0.017	199.998	2.616	1.092	1.328	1783012529.366
733	200.000	-0.041	200.002	2.360	0.080	1.328	1783012529.607
734	200.000	0.025	199.999	2.732	5.162	1.328	1783012529.858
735	200.000	0.040	200.000	3.429	4.020	1.328	1783012530.116
736	200.000	-0.030	200.001	3.643	3.017	1.328	1783012530.363
737	200.000	0.135	200.001	3.933	1.942	1.328	1783012530.595
738	200.000	-0.019	199.998	2.385	1.031	1.328	1783012530.867
739	200.000	0.082	200.000	2.542	0.015	1.328	1783012531.095
740	200.000	0.014	200.003	2.681	5.196	1.328	1783012531.367
741	200.000	-0.008	200.001	3.391	4.081	1.328	1783012531.606
742	200.000	-0.003	200.004	3.643	3.016	1.328	1783012531.872
743	200.000	0.008	200.001	3.163	1.995	1.328	1783012532.117
744	200.000	-0.001	199.999	2.561	0.921	1.328	1783012532.349
745	200.000	-0.027	200.000	2.477	6.246	1.328	1783012532.602
746	200.000	-0.025	200.000	2.748	5.137	1.328	1783012532.851
747	200.000	-0.002	200.000	3.205	4.035	1.328	1783012533.099
748	200.000	0.000	199.998	3.509	3.093	1.328	1783012533.350
749	200.000	0.007	200.001	3.188	2.081	1.328	1783012533.628
750	200.000	0.002	199.998	2.611	0.998	1.328	1783012533.855
751	200.000	0.016	199.998	2.398	6.184	1.328	1783012534.126
752	200.000	-0.017	200.004	2.702	5.039	1.328	1783012534.378
753	200.000	-0.074	200.002	3.473	4.070	1.328	1783012534.597
754	200.000	-0.046	200.001	3.575	2.961	1.328	1783012534.876
755	200.000	-0.026	200.002	3.172	1.936	1.328	1783012535.096
756	200.000	0.016	200.000	2.565	1.094	1.328	1783012535.368
757	200.000	0.003	200.002	2.505	6.188	1.328	1783012535.602
758	200.000	0.027	200.003	2.841	5.171	1.328	1783012535.874
759	200.000	0.043	200.000	3.367	3.912	1.328	1783012536.122
760	200.000	0.025	200.001	3.617	2.875	1.328	1783012536.364
761	200.000	0.007	199.996	3.028	1.950	1.328	1783012536.617
762	200.000	-0.005	199.998	2.630	0.897	1.328	1783012536.887
763	200.000	-0.078	200.001	2.569	5.977	1.328	1783012537.171
764	200.000	-0.037	200.000	2.874	4.778	1.328	1783012537.445
765	200.000	-0.024	199.999	3.345	3.608	1.328	1783012537.671
766	200.000	0.049	199.999	3.351	2.643	1.328	1783012537.931
767	200.000	-0.027	200.002	2.855	1.624	1.328	1783012538.186
768	200.000	-0.012	199.999	2.621	0.533	1.328	1783012538.410
769	200.000	0.002	200.000	2.447	5.665	1.328	1783012538.683
770	200.000	0.058	199.998	2.943	4.676	1.328	1783012538.917
771	200.000	0.065	200.006	3.376	3.668	1.328	1783012539.195
772	200.000	-0.037	200.005	3.381	2.518	1.328	1783012539.433
773	200.000	-0.038	199.998	2.862	1.525	1.328	1783012539.677
774	200.000	0.066	200.004	2.423	0.466	1.328	1783012539.917
775	200.000	-0.005	200.000	2.662	5.763	1.328	1783012540.166
776	200.000	0.003	200.003	2.975	4.658	1.328	1783012540.414
777	200.000	-0.004	199.999	3.190	3.619	1.328	1783012540.663
778	200.000	0.052	200.002	3.330	2.611	1.328	1783012540.931
779	200.000	0.035	200.002	2.775	1.517	1.328	1783012541.182
780	200.000	-0.034	200.002	2.728	0.482	1.328	1783012541.424
781	200.000	-0.006	199.999	2.623	5.654	1.328	1783012541.674
782	200.000	-0.067	199.999	3.028	4.721	1.328	1783012541.899
783	200.000	0.062	200.004	3.329	3.510	1.328	1783012542.181
784	200.000	-0.015	199.994	3.328	2.403	1.328	1783012542.411
785	200.000	0.027	200.003	2.802	1.387	1.328	1783012542.696
786	200.000	-0.007	200.000	2.410	0.204	1.328	1783012542.985
787	200.000	-0.016	200.004	2.748	5.374	1.328	1783012543.239
788	200.000	0.065	200.003	3.537	4.275	1.328	1783012543.504
789	200.000	-0.009	200.000	3.639	3.144	1.328	1783012543.760
790	200.000	0.005	199.996	3.230	2.067	1.328	1783012543.987
791	200.000	-0.001	199.999	2.809	1.138	1.328	1783012544.228
792	200.000	-0.028	199.997	2.448	0.093	1.328	1783012544.475
793	200.000	0.034	199.998	2.879	5.340	1.328	1783012544.745
794	200.000	-0.006	200.001	3.303	4.204	1.328	1783012544.998
795	200.000	-0.056	200.002	3.644	3.205	1.328	1783012545.246
796	200.000	0.023	199.994	3.208	2.041	1.328	1783012545.498
797	200.000	-0.011	200.002	2.860	1.080	1.328	1783012545.737
798	200.000	-0.028	200.005	2.529	0.135	1.328	1783012545.998
799	200.000	-0.014	200.003	2.777	5.330	1.328	1783012546.222
800	200.000	0.021	200.004	3.294	4.261	1.328	1783012546.489
801	200.000	0.005	199.995	3.661	3.076	1.328	1783012546.733
802	200.000	-0.037	200.002	3.183	2.091	1.328	1783012547.002
803	200.000	-0.088	200.001	2.632	0.963	1.328	1783012547.256
804	200.000	0.015	200.000	2.566	6.262	1.328	1783012547.493
805	200.000	-0.013	199.998	2.845	5.270	1.328	1783012547.725
806	200.000	0.017	200.002	3.475	4.117	1.328	1783012547.977
807	200.000	0.038	200.001	3.710	3.099	1.328	1783012548.242
808	200.000	-0.037	200.000	3.274	2.050	1.328	1783012548.465
809	200.000	-0.006	200.003	2.574	0.993	1.328	1783012548.754
810	200.000	0.007	200.004	2.593	6.206	1.328	1783012548.986
811	200.000	-0.003	200.000	2.824	5.233	1.328	1783012549.224
812	200.000	0.009	200.000	3.361	4.104	1.328	1783012549.479
813	200.000	-0.057	199.998	3.532	3.008	1.328	1783012549.726
814	200.000	-0.018	200.003	3.222	2.117	1.328	1783012549.982
815	200.000	0.003	199.999	2.644	0.911	1.328	1783012550.240
816	200.000	0.029	200.002	2.556	6.071	1.328	1783012550.497
817	200.000	-0.020	199.997	2.861	5.108	1.328	1783012550.710
818	200.000	-0.041	200.001	3.307	4.001	1.328	1783012550.991
819	200.000	-0.103	200.001	3.561	2.922	1.328	1783012551.244
820	200.000	-0.003	200.000	3.187	1.844	1.328	1783012551.487
821	200.000	0.020	199.998	2.635	0.825	1.328	1783012551.749
822	200.000	0.025	199.998	2.527	5.945	1.328	1783012551.981
823	200.000	-0.030	200.002	3.152	4.872	1.328	1783012552.260
824	200.000	-0.002	200.001	3.619	3.846	1.328	1783012552.495
825	200.000	-0.001	200.003	3.663	2.797	1.328	1783012552.745
826	200.000	-0.051	200.002	3.025	1.803	1.328	1783012552.993
827	200.000	-0.072	199.999	2.496	0.869	1.328	1783012553.238
828	200.000	-0.020	199.999	2.625	5.988	1.328	1783012553.488
829	200.000	-0.045	199.999	3.002	4.960	1.328	1783012553.757
830	200.000	-0.009	200.001	3.541	3.803	1.328	1783012553.989
831	200.000	0.048	200.005	3.491	2.777	1.328	1783012554.237
832	200.000	0.009	200.000	2.953	1.856	1.328	1783012554.502
833	200.000	-0.040	199.999	2.709	0.753	1.328	1783012554.734
834	200.000	-0.018	200.001	2.538	6.120	1.328	1783012555.000
835	200.000	0.075	200.001	2.984	4.855	1.328	1783012555.248
836	200.000	0.014	199.997	3.502	3.719	1.328	1783012555.514
837	200.000	0.066	200.001	3.499	2.594	1.328	1783012555.793
838	200.000	-0.064	200.001	2.783	1.529	1.328	1783012556.066
839	200.000	-0.029	199.999	2.556	0.428	1.328	1783012556.285
840	200.000	0.007	200.001	2.671	5.727	1.328	1783012556.551
841	200.000	-0.002	199.999	2.990	4.589	1.328	1783012556.816
842	200.000	-0.060	200.000	3.671	3.502	1.328	1783012557.061
843	200.000	-0.049	200.003	3.454	2.492	1.328	1783012557.302
844	200.000	0.030	200.002	2.893	1.486	1.328	1783012557.561
845	200.000	0.015	199.998	2.715	0.340	1.328	1783012557.808
846	200.000	0.005	200.006	2.666	5.702	1.328	1783012558.030
847	200.000	-0.002	200.004	2.994	4.656	1.328	1783012558.316
848	200.000	-0.004	200.003	3.608	3.359	1.328	1783012558.538
849	200.000	-0.021	200.002	3.420	2.432	1.328	1783012558.799
850	200.000	0.003	199.997	2.874	1.355	1.328	1783012559.055
851	200.000	0.005	200.004	2.558	0.295	1.328	1783012559.280
852	200.000	-0.005	200.002	2.703	5.627	1.328	1783012559.541
853	200.000	-0.010	200.000	3.131	4.534	1.328	1783012559.791
854	200.000	-0.009	199.999	3.483	3.349	1.328	1783012560.064
855	200.000	0.006	200.000	3.286	2.260	1.328	1783012560.319
856	200.000	-0.018	199.998	2.796	1.265	1.328	1783012560.563
857	200.000	0.021	200.001	2.600	0.214	1.328	1783012560.796
858	200.000	-0.003	200.001	2.615	5.482	1.328	1783012561.064
859	200.000	-0.002	200.001	3.205	4.297	1.328	1783012561.305
860	200.000	0.034	200.005	3.894	3.310	1.328	1783012561.529
861	200.000	0.028	200.000	3.459	2.204	1.328	1783012561.814
862	200.000	-0.036	200.004	2.846	1.263	1.328	1783012562.034
863	200.000	0.021	200.002	2.744	0.260	1.328	1783012562.306
864	200.000	0.022	199.997	2.828	5.417	1.328	1783012562.561
865	200.000	-0.070	200.003	3.214	4.338	1.328	1783012562.805
866	200.000	-0.000	199.998	3.659	3.182	1.328	1783012563.056
867	200.000	-0.054	199.998	3.348	2.058	1.328	1783012563.314
868	200.000	0.040	200.002	2.844	1.269	1.328	1783012563.564
869	200.000	0.002	200.001	2.682	0.113	1.328	1783012563.785
870	200.000	0.008	200.000	2.790	5.418	1.328	1783012564.053
871	200.000	0.011	200.000	3.320	4.293	1.328	1783012564.303
872	200.000	0.003	199.998	3.546	3.243	1.328	1783012564.553
873	200.000	-0.016	199.998	3.152	2.149	1.328	1783012564.801
874	200.000	-0.009	200.000	2.859	1.190	1.328	1783012565.026
875	200.000	0.060	199.996	2.462	0.054	1.328	1783012565.306
876	200.000	0.024	199.998	2.846	5.311	1.328	1783012565.542
877	200.000	-0.024	199.995	3.352	4.217	1.328	1783012565.804
878	200.000	-0.018	200.004	3.856	3.140	1.328	1783012566.034
879	200.000	0.001	200.004	3.442	2.165	1.328	1783012566.300
880	200.000	0.018	200.001	2.722	1.034	1.328	1783012566.550
881	200.000	0.011	200.001	2.555	6.177	1.328	1783012566.807
882	200.000	0.004	200.001	2.784	5.196	1.328	1783012567.064
883	200.000	-0.013	200.001	3.521	4.136	1.328	1783012567.287
884	200.000	0.009	200.000	3.712	3.004	1.328	1783012567.563
885	200.000	0.007	200.003	3.330	2.015	1.328	1783012567.793
886	200.000	0.031	200.001	2.771	1.080	1.328	1783012568.044
887	200.000	0.077	199.999	2.497	6.270	1.328	1783012568.284
888	200.000	-0.002	200.000	2.875	5.216	1.328	1783012568.556
889	200.000	0.058	200.002	3.485	4.087	1.328	1783012568.811
890	200.000	0.027	200.002	3.727	2.940	1.328	1783012569.036
891	200.000	-0.038	200.000	3.316	2.085	1.328	1783012569.300
892	200.000	-0.038	199.997	2.800	0.994	1.328	1783012569.531
893	200.000	-0.023	199.999	2.542	6.205	1.328	1783012569.805
894	200.000	0.055	200.001	2.904	5.009	1.328	1783012570.034
895	200.000	0.082	200.001	3.397	4.054	1.328	1783012570.301
896	200.000	0.043	199.996	3.832	2.904	1.328	1783012570.557
897	200.000	0.034	200.002	3.179	1.827	1.328	1783012570.825
898	200.000	-0.086	199.998	2.635	0.763	1.328	1783012571.057
899	200.000	-0.037	200.000	2.604	6.012	1.328	1783012571.276
900	200.000	-0.003	200.001	2.829	5.004	1.328	1783012571.561
901	200.000	-0.013	200.002	3.748	3.880	1.328	1783012571.786
902	200.000	-0.036	199.997	3.815	3.055	1.328	1783012572.064
903	200.000	0.035	199.995	2.967	1.941	1.328	1783012572.280
904	200.000	-0.033	200.003	2.660	0.860	1.328	1783012572.551
905	200.000	-0.032	200.000	2.500	5.989	1.328	1783012572.802
906	200.000	-0.071	200.002	2.948	5.058	1.328	1783012573.051
907	200.000	-0.006	200.004	3.588	3.897	1.328	1783012573.300
908	200.000	-0.042	200.001	3.808	2.872	1.328	1783012573.581
909	200.000	-0.026	200.000	2.855	1.611	1.328	1783012573.862
910	200.000	-0.000	199.998	2.583	0.542	1.328	1783012574.101
911	200.000	0.048	200.000	2.643	5.707	1.328	1783012574.377
912	200.000	0.035	200.000	3.086	4.643	1.328	1783012574.625
913	200.000	0.055	199.998	3.689	3.644	1.328	1783012574.870
914	200.000	0.006	200.000	3.627	2.591	1.328	1783012575.099
915	200.000	0.041	200.003	3.030	1.642	1.328	1783012575.370
916	200.000	0.005	200.006	2.574	0.559	1.328	1783012575.594
917	200.000	-0.006	200.005	2.656	5.727	1.328	1783012575.862
918	200.000	-0.011	199.999	3.284	4.563	1.328	1783012576.111
919	200.000	0.069	200.002	3.872	3.590	1.328	1783012576.374
920	200.000	-0.043	200.001	3.709	2.527	1.328	1783012576.626
921	200.000	0.011	200.004	2.854	1.365	1.328	1783012576.867
922	200.000	0.023	200.000	2.311	0.394	1.328	1783012577.099
923	200.000	0.004	200.005	2.673	5.740	1.328	1783012577.346
924	200.000	-0.046	199.996	3.305	4.570	1.328	1783012577.615
925	200.000	-0.034	200.002	3.737	3.489	1.328	1783012577.841
926	200.000	0.018	200.001	3.533	2.507	1.328	1783012578.109
927	200.000	0.008	199.998	2.962	1.404	1.328	1783012578.355
928	200.000	-0.004	199.995	2.668	0.362	1.328	1783012578.619
929	200.000	-0.007	199.999	2.739	5.606	1.328	1783012578.877
930	200.000	0.013	200.003	3.173	4.604	1.328	1783012579.107
931	200.000	-0.039	199.998	3.416	3.326	1.328	1783012579.357
932	200.000	-0.035	199.997	3.606	2.512	1.328	1783012579.612
933	200.000	0.002	200.000	3.012	1.527	1.328	1783012579.860
934	200.000	0.005	200.001	2.492	0.425	1.328	1783012580.096
935	200.000	-0.039	199.999	2.711	5.661	1.328	1783012580.357
936	200.000	0.026	200.000	3.337	4.603	1.328	1783012580.613
937	200.000	0.058	200.001	3.922	3.608	1.328	1783012580.858
938	200.000	-0.060	199.999	3.577	2.558	1.328	1783012581.117
939	200.000	-0.095	199.999	3.006	1.439	1.328	1783012581.352
940	200.000	-0.009	200.004	2.704	0.239	1.328	1783012581.621
941	200.000	-0.010	199.997	2.925	5.415	1.328	1783012581.859
942	200.000	-0.049	199.997	3.222	4.424	1.328	1783012582.129
943	200.000	0.017	199.997	3.906	3.305	1.328	1783012582.357
944	200.000	0.013	199.996	3.500	2.344	1.328	1783012582.631
945	200.000	-0.047	200.000	2.862	1.318	1.328	1783012582.881
946	200.000	-0.016	199.996	2.581	0.355	1.328	1783012583.123
947	200.000	0.016	200.001	2.847	5.592	1.328	1783012583.363
948	200.000	0.012	200.001	3.347	4.581	1.328	1783012583.600
949	200.000	-0.029	200.000	3.950	3.517	1.328	1783012583.864
950	200.000	-0.014	200.000	3.697	2.490	1.328	1783012584.101
951	200.000	0.036	199.999	3.002	1.433	1.328	1783012584.362
952	200.000	0.005	200.000	2.776	0.373	1.328	1783012584.616
953	200.000	-0.042	200.001	2.805	5.592	1.328	1783012584.856
954	200.000	0.007	200.003	3.246	4.608	1.328	1783012585.114
955	200.000	0.022	199.998	3.780	3.467	1.328	1783012585.343
956	200.000	-0.053	200.007	3.636	2.399	1.328	1783012585.622
957	200.000	-0.003	199.999	3.039	1.366	1.328	1783012585.833
958	200.000	-0.030	199.999	2.803	0.305	1.328	1783012586.133
959	200.000	0.013	199.999	2.744	5.328	1.328	1783012586.415
960	200.000	0.013	199.998	3.519	4.135	1.328	1783012586.688
961	200.000	0.031	200.001	3.932	3.056	1.328	1783012586.957
962	200.000	0.061	199.999	3.232	2.060	1.328	1783012587.181
963	200.000	-0.051	199.999	2.640	1.040	1.328	1783012587.427
964	200.000	-0.003	200.000	2.690	6.238	1.328	1783012587.711
965	200.000	0.018	200.000	2.885	5.208	1.328	1783012587.933
966	200.000	0.014	200.004	3.514	3.992	1.328	1783012588.225
967	200.000	0.021	200.000	3.776	3.006	1.328	1783012588.456
968	200.000	0.024	199.999	3.356	2.072	1.328	1783012588.716
969	200.000	0.005	199.997	2.721	0.935	1.328	1783012588.971
970	200.000	0.019	200.002	2.715	6.065	1.328	1783012589.216
971	200.000	0.015	199.999	2.975	5.022	1.328	1783012589.469
972	200.000	0.018	200.001	3.631	3.892	1.328	1783012589.729
973	200.000	0.020	199.999	3.712	2.837	1.328	1783012589.984
974	200.000	-0.021	199.999	3.276	1.814	1.328	1783012590.212
975	200.000	0.000	200.001	2.628	0.729	1.328	1783012590.487
976	200.000	-0.019	200.000	2.712	5.914	1.328	1783012590.702
977	200.000	-0.024	199.998	3.093	4.923	1.328	1783012590.995
978	200.000	-0.028	200.002	3.738	3.751	1.328	1783012591.228
979	200.000	0.016	199.999	3.724	2.812	1.328	1783012591.449
980	200.000	-0.005	199.999	3.112	1.868	1.328	1783012591.725
981	200.000	-0.032	199.999	2.823	0.686	1.328	1783012591.952
982	200.000	-0.068	200.001	2.655	5.952	1.328	1783012592.235
983	200.000	-0.031	200.001	3.280	4.842	1.328	1783012592.460
984	200.000	0.013	200.002	3.648	3.816	1.328	1783012592.738
985	200.000	0.070	200.000	3.729	2.632	1.328	1783012592.970
986	200.000	-0.004	200.000	2.914	1.722	1.328	1783012593.261
987	200.000	0.026	199.999	2.612	0.551	1.328	1783012593.494
988	200.000	-0.031	200.001	2.772	5.758	1.328	1783012593.761
989	200.000	-0.030	200.001	3.192	4.519	1.328	1783012594.009
990	200.000	-0.026	200.000	3.870	3.575	1.328	1783012594.256
991	200.000	-0.015	199.998	3.515	2.498	1.328	1783012594.512
992	200.000	-0.013	199.998	3.171	1.574	1.328	1783012594.740
993	200.000	-0.013	199.997	2.714	0.521	1.328	1783012594.989
994	200.000	-0.061	199.998	2.755	5.710	1.328	1783012595.240
995	200.000	-0.009	199.995	3.330	4.581	1.328	1783012595.515
996	200.000	0.027	200.000	3.962	3.505	1.328	1783012595.741
997	200.000	0.001	200.002	3.573	2.552	1.328	1783012596.006
998	200.000	0.028	200.002	3.013	1.493	1.328	1783012596.262
999	200.000	0.070	200.004	2.651	0.464	1.328	1783012596.503
1000	200.000	-0.010	199.997	2.801	5.700	1.328	1783012596.757
1001	200.000	0.001	199.998	3.504	4.517	1.328	1783012596.986
1002	200.000	-0.011	200.000	3.848	3.669	1.328	1783012597.254
1003	200.000	0.025	200.001	3.529	2.524	1.328	1783012597.501
1004	200.000	0.000	200.000	2.779	1.395	1.328	1783012597.771
1005	200.000	-0.019	200.002	2.665	0.292	1.328	1783012597.994
1006	200.000	0.005	200.000	2.787	5.501	1.328	1783012598.261
1007	200.000	0.028	200.003	3.584	4.430	1.328	1783012598.511
1008	200.000	-0.033	199.998	3.872	3.420	1.328	1783012598.745
1009	200.000	-0.007	200.000	3.314	2.391	1.328	1783012599.007
1010	200.000	0.011	199.999	2.904	1.338	1.328	1783012599.233
1011	200.000	-0.038	199.999	2.674	0.248	1.328	1783012599.527
1012	200.000	0.020	199.998	2.960	5.397	1.328	1783012599.759
1013	200.000	0.003	199.998	3.459	4.350	1.328	1783012600.012
1014	200.000	-0.033	200.003	3.817	3.260	1.328	1783012600.267
1015	200.000	0.011	200.001	3.529	2.421	1.328	1783012600.490
1016	200.000	0.011	199.999	2.699	1.273	1.328	1783012600.746
1017	200.000	0.052	199.998	2.597	0.220	1.328	1783012600.997
1018	200.000	0.040	199.998	2.902	5.483	1.328	1783012601.248
1019	200.000	-0.002	200.000	3.571	4.306	1.328	1783012601.495
1020	200.000	0.036	200.000	3.976	3.419	1.328	1783012601.780
1021	200.000	-0.019	199.997	3.364	2.148	1.328	1783012602.066
1022	200.000	0.002	199.999	2.552	1.014	1.328	1783012602.312
1023	200.000	0.017	200.003	2.609	6.260	1.328	1783012602.546
1024	200.000	-0.023	200.002	3.040	5.260	1.328	1783012602.816
1025	200.000	0.033	200.000	3.799	4.003	1.328	1783012603.065
1026	200.000	-0.012	199.997	3.892	3.039	1.328	1783012603.318
1027	200.000	-0.052	200.003	3.108	1.930	1.328	1783012603.569
1028	200.000	0.052	200.001	2.742	0.946	1.328	1783012603.794
1029	200.000	0.036	200.004	2.602	6.172	1.328	1783012604.074
1030	200.000	-0.034	200.000	3.092	5.018	1.328	1783012604.307
1031	200.000	0.033	200.002	3.872	4.034	1.328	1783012604.557
1032	200.000	0.019	199.999	3.861	2.985	1.328	1783012604.804
1033	200.000	-0.049	199.999	3.190	2.000	1.328	1783012605.068
1034	200.000	0.038	199.998	2.429	0.796	1.328	1783012605.325
1035	200.000	-0.059	199.996	2.622	6.055	1.328	1783012605.570
1036	200.000	-0.063	200.004	3.143	4.973	1.328	1783012605.825
1037	200.000	-0.002	200.003	3.834	3.823	1.328	1783012606.063
1038	200.000	0.061	199.999	3.810	2.808	1.328	1783012606.330
1039	200.000	-0.034	200.002	3.209	1.867	1.328	1783012606.552
1040	200.000	-0.027	199.999	2.706	0.824	1.328	1783012606.815
1041	200.000	0.006	200.000	2.625	5.964	1.328	1783012607.067
1042	200.000	0.015	199.996	3.167	4.826	1.328	1783012607.329
1043	200.000	0.003	199.999	3.999	3.778	1.328	1783012607.563
1044	200.000	0.017	200.000	3.894	2.873	1.328	1783012607.794
1045	200.000	0.020	200.001	3.089	1.821	1.328	1783012608.053
1046	200.000	-0.004	200.002	2.575	0.758	1.328	1783012608.307
1047	200.000	-0.001	200.002	2.691	5.933	1.328	1783012608.566
1048	200.000	0.023	199.998	3.190	4.848	1.328	1783012608.815
1049	200.000	0.015	199.998	3.940	3.718	1.328	1783012609.089
1050	200.000	-0.009	200.000	3.788	2.726	1.328	1783012609.318
1051	200.000	-0.080	199.999	3.163	1.842	1.328	1783012609.592
1052	200.000	-0.004	200.005	2.600	0.508	1.328	1783012609.844
1053	200.000	0.037	199.998	2.794	5.820	1.328	1783012610.072
1054	200.000	0.012	200.000	3.370	4.671	1.328	1783012610.351
1055	200.000	-0.007	200.002	3.939	3.711	1.328	1783012610.578
1056	200.000	-0.004	199.999	3.799	2.769	1.328	1783012610.838
1057	200.000	0.017	200.004	3.146	1.672	1.328	1783012611.069
1058	200.000	-0.015	200.001	2.335	0.631	1.328	1783012611.333
1059	200.000	-0.015	199.998	2.781	5.733	1.328	1783012611.578
1060	200.000	-0.054	200.004	3.414	4.752	1.328	1783012611.851
1061	200.000	0.012	200.004	3.879	3.507	1.328	1783012612.108
1062	200.000	0.002	200.003	3.453	2.507	1.328	1783012612.401
1063	200.000	0.049	200.001	2.750	1.297	1.328	1783012612.648
1064	200.000	-0.053	199.999	2.689	0.211	1.328	1783012612.895
1065	200.000	0.083	200.000	3.039	5.365	1.328	1783012613.156
1066	200.000	-0.076	200.002	3.489	4.294	1.328	1783012613.394
1067	200.000	0.073	200.003	3.811	3.343	1.328	1783012613.649
1068	200.000	-0.006	200.004	3.447	2.289	1.328	1783012613.920
1069	200.000	-0.008	200.000	2.802	1.121	1.328	1783012614.173
1070	200.000	0.014	199.999	2.752	0.112	1.328	1783012614.412
1071	200.000	0.000	200.003	2.764	5.408	1.328	1783012614.658
1072	200.000	0.017	200.001	3.553	4.284	1.328	1783012614.918
1073	200.000	0.038	200.000	3.804	3.018	1.328	1783012615.208
1074	200.000	-0.031	200.002	3.354	2.005	1.328	1783012615.437
1075	200.000	0.042	200.002	2.774	1.045	1.328	1783012615.715
1076	200.000	-0.000	199.999	2.648	6.082	1.328	1783012616.005
1077	200.000	0.023	199.997	3.495	4.796	1.328	1783012616.253
1078	200.000	-0.014	199.996	3.869	3.824	1.328	1783012616.519
1079	200.000	-0.030	200.002	3.916	2.813	1.328	1783012616.764
1080	200.000	0.023	199.996	2.982	1.726	1.328	1783012616.973
1081	200.000	0.014	199.999	2.604	0.787	1.328	1783012617.234
1082	200.000	0.021	199.996	2.738	5.955	1.328	1783012617.501
1083	200.000	-0.031	199.997	3.167	4.874	1.328	1783012617.752
1084	200.000	-0.005	199.997	3.899	3.751	1.328	1783012618.011
1085	200.000	-0.002	199.999	3.757	2.846	1.328	1783012618.237
1086	200.000	0.059	200.000	3.343	1.817	1.328	1783012618.502
1087	200.000	0.055	200.001	2.699	0.721	1.328	1783012618.773
1088	200.000	0.001	199.999	2.796	5.941	1.328	1783012619.017
1089	200.000	-0.028	200.001	3.331	4.916	1.328	1783012619.240
1090	200.000	0.005	200.000	3.861	3.848	1.328	1783012619.506
1091	200.000	-0.017	200.002	3.864	2.798	1.328	1783012619.760
1092	200.000	-0.032	199.999	3.260	1.943	1.328	1783012619.997
1093	200.000	0.060	199.997	2.669	0.751	1.328	1783012620.250
1094	200.000	0.020	199.999	2.762	6.048	1.328	1783012620.482
1095	200.000	-0.011	200.001	3.368	4.974	1.328	1783012620.748
1096	200.000	-0.005	200.001	3.733	3.915	1.328	1783012620.992
1097	200.000	0.007	200.003	3.803	2.831	1.328	1783012621.264
1098	200.000	-0.023	199.999	3.136	1.719	1.328	1783012621.477
1099	200.000	-0.004	200.001	2.796	0.846	1.328	1783012621.746
1100	200.000	0.093	200.003	2.764	5.881	1.328	1783012622.005
1101	200.000	0.056	199.999	3.443	4.820	1.328	1783012622.275
1102	200.000	0.120	200.002	3.628	3.538	1.328	1783012622.531
1103	200.000	-0.019	200.003	3.922	2.689	1.328	1783012622.798
1104	200.000	0.046	200.001	2.965	1.518	1.328	1783012623.049
1105	200.000	-0.001	200.000	2.725	0.400	1.328	1783012623.302
1106	200.000	-0.007	199.999	2.824	5.668	1.328	1783012623.551
1107	200.000	0.070	200.001	3.233	4.722	1.328	1783012623.778
1108	200.000	-0.043	199.999	3.731	3.547	1.328	1783012624.046
1109	200.000	0.031	200.002	3.703	2.646	1.328	1783012624.278
1110	200.000	0.006	200.003	3.039	1.627	1.328	1783012624.548
1111	200.000	0.022	200.000	2.592	0.470	1.328	1783012624.799
1112	200.000	0.043	199.997	2.688	5.580	1.328	1783012625.043
1113	200.000	0.016	200.001	3.443	4.629	1.328	1783012625.294
1114	200.000	-0.001	200.003	4.004	3.554	1.328	1783012625.531
1115	200.000	-0.020	200.005	3.588	2.458	1.328	1783012625.797
1116	200.000	-0.116	200.000	3.359	1.500	1.328	1783012626.021
1117	200.000	-0.001	200.001	2.914	0.532	1.328	1783012626.286
1118	200.000	0.018	200.000	2.895	5.774	1.328	1783012626.541
1119	200.000	-0.036	200.000	3.407	4.651	1.328	1783012626.790
1120	200.000	0.014	199.996	3.960	3.575	1.328	1783012627.044
1121	200.000	0.001	199.999	3.786	2.556	1.328	1783012627.279
1122	200.000	0.003	200.001	3.125	1.539	1.328	1783012627.550
1123	200.000	0.004	199.999	2.733	0.372	1.328	1783012627.777
1124	200.000	0.002	200.002	2.908	5.708	1.328	1783012628.047
1125	200.000	-0.022	199.996	3.501	4.585	1.328	1783012628.276
1126	200.000	-0.012	199.998	4.033	3.615	1.328	1783012628.543
1127	200.000	-0.029	199.998	3.668	2.478	1.328	1783012628.797
1128	200.000	0.012	199.998	3.331	1.553	1.328	1783012629.038
1129	200.000	0.040	200.000	2.696	0.408	1.328	1783012629.293
1130	200.000	0.038	200.004	3.167	5.539	1.328	1783012629.520
1131	200.000	0.043	199.998	3.718	4.474	1.328	1783012629.799
1132	200.000	-0.029	200.004	3.896	3.400	1.328	1783012630.027
1133	200.000	-0.044	200.002	3.704	2.584	1.328	1783012630.279
1134	200.000	-0.004	200.001	2.869	1.498	1.328	1783012630.526
1135	200.000	-0.031	200.002	2.879	0.463	1.328	1783012630.794
1136	200.000	0.008	200.002	2.931	5.733	1.328	1783012631.048
1137	200.000	0.005	200.000	3.326	4.622	1.328	1783012631.295
1138	200.000	0.034	200.000	4.099	3.556	1.328	1783012631.529
1139	200.000	-0.033	199.999	3.709	2.553	1.328	1783012631.779
1140	200.000	-0.017	200.000	3.244	1.541	1.328	1783012632.052
1141	200.000	0.031	200.005	3.015	0.436	1.328	1783012632.268
1142	200.000	-0.042	199.999	2.984	5.712	1.328	1783012632.538
1143	200.000	-0.032	199.999	3.226	4.522	1.328	1783012632.789
1144	200.000	0.007	199.998	4.017	3.435	1.328	1783012633.053
1145	200.000	-0.026	200.001	3.757	2.401	1.328	1783012633.287
1146	200.000	-0.016	199.999	3.171	1.415	1.328	1783012633.523
1147	200.000	-0.021	199.995	2.733	0.292	1.328	1783012633.793
1148	200.000	-0.003	200.002	2.995	5.574	1.328	1783012634.027
1149	200.000	-0.008	199.998	3.420	4.537	1.328	1783012634.298
1150	200.000	0.010	199.999	4.004	3.317	1.328	1783012634.523
1151	200.000	0.046	200.000	3.770	2.327	1.328	1783012634.795
1152	200.000	0.014	200.000	3.065	1.267	1.328	1783012635.047
1153	200.000	0.027	199.999	2.863	0.292	1.328	1783012635.295
1154	200.000	-0.041	200.003	3.098	5.615	1.328	1783012635.535
1155	200.000	0.010	199.999	3.521	4.471	1.328	1783012635.764
1156	200.000	0.017	200.003	3.905	3.439	1.328	1783012636.034
1157	200.000	0.058	199.998	3.664	2.299	1.328	1783012636.271
1158	200.000	-0.047	200.001	3.144	1.311	1.328	1783012636.548
1159	200.000	0.035	200.000	3.067	0.346	1.328	1783012636.794
1160	200.000	-0.058	199.998	3.129	5.451	1.328	1783012637.035
1161	200.000	-0.003	200.002	3.647	4.192	1.328	1783012637.284
1162	200.000	-0.031	200.001	4.013	3.278	1.328	1783012637.514
1163	200.000	0.036	199.999	3.587	2.227	1.328	1783012637.783
1164	200.000	0.044	199.999	2.992	1.248	1.328	1783012638.012
1165	200.000	0.026	200.006	2.695	0.137	1.328	1783012638.316
1166	200.000	0.006	200.001	3.126	5.128	1.328	1783012638.604
1167	200.000	-0.022	199.998	3.717	4.025	1.328	1783012638.850
1168	200.000	-0.024	200.001	3.790	3.019	1.328	1783012639.063
1169	200.000	-0.041	199.997	3.601	2.124	1.328	1783012639.356
1170	200.000	-0.030	200.000	2.931	0.955	1.328	1783012639.580
1171	200.000	-0.016	200.001	2.793	6.041	1.328	1783012639.874
1172	200.000	0.023	199.998	3.236	4.935	1.328	1783012640.105
1173	200.000	-0.012	200.000	3.889	3.833	1.328	1783012640.368
1174	200.000	-0.029	200.004	3.831	2.687	1.328	1783012640.616
1175	200.000	0.008	200.002	3.391	1.814	1.328	1783012640.869
1176	200.000	0.030	200.001	2.891	0.640	1.328	1783012641.128
1177	200.000	0.030	200.002	2.731	5.983	1.328	1783012641.361
1178	200.000	0.045	200.004	3.220	4.988	1.328	1783012641.604
1179	200.000	-0.016	199.999	3.922	3.732	1.328	1783012641.855
1180	200.000	0.024	199.998	3.668	2.617	1.328	1783012642.129
1181	200.000	-0.005	200.000	3.375	1.659	1.328	1783012642.357
1182	200.000	-0.031	200.004	2.652	0.669	1.328	1783012642.626
1183	200.000	0.023	200.004	2.956	5.716	1.328	1783012642.878
1184	200.000	0.027	200.003	3.177	4.813	1.328	1783012643.128
1185	200.000	-0.033	200.000	3.934	3.578	1.328	1783012643.353
1186	200.000	-0.028	199.999	4.054	2.561	1.328	1783012643.590
1187	200.000	0.028	200.001	3.205	1.660	1.328	1783012643.879
1188	200.000	-0.013	200.002	2.850	0.559	1.328	1783012644.108
1189	200.000	-0.002	200.000	2.857	5.806	1.328	1783012644.382
1190	200.000	-0.062	200.001	3.483	4.604	1.328	1783012644.604
1191	200.000	0.009	200.003	3.955	3.516	1.328	1783012644.868
1192	200.000	-0.042	200.000	3.837	2.430	1.328	1783012645.120
1193	200.000	-0.009	200.000	3.256	1.535	1.328	1783012645.361
1194	200.000	-0.032	200.000	2.936	0.534	1.328	1783012645.613
1195	200.000	0.014	199.999	2.780	5.759	1.328	1783012645.870
1196	200.000	-0.030	199.997	3.450	4.509	1.328	1783012646.122
1197	200.000	0.018	200.002	4.124	3.440	1.328	1783012646.355
1198	200.000	0.041	200.002	3.864	2.495	1.328	1783012646.619
1199	200.000	0.059	200.001	3.387	1.435	1.328	1783012646.867
1200	200.000	-0.027	200.000	2.898	0.483	1.328	1783012647.098
1201	200.000	-0.042	200.000	2.916	5.701	1.328	1783012647.365
1202	200.000	0.015	200.001	3.357	4.629	1.328	1783012647.598
1203	200.000	-0.032	199.999	4.009	3.363	1.328	1783012647.861
1204	200.000	-0.036	200.005	3.633	2.303	1.328	1783012648.109
1205	200.000	-0.018	199.999	3.044	1.404	1.328	1783012648.374
1206	200.000	-0.030	200.002	2.827	0.364	1.328	1783012648.595
1207	200.000	-0.004	199.996	2.990	5.451	1.328	1783012648.888
1208	200.000	-0.005	200.001	3.516	4.224	1.328	1783012649.136
1209	200.000	-0.018	200.000	3.932	3.134	1.328	1783012649.397
1210	200.000	-0.011	199.999	3.657	2.183	1.328	1783012649.659
1211	200.000	-0.030	199.998	3.206	1.211	1.328	1783012649.898
1212	200.000	0.014	200.002	2.777	0.200	1.328	1783012650.133
1213	200.000	-0.028	200.004	3.038	5.445	1.328	1783012650.373
1214	200.000	0.018	200.002	3.533	4.365	1.328	1783012650.646
1215	200.000	-0.009	200.002	3.957	3.155	1.328	1783012650.876
1216	200.000	0.017	199.999	3.607	2.218	1.328	1783012651.145
1217	200.000	0.031	200.000	3.019	1.145	1.328	1783012651.390
1218	200.000	-0.016	199.995	2.753	0.214	1.328	1783012651.634
1219	200.000	-0.008	200.000	3.103	5.329	1.328	1783012651.886
1220	200.000	-0.011	200.000	3.768	4.294	1.328	1783012652.114
1221	200.000	0.004	200.003	3.884	3.199	1.328	1783012652.386
1222	200.000	-0.006	200.000	3.510	2.100	1.328	1783012652.640
1223	200.000	0.005	199.998	3.084	1.079	1.328	1783012652.893
1224	200.000	0.032	200.002	3.015	0.086	1.328	1783012653.120
1225	200.000	-0.054	199.995	3.123	5.354	1.328	1783012653.382
1226	200.000	-0.023	200.000	3.770	4.219	1.328	1783012653.632
1227	200.000	0.022	200.001	3.863	3.140	1.328	1783012653.865
1228	200.000	0.004	200.000	3.549	2.145	1.328	1783012654.130
1229	200.000	-0.020	200.005	2.814	1.020	1.328	1783012654.376
1230	200.000	0.004	199.999	2.870	0.001	1.328	1783012654.640
1231	200.000	-0.046	199.997	3.187	5.306	1.328	1783012654.882
1232	200.000	0.033	200.002	3.710	4.153	1.328	1783012655.145
1233	200.000	-0.038	200.001	3.787	3.069	1.328	1783012655.377
1234	200.000	-0.004	199.999	3.624	2.058	1.328	1783012655.647
1235	200.000	0.034	199.999	3.391	1.029	1.328	1783012655.895
1236	200.000	-0.044	200.002	2.952	0.053	1.328	1783012656.127
1237	200.000	-0.004	199.999	3.151	5.276	1.328	1783012656.387
1238	200.000	0.015	200.002	3.543	4.119	1.328	1783012656.610
1239	200.000	-0.005	200.001	3.863	3.039	1.328	1783012656.907
1240	200.000	0.004	200.004	3.483	1.862	1.328	1783012657.193
1241	200.000	0.028	200.002	2.774	0.716	1.328	1783012657.455
1242	200.000	0.030	199.998	2.935	5.994	1.328	1783012657.662
1243	200.000	-0.030	199.998	3.211	5.020	1.328	1783012657.952
1244	200.000	-0.023	200.002	3.868	3.847	1.328	1783012658.173
1245	200.000	0.057	200.000	3.798	2.791	1.328	1783012658.440
1246	200.000	0.032	200.000	3.216	1.736	1.328	1783012658.689
1247	200.000	0.024	200.001	2.872	0.638	1.328	1783012658.949
1248	200.000	0.025	199.997	3.002	5.890	1.328	1783012659.197
1249	200.000	0.030	199.999	3.300	4.908	1.328	1783012659.434
1250	200.000	-0.020	200.000	3.665	3.813	1.328	1783012659.687
1251	200.000	0.005	199.998	3.852	2.707	1.328	1783012659.940
1252	200.000	0.010	200.000	3.403	1.728	1.328	1783012660.186
1253	200.000	0.014	199.997	3.085	0.776	1.328	1783012660.422
1254	200.000	-0.023	200.003	2.887	6.062	1.328	1783012660.694
1255	200.000	0.027	199.997	3.471	4.907	1.328	1783012660.951
1256	200.000	0.030	199.998	3.888	3.742	1.328	1783012661.180
1257	200.000	0.037	199.999	3.651	2.692	1.328	1783012661.448
1258	200.000	0.010	200.000	3.450	1.665	1.328	1783012661.680
1259	200.000	-0.033	200.001	2.958	0.678	1.328	1783012661.949
1260	200.000	-0.067	199.997	2.978	5.900	1.328	1783012662.176
1261	200.000	-0.026	200.001	3.394	4.761	1.328	1783012662.441
1262	200.000	-0.025	199.997	3.968	3.560	1.328	1783012662.701
1263	200.000	-0.020	200.004	3.756	2.655	1.328	1783012662.947
1264	200.000	0.020	200.000	3.284	1.598	1.328	1783012663.186
1265	200.000	-0.041	200.000	2.882	0.676	1.328	1783012663.453
1266	200.000	-0.006	200.000	2.837	5.990	1.328	1783012663.704
1267	200.000	-0.062	200.001	3.539	4.730	1.328	1783012663.921
1268	200.000	-0.043	200.002	3.981	3.695	1.328	1783012664.193
1269	200.000	0.008	199.999	3.875	2.575	1.328	1783012664.441
1270	200.000	-0.005	199.998	3.219	1.529	1.328	1783012664.705
1271	200.000	0.034	199.997	3.004	0.463	1.328	1783012664.960
1272	200.000	-0.020	200.000	3.001	5.771	1.328	1783012665.193
1273	200.000	0.017	199.997	3.614	4.628	1.328	1783012665.433
1274	200.000	0.014	199.998	3.987	3.595	1.328	1783012665.683
1275	200.000	-0.015	199.997	3.836	2.540	1.328	1783012665.961
1276	200.000	-0.092	200.000	3.479	1.505	1.328	1783012666.183
1277	200.000	0.020	200.002	2.927	0.521	1.328	1783012666.451
1278	200.000	-0.015	200.004	3.043	5.724	1.328	1783012666.709
1279	200.000	0.022	200.004	3.560	4.457	1.328	1783012666.984
1280	200.000	-0.006	199.998	4.130	3.220	1.328	1783012667.222
1281	200.000	-0.010	199.999	3.704	2.248	1.328	1783012667.482
1282	200.000	-0.020	200.005	3.035	1.238	1.328	1783012667.732
1283	200.000	-0.000	199.999	2.777	0.273	1.328	1783012667.967
1284	200.000	-0.007	199.997	2.999	5.534	1.328	1783012668.212
1285	200.000	-0.032	200.005	3.683	4.389	1.328	1783012668.461
1286	200.000	0.015	199.998	4.055	3.185	1.328	1783012668.730
1287	200.000	-0.014	200.000	3.724	2.212	1.328	1783012668.952
1288	200.000	-0.015	200.000	3.219	1.347	1.328	1783012669.227
1289	200.000	0.018	200.000	2.863	0.274	1.328	1783012669.480
1290	200.000	-0.023	200.003	3.151	5.525	1.328	1783012669.716
1291	200.000	0.006	200.005	3.713	4.351	1.328	1783012669.962
1292	200.000	-0.000	200.002	4.168	3.260	1.328	1783012670.213
1293	200.000	0.043	200.000	3.772	2.252	1.328	1783012670.481
1294	200.000	-0.022	200.001	3.250	1.207	1.328	1783012670.701
1295	200.000	-0.024	200.006	3.021	0.274	1.328	1783012670.971
1296	200.000	-0.028	199.999	3.158	5.246	1.328	1783012671.210
1297	200.000	-0.015	199.999	3.803	4.299	1.328	1783012671.484
1298	200.000	0.007	199.999	3.995	3.103	1.328	1783012671.732
1299	200.000	0.062	199.997	3.683	2.257	1.328	1783012671.948
1300	200.000	0.043	200.000	3.218	1.295	1.328	1783012672.216
1301	200.000	-0.065	200.001	2.913	0.200	1.328	1783012672.470
1302	200.000	0.009	199.997	3.193	5.525	1.328	1783012672.718
1303	200.000	0.005	199.998	3.717	4.339	1.328	1783012672.950
1304	200.000	0.008	199.998	4.069	3.264	1.328	1783012673.218
1305	200.000	-0.005	199.999	3.507	2.072	1.328	1783012673.473
1306	200.000	-0.019	199.998	3.064	1.208	1.328	1783012673.720
1307	200.000	-0.040	199.998	2.960	0.109	1.328	1783012673.969
1308	200.000	0.005	200.000	3.233	5.344	1.328	1783012674.216
1309	200.000	0.001	199.995	3.953	4.189	1.328	1783012674.463
1310	200.000	-0.010	199.999	4.051	3.168	1.328	1783012674.720
1311	200.000	-0.002	199.998	3.660	2.169	1.328	1783012674.965
1312	200.000	0.043	199.999	3.373	1.100	1.328	1783012675.212
1313	200.000	-0.008	200.002	3.058	0.082	1.328	1783012675.478
1314	200.000	0.038	199.999	3.332	5.249	1.328	1783012675.741
1315	200.000	-0.030	199.999	3.940	4.089	1.328	1783012675.964
1316	200.000	-0.025	200.002	3.960	3.042	1.328	1783012676.244
1317	200.000	0.014	200.003	3.558	1.923	1.328	1783012676.515
1318	200.000	0.028	199.999	3.230	0.980	1.328	1783012676.753
1319	200.000	-0.009	200.003	3.056	0.007	1.328	1783012676.978
1320	200.000	-0.033	200.000	3.402	5.214	1.328	1783012677.246
1321	200.000	-0.011	200.005	3.838	3.924	1.328	1783012677.494
1322	200.000	-0.068	200.003	4.042	2.829	1.328	1783012677.753
1323	200.000	-0.010	200.001	3.475	1.858	1.328	1783012678.000
1324	200.000	-0.036	200.005	3.114	0.877	1.328	1783012678.269
1325	200.000	0.040	199.997	2.925	6.033	1.328	1783012678.519
1326	200.000	-0.053	199.999	3.280	4.981	1.328	1783012678.742
1327	200.000	0.007	200.003	4.031	3.873	1.328	1783012679.011
1328	200.000	0.045	200.003	4.030	2.809	1.328	1783012679.237
1329	200.000	-0.038	200.001	3.475	1.826	1.328	1783012679.512
1330	200.000	0.008	200.001	3.046	0.801	1.328	1783012679.735
1331	200.000	-0.012	200.002	2.934	6.074	1.328	1783012680.012
1332	200.000	-0.023	199.999	3.591	4.941	1.328	1783012680.271
1333	200.000	-0.008	200.000	4.176	3.780	1.328	1783012680.515
1334	200.000	0.084	200.001	4.080	2.780	1.328	1783012680.750
1335	200.000	0.007	200.000	3.422	1.789	1.328	1783012680.996
1336	200.000	0.017	200.002	3.009	0.727	1.328	1783012681.251
1337	200.000	0.032	200.002	3.032	5.953	1.328	1783012681.501
1338	200.000	-0.013	199.999	3.661	4.898	1.328	1783012681.759
1339	200.000	0.032	200.000	4.012	3.704	1.328	1783012682.007
1340	200.000	-0.072	200.000	4.141	2.821	1.328	1783012682.253
1341	200.000	0.026	199.999	3.346	1.701	1.328	1783012682.497
1342	200.000	0.025	200.004	2.881	0.772	1.328	1783012682.737
1343	200.000	-0.006	199.997	2.925	5.955	1.328	1783012683.001
1344	200.000	-0.001	199.999	3.545	4.776	1.328	1783012683.249
1345	200.000	-0.011	199.999	4.140	3.665	1.328	1783012683.532
1346	200.000	-0.018	200.003	3.850	2.450	1.328	1783012683.828
1347	200.000	-0.023	200.006	3.041	1.365	1.328	1783012684.077
1348	200.000	-0.022	200.002	2.794	0.372	1.328	1783012684.320
1349	200.000	0.029	200.002	3.137	5.540	1.328	1783012684.576
1350	200.000	0.008	199.998	3.871	4.287	1.328	1783012684.798
1351	200.000	0.021	199.999	4.151	3.388	1.328	1783012685.061
1352	200.000	0.006	200.000	3.786	2.337	1.328	1783012685.308
1353	200.000	-0.008	200.003	3.235	1.435	1.328	1783012685.572
1354	200.000	-0.005	200.000	2.830	0.220	1.328	1783012685.831
1355	200.000	-0.017	200.001	3.292	5.459	1.328	1783012686.074
1356	200.000	0.005	200.001	3.923	4.308	1.328	1783012686.325
1357	200.000	-0.002	200.001	4.234	3.429	1.328	1783012686.565
1358	200.000	-0.054	199.999	3.727	2.343	1.328	1783012686.824
1359	200.000	-0.004	200.005	3.050	1.261	1.328	1783012687.053
1360	200.000	0.001	200.002	2.885	0.319	1.328	1783012687.317
1361	200.000	0.038	200.001	3.237	5.405	1.328	1783012687.569
1362	200.000	-0.008	200.003	4.045	4.341	1.328	1783012687.826
1363	200.000	0.030	199.997	4.206	3.110	1.328	1783012688.085
1364	200.000	-0.016	199.996	3.511	2.213	1.328	1783012688.326
1365	200.000	-0.008	199.997	2.899	1.190	1.328	1783012688.575
1366	200.000	-0.011	199.999	2.880	0.057	1.328	1783012688.833
1367	200.000	-0.003	200.000	3.382	5.336	1.328	1783012689.075
1368	200.000	0.015	199.999	4.025	4.308	1.328	1783012689.301
1369	200.000	0.008	200.000	4.174	3.240	1.328	1783012689.577
1370	200.000	-0.027	200.003	3.591	2.097	1.328	1783012689.825
1371	200.000	-0.015	200.004	3.040	1.169	1.328	1783012690.074
1372	200.000	0.054	199.994	2.897	0.035	1.328	1783012690.322
1373	200.000	-0.014	200.003	3.107	5.347	1.328	1783012690.547
1374	200.000	0.027	200.001	3.898	4.222	1.328	1783012690.820
1375	200.000	0.000	200.003	4.240	3.158	1.328	1783012691.051
1376	200.000	0.019	199.999	3.573	2.173	1.328	1783012691.334
1377	200.000	-0.019	199.997	3.112	1.060	1.328	1783012691.554
1378	200.000	-0.017	200.001	2.698	0.065	1.328	1783012691.828
1379	200.000	0.035	200.001	3.352	5.087	1.328	1783012692.063
1380	200.000	0.005	200.001	4.172	4.115	1.328	1783012692.326
1381	200.000	0.049	199.999	4.140	3.066	1.328	1783012692.577
1382	200.000	0.038	200.000	3.496	2.075	1.328	1783012692.801
1383	200.000	-0.003	199.998	2.872	1.099	1.328	1783012693.074
1384	200.000	0.003	199.998	2.951	0.030	1.328	1783012693.310
1385	200.000	0.033	199.997	3.023	5.238	1.328	1783012693.567
1386	200.000	-0.044	200.001	4.205	4.018	1.328	1783012693.813
1387	200.000	-0.004	200.003	4.225	2.969	1.328	1783012694.076
1388	200.000	-0.026	199.999	3.388	1.906	1.328	1783012694.325
1389	200.000	-0.013	200.000	2.915	1.015	1.328	1783012694.559
1390	200.000	-0.045	199.997	2.879	6.206	1.328	1783012694.817
1391	200.000	0.017	199.999	3.543	5.039	1.328	1783012695.050
1392	200.000	-0.006	200.004	4.093	4.091	1.328	1783012695.320
1393	200.000	-0.010	200.002	4.059	2.929	1.328	1783012695.553
1394	200.000	-0.038	199.998	3.450	2.013	1.328	1783012695.815
1395	200.000	-0.027	200.001	2.876	0.860	1.328	1783012696.064
1396	200.000	0.024	199.995	2.983	6.118	1.328	1783012696.326
1397	200.000	-0.001	200.003	3.605	4.928	1.328	1783012696.563
1398	200.000	0.036	200.001	4.209	3.846	1.328	1783012696.822
1399	200.000	0.037	200.002	4.081	2.804	1.328	1783012697.063
1400	200.000	0.073	199.998	3.317	1.705	1.328	1783012697.312
1401	200.000	-0.003	200.002	2.889	0.728	1.328	1783012697.565
1402	200.000	-0.011	199.998	2.946	5.883	1.328	1783012697.813
1403	200.000	0.020	200.001	3.620	4.858	1.328	1783012698.064
1404	200.000	-0.023	200.003	4.216	3.693	1.328	1783012698.312
1405	200.000	0.036	199.996	3.984	2.837	1.328	1783012698.568
1406	200.000	0.070	200.002	3.272	1.806	1.328	1783012698.822
1407	200.000	0.021	200.000	2.816	0.642	1.328	1783012699.102
1408	200.000	0.015	200.002	3.144	5.823	1.328	1783012699.341
1409	200.000	-0.040	200.002	3.717	4.795	1.328	1783012699.577
1410	200.000	0.047	199.999	4.326	3.495	1.328	1783012699.854
1411	200.000	-0.023	200.003	3.797	2.469	1.328	1783012700.076
1412	200.000	0.080	200.000	3.234	1.646	1.328	1783012700.320
1413	200.000	-0.008	199.999	2.949	0.629	1.328	1783012700.567
1414	200.000	0.022	200.000	3.061	5.777	1.328	1783012700.853
1415	200.000	0.000	199.999	3.682	4.506	1.328	1783012701.126
1416	200.000	0.027	200.001	4.298	3.415	1.328	1783012701.391
1417	200.000	0.023	200.001	3.529	2.375	1.328	1783012701.640
1418	200.000	0.018	199.999	3.111	1.237	1.328	1783012701.903
1419	200.000	-0.006	200.000	2.860	0.121	1.328	1783012702.152
1420	200.000	-0.013	200.002	3.451	5.413	1.328	1783012702.397
1421	200.000	0.020	200.003	3.756	4.187	1.328	1783012702.649
1422	200.000	0.020	200.004	4.412	3.239	1.328	1783012702.880
1423	200.000	0.012	200.002	3.758	2.231	1.328	1783012703.152
1424	200.000	0.018	200.001	3.016	1.214	1.328	1783012703.387
1425	200.000	-0.015	200.000	2.974	0.236	1.328	1783012703.654
1426	200.000	0.014	200.002	3.388	5.437	1.328	1783012703.882
1427	200.000	0.004	199.995	4.028	4.276	1.328	1783012704.144
1428	200.000	-0.003	200.002	4.192	3.313	1.328	1783012704.410
1429	200.000	-0.029	199.999	3.778	2.388	1.328	1783012704.649
1430	200.000	-0.015	200.001	2.981	1.297	1.328	1783012704.888
1431	200.000	-0.015	199.995	2.951	0.160	1.328	1783012705.137
1432	200.000	-0.004	200.003	3.185	5.438	1.328	1783012705.384
1433	200.000	0.009	199.996	4.025	4.241	1.328	1783012705.631
1434	200.000	0.035	199.999	4.323	3.227	1.328	1783012705.904
1435	200.000	-0.037	199.998	3.454	2.129	1.328	1783012706.158
1436	200.000	0.008	199.997	2.997	0.955	1.328	1783012706.421
1437	200.000	-0.031	199.999	2.864	6.112	1.328	1783012706.680
1438	200.000	-0.012	199.997	3.605	5.032	1.328	1783012706.909
1439	200.000	0.043	199.999	4.261	4.027	1.328	1783012707.160
1440	200.000	0.009	200.001	4.073	3.042	1.328	1783012707.421
1441	200.000	-0.019	200.003	3.412	2.058	1.328	1783012707.672
1442	200.000	0.041	200.004	2.829	1.010	1.328	1783012707.895
1443	200.000	0.027	199.998	2.950	0.058	1.328	1783012708.167
1444	200.000	-0.002	199.999	3.574	5.128	1.328	1783012708.402
1445	200.000	-0.036	199.998	4.211	4.191	1.328	1783012708.678
1446	200.000	0.048	200.002	4.063	2.994	1.328	1783012708.935
1447	200.000	0.053	199.999	2.940	2.121	1.328	1783012709.173
1448	200.000	-0.016	200.003	2.868	0.904	1.328	1783012709.400
1449	200.000	0.012	200.000	2.959	6.214	1.328	1783012709.657
1450	200.000	0.018	200.004	3.307	5.335	1.328	1783012709.902
1451	200.000	0.039	200.004	3.844	4.393	1.328	1783012710.151
1452	200.000	0.003	199.998	4.387	3.462	1.328	1783012710.403
1453	200.000	0.068	200.003	3.614	2.276	1.328	1783012710.662
1454	200.000	-0.009	200.000	3.296	1.245	1.328	1783012710.904
1455	200.000	-0.012	200.003	3.012	0.011	1.328	1783012711.154
1456	200.000	-0.042	200.001	3.465	5.343	1.328	1783012711.404
1457	200.000	-0.028	200.001	4.111	4.234	1.328	1783012711.656
1458	200.000	-0.002	200.001	4.322	3.155	1.328	1783012711.919
1459	200.000	0.005	200.001	4.043	2.072	1.328	1783012712.165
1460	200.000	-0.027	200.000	2.768	0.931	1.328	1783012712.391
1461	200.000	0.026	199.998	2.963	0.017	1.328	1783012712.663
1462	200.000	0.050	199.994	3.571	5.147	1.328	1783012712.911
1463	200.000	0.002	199.999	4.398	4.242	1.328	1783012713.135
1464	200.000	-0.059	200.003	4.212	3.160	1.328	1783012713.420
1465	200.000	0.027	199.999	3.485	1.956	1.328	1783012713.667
1466	200.000	-0.013	200.000	2.964	0.840	1.328	1783012713.935
1467	200.000	-0.003	199.997	3.168	6.160	1.328	1783012714.188
1468	200.000	-0.000	199.999	3.792	5.025	1.328	1783012714.439
1469	200.000	-0.002	200.000	4.202	4.009	1.328	1783012714.675
1470	200.000	0.002	200.001	4.092	2.978	1.328	1783012714.948
1471	200.000	-0.004	199.995	3.248	1.847	1.328	1783012715.196
1472	200.000	-0.011	199.995	2.778	0.768	1.328	1783012715.438
1473	200.000	-0.004	199.996	3.110	6.034	1.328	1783012715.690
1474	200.000	0.036	200.002	3.598	5.032	1.328	1783012715.919
1475	200.000	-0.020	200.000	4.199	4.017	1.328	1783012716.194
1476	200.000	-0.008	200.000	4.104	2.841	1.328	1783012716.428
1477	200.000	-0.051	199.998	3.467	1.865	1.328	1783012716.693
1478	200.000	0.005	200.000	3.068	0.793	1.328	1783012716.942
1479	200.000	0.008	200.001	3.147	6.021	1.328	1783012717.193
1480	200.000	-0.003	199.997	3.725	4.895	1.328	1783012717.451
1481	200.000	-0.034	200.001	4.284	3.876	1.328	1783012717.690
1482	200.000	-0.014	200.000	4.037	2.757	1.328	1783012717.943
1483	200.000	0.041	199.997	3.403	1.881	1.328	1783012718.170
1484	200.000	0.022	199.998	2.871	0.722	1.328	1783012718.449
1485	200.000	0.007	200.002	3.026	6.103	1.328	1783012718.667
1486	200.000	0.014	200.000	3.727	5.035	1.328	1783012718.940
1487	200.000	0.013	199.998	4.176	3.760	1.328	1783012719.191
1488	200.000	-0.021	199.999	4.058	2.711	1.328	1783012719.428
1489	200.000	0.071	200.002	3.390	1.662	1.328	1783012719.693
1490	200.000	0.023	200.001	2.938	0.589	1.328	1783012719.925
1491	200.000	0.045	200.002	3.160	5.833	1.328	1783012720.173
1492	200.000	-0.016	200.001	3.695	4.897	1.328	1783012720.424
1493	200.000	0.046	200.001	4.340	3.759	1.328	1783012720.696
1494	200.000	0.005	200.003	4.019	2.678	1.328	1783012720.948
1495	200.000	0.013	200.002	3.158	1.529	1.328	1783012721.214
1496	200.000	-0.038	200.000	2.999	0.503	1.328	1783012721.459
1497	200.000	-0.068	200.005	3.144	5.707	1.328	1783012721.743
1498	200.000	0.031	200.001	3.700	4.580	1.328	1783012721.983
1499	200.000	-0.021	200.003	4.398	3.520	1.328	1783012722.212
1500	200.000	-0.032	200.002	3.980	2.547	1.328	1783012722.474
1501	200.000	-0.008	200.000	3.049	1.433	1.328	1783012722.735
1502	200.000	-0.021	200.002	2.905	0.426	1.328	1783012722.980
1503	200.000	-0.006	200.002	3.434	5.625	1.328	1783012723.208
1504	200.000	-0.026	199.998	3.707	4.682	1.328	1783012723.487
1505	200.000	-0.017	199.999	4.159	3.409	1.328	1783012723.721
1506	200.000	0.010	199.999	3.913	2.354	1.328	1783012723.971
1507	200.000	0.011	199.998	3.212	1.272	1.328	1783012724.221
1508	200.000	0.025	200.003	2.886	0.338	1.328	1783012724.454
1509	200.000	-0.037	199.999	3.232	5.546	1.328	1783012724.721
1510	200.000	0.000	200.001	4.000	4.457	1.328	1783012724.978
1511	200.000	0.045	199.996	4.314	3.287	1.328	1783012725.248
1512	200.000	0.011	200.001	3.701	2.234	1.328	1783012725.476
1513	200.000	0.012	199.999	3.079	1.294	1.328	1783012725.742
1514	200.000	0.070	200.005	3.317	0.234	1.328	1783012725.982
1515	200.000	0.001	200.000	3.412	5.457	1.328	1783012726.255
1516	200.000	0.020	199.999	4.134	4.191	1.328	1783012726.499
1517	200.000	0.028	199.995	4.333	3.107	1.328	1783012726.751
1518	200.000	0.022	199.999	3.531	2.121	1.328	1783012727.028
1519	200.000	0.011	199.999	2.992	0.816	1.328	1783012727.320
1520	200.000	0.038	200.001	3.155	5.947	1.328	1783012727.577
1521	200.000	0.042	200.000	3.792	4.795	1.328	1783012727.859
1522	200.000	-0.067	200.000	4.503	3.690	1.328	1783012728.085
1523	200.000	0.011	200.001	4.315	2.842	1.328	1783012728.325
1524	200.000	0.004	200.004	3.488	1.760	1.328	1783012728.589
1525	200.000	0.009	200.000	2.897	0.730	1.328	1783012728.840
1526	200.000	0.084	199.998	3.011	5.970	1.328	1783012729.069
1527	200.000	0.011	199.998	3.609	4.921	1.328	1783012729.328
1528	200.000	-0.011	200.003	4.268	3.702	1.328	1783012729.576
1529	200.000	0.033	200.000	4.057	2.608	1.328	1783012729.836
1530	200.000	0.032	200.002	2.875	1.810	1.328	1783012730.085
1531	200.000	-0.015	200.000	2.924	0.562	1.328	1783012730.313
1532	200.000	0.090	200.000	3.191	5.904	1.328	1783012730.580
1533	200.000	-0.007	199.998	4.074	4.635	1.328	1783012730.841
1534	200.000	0.089	200.001	4.720	3.597	1.328	1783012731.067
1535	200.000	-0.061	200.004	4.035	2.741	1.328	1783012731.332
1536	200.000	0.109	200.000	3.551	1.604	1.328	1783012731.568
1537	200.000	0.002	200.000	2.917	0.536	1.328	1783012731.832
1538	200.000	0.019	199.997	3.372	5.596	1.328	1783012732.085
1539	200.000	0.039	200.003	3.686	4.695	1.328	1783012732.336
1540	200.000	0.010	200.000	4.537	3.517	1.328	1783012732.585
1541	200.000	-0.010	199.999	4.030	2.542	1.328	1783012732.833
1542	200.000	0.007	200.002	3.067	1.436	1.328	1783012733.092
1543	200.000	0.008	200.004	2.751	0.350	1.328	1783012733.302
1544	200.000	0.002	200.002	3.233	5.620	1.328	1783012733.578
1545	200.000	0.042	199.999	3.836	4.571	1.328	1783012733.829
1546	200.000	0.046	199.999	4.693	3.568	1.328	1783012734.088
1547	200.000	-0.028	200.001	4.033	2.415	1.328	1783012734.346
1548	200.000	0.016	200.001	3.253	1.431	1.328	1783012734.583
1549	200.000	-0.014	200.003	2.853	0.312	1.328	1783012734.828
1550	200.000	0.031	200.001	3.337	5.655	1.328	1783012735.078
1551	200.000	0.016	200.001	4.074	4.448	1.328	1783012735.336
1552	200.000	-0.001	199.998	4.642	3.450	1.328	1783012735.566
1553	200.000	-0.001	200.003	3.824	2.373	1.328	1783012735.843
1554	200.000	0.027	199.999	3.156	1.252	1.328	1783012736.069
1555	200.000	-0.038	199.999	2.981	0.240	1.328	1783012736.338
1556	200.000	-0.021	200.008	3.230	5.431	1.328	1783012736.592
1557	200.000	-0.042	199.999	3.840	4.551	1.328	1783012736.832
1558	200.000	-0.010	200.002	4.456	3.433	1.328	1783012737.080
1559	200.000	0.005	199.998	4.145	2.507	1.328	1783012737.298
1560	200.000	0.000	200.004	3.095	1.309	1.328	1783012737.577
1561	200.000	0.029	200.001	3.121	0.463	1.328	1783012737.808
1562	200.000	0.032	199.999	3.204	5.856	1.328	1783012738.075
1563	200.000	-0.047	199.998	3.949	4.519	1.328	1783012738.319
1564	200.000	-0.077	199.999	4.572	3.390	1.328	1783012738.595
1565	200.000	-0.014	199.994	3.897	2.434	1.328	1783012738.811
1566	200.000	0.019	200.000	3.244	1.370	1.328	1783012739.069
1567	200.000	0.010	199.999	3.084	0.219	1.328	1783012739.336
1568	200.000	-0.080	199.998	3.346	5.417	1.328	1783012739.566
1569	200.000	-0.005	199.999	4.294	4.247	1.328	1783012739.842
1570	200.000	0.022	200.001	4.409	3.294	1.328	1783012740.052
1571	200.000	-0.004	199.999	3.669	2.233	1.328	1783012740.347
1572	200.000	-0.010	199.994	3.205	1.259	1.328	1783012740.583
1573	200.000	0.007	200.003	3.033	0.176	1.328	1783012740.824
1574	200.000	-0.023	200.000	3.347	5.368	1.328	1783012741.073
1575	200.000	0.074	200.000	4.177	4.273	1.328	1783012741.337
1576	200.000	0.060	200.000	4.422	3.103	1.328	1783012741.587
1577	200.000	-0.012	200.006	3.752	2.100	1.328	1783012741.812
1578	200.000	-0.023	200.001	3.077	1.155	1.328	1783012742.084
1579	200.000	-0.044	200.001	2.906	6.254	1.328	1783012742.358
1580	200.000	-0.038	199.998	3.662	4.949	1.328	1783012742.654
1581	200.000	-0.013	200.004	4.402	3.709	1.328	1783012742.950
1582	200.000	-0.053	199.997	4.213	2.658	1.328	1783012743.209
1583	200.000	-0.006	200.002	3.457	1.629	1.328	1783012743.478
1584	200.000	-0.030	199.999	2.937	0.441	1.328	1783012743.700
1585	200.000	-0.020	199.995	3.330	5.688	1.328	1783012743.963
1586	200.000	0.005	199.999	3.534	4.583	1.328	1783012744.218
1587	200.000	0.003	200.001	4.269	3.552	1.328	1783012744.455
1588	200.000	0.006	199.997	4.279	2.414	1.328	1783012744.714
1589	200.000	-0.036	200.002	3.309	1.569	1.328	1783012744.934
1590	200.000	-0.014	199.999	2.838	0.486	1.328	1783012745.225
1591	200.000	0.022	200.000	3.215	5.708	1.328	1783012745.457
1592	200.000	0.012	200.004	3.857	4.584	1.328	1783012745.719
1593	200.000	0.008	200.001	4.564	3.429	1.328	1783012745.940
1594	200.000	-0.038	200.000	4.268	2.679	1.328	1783012746.159
1595	200.000	0.004	200.001	3.419	1.713	1.328	1783012746.434
1596	200.000	-0.019	200.002	3.101	0.607	1.328	1783012746.663
1597	200.000	0.083	200.001	3.278	5.999	1.328	1783012746.916
1598	200.000	0.077	199.997	3.631	4.814	1.328	1783012747.169
1599	200.000	0.030	200.000	4.591	3.581	1.328	1783012747.404
1600	200.000	-0.026	199.998	4.133	2.502	1.328	1783012747.658
1601	200.000	-0.003	199.995	3.443	1.584	1.328	1783012747.886
1602	200.000	0.008	199.995	3.132	0.581	1.328	1783012748.157
1603	200.000	-0.001	200.002	3.423	5.978	1.328	1783012748.420
1604	200.000	0.011	200.003	3.948	4.452	1.328	1783012748.735
1605	200.000	-0.020	199.996	4.343	3.190	1.328	1783012748.972
1606	200.000	0.056	199.998	3.983	2.181	1.328	1783012749.230
1607	200.000	0.021	200.001	3.123	1.214	1.328	1783012749.494
1608	200.000	0.066	200.003	3.223	0.214	1.328	1783012749.743
1609	200.000	-0.021	200.000	3.309	5.366	1.328	1783012749.960
1610	200.000	-0.008	199.998	4.040	4.511	1.328	1783012750.245
1611	200.000	0.056	199.998	4.406	4.002	1.328	1783012750.495
1612	200.000	-0.008	200.001	4.335	3.756	1.328	1783012750.743
1613	200.000	0.009	199.999	4.457	3.029	1.328	1783012750.997
1614	200.000	-0.031	199.998	4.730	2.907	1.328	1783012751.227
1615	200.000	-0.006	200.002	4.599	2.992	1.328	1783012751.491
1616	200.000	0.003	200.000	4.419	2.880	1.328	1783012751.740
1617	200.000	-0.027	200.003	4.497	2.948	1.328	1783012751.997
1618	200.000	-0.002	200.000	4.415	2.948	1.328	1783012752.214
1619	200.000	0.069	199.999	4.583	3.022	1.328	1783012752.499
1620	200.000	0.154	200.000	5.061	3.165	1.328	1783012752.759
1621	200.000	-0.021	199.997	4.473	2.935	1.328	1783012753.006
1622	200.000	0.026	200.004	4.560	2.919	1.328	1783012753.237
1623	200.000	-0.037	199.999	4.494	2.955	1.328	1783012753.495
1624	200.000	0.101	199.997	4.584	3.037	1.328	1783012753.730
1625	200.000	0.047	200.001	4.603	3.040	1.328	1783012753.985
1626	200.000	-0.050	200.003	4.453	3.084	1.328	1783012754.242
1627	200.000	-0.036	200.003	4.691	2.960	1.328	1783012754.475
1628	200.000	-0.018	200.001	4.592	3.007	1.328	1783012754.749
1629	200.000	-0.028	199.996	4.503	2.974	1.328	1783012755.001
1630	200.000	-0.035	199.997	4.470	2.886	1.328	1783012755.235
1631	200.000	0.016	200.001	4.508	2.951	1.328	1783012755.498
