Point No.	Frequency Set (GHz)	THz Photocurrent (nA)	Frequency Act (GHz)	Amplitude (via StrMod)	Phase (via StrMod)	Frequency Fit	Timestamp (s)
1	200.000	0.021	200.002	0.892	4.449	1.328	1783012918.515
2	200.000	-0.069	200.002	1.045	4.019	1.328	1783012918.777
3	200.000	-0.007	200.001	1.045	4.040	1.328	1783012919.025
4	200.000	-0.049	200.005	1.073	3.983	1.328	1783012919.307
5	200.000	-0.013	199.998	0.875	3.998	1.328	1783012919.563
6	200.000	-0.003	199.998	1.083	4.012	1.328	1783012919.817
7	200.000	-0.037	200.001	0.990	4.059	1.328	1783012920.082
8	200.000	-0.001	199.999	1.020	4.089	1.328	1783012920.336
9	200.000	-0.013	199.998	1.082	3.810	1.328	1783012920.594
10	200.000	-0.026	200.000	0.611	4.706	1.328	1783012920.827
11	200.000	-0.044	200.002	0.734	5.912	1.328	1783012921.090
12	200.000	-0.004	200.000	0.741	0.706	1.328	1783012921.312
13	200.000	0.004	199.999	1.233	1.470	1.328	1783012921.586
14	200.000	-0.043	200.004	1.365	2.488	1.328	1783012921.840
15	200.000	0.005	200.003	1.119	3.399	1.328	1783012922.079
16	200.000	-0.099	199.999	0.760	4.834	1.328	1783012922.321
17	200.000	0.012	199.997	0.599	6.216	1.328	1783012922.591
18	200.000	-0.007	199.999	0.814	0.765	1.328	1783012922.844
19	200.000	-0.087	200.001	0.641	2.196	1.328	1783012923.069
20	200.000	-0.013	200.001	1.467	2.466	1.328	1783012923.336
21	200.000	-0.073	200.000	1.260	3.650	1.328	1783012923.589
22	200.000	-0.043	199.998	0.786	4.688	1.328	1783012923.836
23	200.000	0.001	199.998	0.528	0.222	1.328	1783012924.070
24	200.000	0.042	199.998	0.730	0.847	1.328	1783012924.333
25	200.000	0.007	200.001	1.376	1.795	1.328	1783012924.608
26	200.000	0.002	199.996	1.438	2.606	1.328	1783012924.895
27	200.000	0.005	199.997	1.277	3.948	1.328	1783012925.141
28	200.000	0.015	200.003	0.566	5.295	1.328	1783012925.412
29	200.000	0.015	200.002	0.685	0.227	1.328	1783012925.634
30	200.000	-0.030	200.001	0.860	1.011	1.328	1783012925.894
31	200.000	-0.025	200.001	1.242	2.026	1.328	1783012926.148
32	200.000	-0.042	200.000	1.528	3.045	1.328	1783012926.418
33	200.000	-0.021	200.002	0.979	4.262	1.328	1783012926.656
34	200.000	-0.016	199.996	0.642	5.431	1.328	1783012926.884
35	200.000	0.032	200.001	0.148	5.654	1.328	1783012927.169
36	200.000	0.071	200.002	1.087	1.268	1.328	1783012927.394
37	200.000	0.008	200.000	1.335	1.984	1.328	1783012927.660
38	200.000	0.062	200.002	1.438	3.188	1.328	1783012927.893
39	200.000	0.009	200.001	0.929	4.379	1.328	1783012928.146
40	200.000	0.007	200.000	0.648	5.670	1.328	1783012928.409
41	200.000	0.047	199.998	1.709	0.813	1.328	1783012928.627
42	200.000	0.013	200.002	0.963	1.282	1.328	1783012928.906
43	200.000	-0.004	200.003	1.405	2.222	1.328	1783012929.128
44	200.000	-0.019	200.000	1.712	3.206	1.328	1783012929.406
45	200.000	-0.019	199.997	0.653	4.263	1.328	1783012929.641
46	200.000	0.005	200.005	0.562	5.768	1.328	1783012929.877
47	200.000	0.003	199.998	0.568	0.614	1.328	1783012930.140
48	200.000	0.018	200.002	0.948	1.245	1.328	1783012930.395
49	200.000	-0.028	199.995	1.370	2.153	1.328	1783012930.649
50	200.000	0.008	200.003	1.483	3.249	1.328	1783012930.864
51	200.000	0.031	200.001	0.850	4.413	1.328	1783012931.147
52	200.000	0.030	200.000	0.599	5.879	1.328	1783012931.393
53	200.000	0.091	199.999	0.740	0.654	1.328	1783012931.645
54	200.000	-0.006	199.995	1.097	1.374	1.328	1783012931.883
55	200.000	0.009	199.997	1.399	2.210	1.328	1783012932.146
56	200.000	-0.022	200.002	1.394	3.484	1.328	1783012932.382
57	200.000	0.049	200.002	0.963	4.525	1.328	1783012932.646
58	200.000	-0.007	200.000	0.626	5.952	1.328	1783012932.891
59	200.000	0.014	199.999	0.561	0.497	1.328	1783012933.118
60	200.000	-0.047	199.997	1.033	1.314	1.328	1783012933.389
61	200.000	0.015	199.994	1.406	2.306	1.328	1783012933.641
62	200.000	-0.023	200.002	1.325	3.522	1.328	1783012933.908
63	200.000	-0.045	199.999	0.803	4.762	1.328	1783012934.157
64	200.000	-0.023	200.002	0.581	6.080	1.328	1783012934.380
65	200.000	-0.021	200.000	0.760	0.793	1.328	1783012934.647
66	200.000	0.022	200.003	0.835	1.468	1.328	1783012934.880
67	200.000	-0.267	199.999	1.386	2.593	1.328	1783012935.153
68	200.000	-0.069	200.002	1.283	3.728	1.328	1783012935.382
69	200.000	0.025	200.003	0.854	4.852	1.328	1783012935.645
70	200.000	-0.023	199.999	0.724	6.248	1.328	1783012935.898
71	200.000	-0.008	200.000	0.785	0.822	1.328	1783012936.164
72	200.000	-0.060	200.002	1.181	1.598	1.328	1783012936.415
73	200.000	0.081	199.999	1.204	2.571	1.328	1783012936.650
74	200.000	0.021	200.002	1.066	3.741	1.328	1783012936.912
75	200.000	-0.029	199.998	0.836	4.650	1.328	1783012937.145
76	200.000	0.013	200.001	0.677	6.268	1.328	1783012937.413
77	200.000	0.014	200.002	0.725	0.855	1.328	1783012937.635
78	200.000	0.017	200.003	0.999	1.582	1.328	1783012937.928
79	200.000	0.013	200.000	1.313	2.651	1.328	1783012938.159
80	200.000	0.003	200.000	1.062	3.661	1.328	1783012938.410
81	200.000	-0.041	199.997	0.839	5.223	1.328	1783012938.685
82	200.000	-0.036	200.004	0.457	0.112	1.328	1783012938.919
83	200.000	-0.030	199.999	0.815	0.869	1.328	1783012939.192
84	200.000	-0.010	200.002	1.041	1.802	1.328	1783012939.411
85	200.000	-0.012	199.999	1.252	2.871	1.328	1783012939.682
86	200.000	0.014	200.002	1.115	4.056	1.328	1783012939.908
87	200.000	0.005	200.001	0.726	5.202	1.328	1783012940.200
88	200.000	0.002	200.000	0.679	0.311	1.328	1783012940.424
89	200.000	-0.004	200.003	0.687	0.854	1.328	1783012940.683
90	200.000	0.039	200.002	1.126	1.968	1.328	1783012940.931
91	200.000	-0.071	200.003	1.521	2.829	1.328	1783012941.174
92	200.000	0.002	199.998	1.129	3.913	1.328	1783012941.435
93	200.000	-0.004	200.002	0.834	5.304	1.328	1783012941.660
94	200.000	-0.018	199.997	0.644	0.358	1.328	1783012941.930
95	200.000	-0.002	199.999	0.670	1.154	1.328	1783012942.188
96	200.000	-0.008	200.002	1.226	1.819	1.328	1783012942.433
97	200.000	0.025	199.999	1.298	2.831	1.328	1783012942.681
98	200.000	-0.030	200.001	1.179	4.093	1.328	1783012942.916
99	200.000	-0.021	200.003	0.761	5.379	1.328	1783012943.193
100	200.000	0.003	199.998	0.687	0.549	1.328	1783012943.413
101	200.000	-0.104	200.003	0.786	1.076	1.328	1783012943.689
102	200.000	-0.029	200.002	1.105	1.960	1.328	1783012943.910
103	200.000	0.002	200.001	1.348	3.038	1.328	1783012944.177
104	200.000	0.005	200.002	0.975	4.218	1.328	1783012944.422
105	200.000	0.013	200.000	0.739	5.590	1.328	1783012944.697
106	200.000	0.060	200.004	0.725	0.617	1.328	1783012944.979
107	200.000	-0.005	199.999	0.786	1.249	1.328	1783012945.233
108	200.000	0.006	199.998	1.160	2.355	1.328	1783012945.480
109	200.000	-0.024	199.997	1.412	3.379	1.328	1783012945.736
110	200.000	-0.038	200.001	0.768	4.779	1.328	1783012945.988
111	200.000	0.069	200.003	0.549	6.061	1.328	1783012946.233
112	200.000	-0.006	200.003	0.447	0.959	1.328	1783012946.481
113	200.000	0.008	200.002	1.048	1.370	1.328	1783012946.746
114	200.000	-0.014	200.005	1.273	2.348	1.328	1783012946.986
115	200.000	-0.070	200.000	1.155	3.391	1.328	1783012947.220
116	200.000	0.044	200.002	0.948	4.717	1.328	1783012947.492
117	200.000	0.053	200.005	0.734	5.987	1.328	1783012947.711
118	200.000	0.030	200.004	0.663	0.778	1.328	1783012947.992
119	200.000	0.021	200.007	0.862	1.571	1.328	1783012948.248
120	200.000	-0.013	199.999	1.306	2.407	1.328	1783012948.492
121	200.000	0.018	199.999	1.343	3.506	1.328	1783012948.744
122	200.000	-0.028	200.000	0.801	4.932	1.328	1783012949.012
123	200.000	-0.042	200.000	0.529	0.258	1.328	1783012949.317
124	200.000	0.032	200.002	0.906	1.084	1.328	1783012949.567
125	200.000	-0.014	200.003	1.183	1.721	1.328	1783012949.797
126	200.000	-0.033	199.996	1.479	2.629	1.328	1783012950.035
127	200.000	0.033	200.002	1.177	4.050	1.328	1783012950.314
128	200.000	-0.011	199.999	0.783	5.454	1.328	1783012950.557
129	200.000	-0.001	200.003	0.692	0.482	1.328	1783012950.802
130	200.000	0.017	200.003	0.401	1.353	1.328	1783012951.040
131	200.000	0.019	200.004	1.084	1.795	1.328	1783012951.300
132	200.000	0.006	200.000	1.304	2.912	1.328	1783012951.558
133	200.000	-0.055	200.001	1.048	3.985	1.328	1783012951.794
134	200.000	0.027	200.000	0.731	5.631	1.328	1783012952.053
135	200.000	0.043	200.003	0.475	0.421	1.328	1783012952.299
136	200.000	0.030	199.999	0.797	1.143	1.328	1783012952.551
137	200.000	0.003	199.998	1.149	1.895	1.328	1783012952.786
138	200.000	-0.009	199.998	1.262	2.692	1.328	1783012953.057
139	200.000	-0.018	199.997	1.004	4.099	1.328	1783012953.283
140	200.000	-0.041	199.999	0.860	5.563	1.328	1783012953.554
141	200.000	0.029	200.003	0.663	0.478	1.328	1783012953.793
142	200.000	-0.046	200.000	0.644	1.139	1.328	1783012954.067
143	200.000	-0.046	200.001	1.304	2.091	1.328	1783012954.341
144	200.000	-0.006	200.002	1.381	3.211	1.328	1783012954.611
145	200.000	0.031	199.999	0.863	4.600	1.328	1783012954.859
146	200.000	0.026	200.000	0.850	6.044	1.328	1783012955.124
147	200.000	-0.042	200.002	0.817	0.902	1.328	1783012955.371
148	200.000	-0.022	200.003	0.911	1.638	1.328	1783012955.608
149	200.000	-0.004	199.998	1.130	2.204	1.328	1783012955.875
150	200.000	0.020	200.002	1.306	3.282	1.328	1783012956.107
151	200.000	-0.015	200.004	0.951	4.459	1.328	1783012956.360
152	200.000	-0.008	199.997	0.791	6.142	1.328	1783012956.580
153	200.000	0.004	200.001	0.751	0.946	1.328	1783012956.854
154	200.000	0.012	199.998	1.073	1.429	1.328	1783012957.092
155	200.000	-0.009	199.999	1.161	2.268	1.328	1783012957.390
156	200.000	-0.006	200.004	1.239	3.638	1.328	1783012957.660
157	200.000	0.020	200.000	0.771	5.129	1.328	1783012957.958
158	200.000	-0.023	199.999	0.793	0.343	1.328	1783012958.212
159	200.000	0.010	200.000	0.585	1.133	1.328	1783012958.463
160	200.000	-0.060	199.999	0.988	1.906	1.328	1783012958.729
161	200.000	0.003	200.003	1.291	2.832	1.328	1783012958.966
162	200.000	0.034	199.999	0.965	3.896	1.328	1783012959.212
163	200.000	-0.022	200.001	0.703	5.668	1.328	1783012959.493
164	200.000	-0.031	199.999	0.673	0.603	1.328	1783012959.740
165	200.000	0.045	200.001	0.719	1.173	1.328	1783012960.007
166	200.000	0.032	200.000	1.207	1.826	1.328	1783012960.225
167	200.000	-0.036	200.005	1.195	3.034	1.328	1783012960.493
168	200.000	-0.016	200.003	1.078	4.278	1.328	1783012960.744
169	200.000	-0.050	200.002	0.734	5.919	1.328	1783012960.987
170	200.000	-0.095	199.997	0.586	5.694	1.328	1783012961.254
171	200.000	-0.023	199.999	0.747	1.211	1.328	1783012961.471
172	200.000	0.035	199.998	1.102	2.010	1.328	1783012961.741
173	200.000	-0.026	200.001	1.251	2.920	1.328	1783012961.994
174	200.000	-0.013	199.999	1.154	4.458	1.328	1783012962.245
175	200.000	0.014	200.001	0.838	5.769	1.328	1783012962.488
176	200.000	0.019	199.995	0.745	0.490	1.328	1783012962.762
177	200.000	-0.028	199.999	0.672	1.317	1.328	1783012962.994
178	200.000	0.019	199.998	1.179	2.023	1.328	1783012963.234
179	200.000	-0.000	200.003	1.440	2.994	1.328	1783012963.491
180	200.000	0.053	200.001	1.052	4.254	1.328	1783012963.723
181	200.000	0.001	200.000	0.684	5.741	1.328	1783012963.993
182	200.000	0.033	199.999	0.655	0.617	1.328	1783012964.249
183	200.000	0.002	199.999	0.949	1.427	1.328	1783012964.501
184	200.000	-0.025	200.001	1.345	1.969	1.328	1783012964.738
185	200.000	-0.009	200.001	1.398	3.009	1.328	1783012964.971
186	200.000	0.042	200.002	1.180	4.362	1.328	1783012965.246
187	200.000	0.003	200.002	0.888	5.832	1.328	1783012965.472
188	200.000	0.009	200.002	0.762	0.780	1.328	1783012965.744
189	200.000	-0.007	200.000	0.888	1.197	1.328	1783012965.975
190	200.000	-0.024	199.998	1.193	2.027	1.328	1783012966.243
191	200.000	-0.036	200.001	1.396	3.132	1.328	1783012966.500
192	200.000	0.031	200.001	0.892	4.629	1.328	1783012966.727
193	200.000	-0.050	200.000	0.755	5.773	1.328	1783012966.986
194	200.000	-0.035	199.997	0.729	0.881	1.328	1783012967.232
195	200.000	-0.005	200.002	0.731	1.329	1.328	1783012967.494
196	200.000	-0.008	199.999	1.293	2.059	1.328	1783012967.725
197	200.000	-0.029	199.998	1.359	3.132	1.328	1783012968.002
198	200.000	0.005	199.997	0.998	4.510	1.328	1783012968.250
199	200.000	-0.026	199.999	0.700	5.702	1.328	1783012968.500
200	200.000	0.013	200.000	0.619	0.737	1.328	1783012968.746
201	200.000	0.002	199.999	0.847	1.346	1.328	1783012968.967
202	200.000	-0.018	200.003	0.852	2.608	1.328	1783012969.243
203	200.000	0.055	200.003	1.388	3.198	1.328	1783012969.506
204	200.000	0.049	199.999	0.896	4.509	1.328	1783012969.750
205	200.000	0.008	200.002	0.526	6.038	1.328	1783012969.977
206	200.000	0.012	200.000	0.844	0.903	1.328	1783012970.240
207	200.000	0.002	200.000	0.929	1.525	1.328	1783012970.475
208	200.000	0.050	200.003	1.337	2.122	1.328	1783012970.728
209	200.000	-0.011	199.995	1.475	3.153	1.328	1783012971.009
210	200.000	0.032	199.998	0.984	4.633	1.328	1783012971.220
211	200.000	0.018	200.002	0.776	6.120	1.328	1783012971.508
212	200.000	0.056	199.996	0.653	1.068	1.328	1783012971.736
213	200.000	0.023	199.996	0.693	1.537	1.328	1783012971.981
214	200.000	0.017	199.999	1.275	1.999	1.328	1783012972.232
215	200.000	-0.007	199.999	1.164	3.323	1.328	1783012972.506
216	200.000	-0.011	200.000	1.066	4.728	1.328	1783012972.749
217	200.000	-0.098	199.998	0.721	5.992	1.328	1783012972.986
218	200.000	0.001	200.001	0.679	1.113	1.328	1783012973.242
219	200.000	0.011	199.999	0.769	1.556	1.328	1783012973.471
220	200.000	-0.016	200.002	1.003	2.364	1.328	1783012973.748
221	200.000	0.051	200.001	1.313	3.397	1.328	1783012973.978
222	200.000	0.028	199.999	0.862	4.584	1.328	1783012974.238
223	200.000	-0.011	200.003	0.716	0.274	1.328	1783012974.481
224	200.000	0.020	200.000	0.769	1.117	1.328	1783012974.741
225	200.000	-0.025	199.997	0.842	1.735	1.328	1783012975.001
226	200.000	0.028	200.004	1.327	2.510	1.328	1783012975.229
227	200.000	-0.088	200.000	1.336	3.305	1.328	1783012975.486
228	200.000	0.015	200.001	0.758	4.938	1.328	1783012975.715
229	200.000	-0.003	199.998	0.842	0.167	1.328	1783012975.985
230	200.000	0.018	200.004	0.704	1.289	1.328	1783012976.234
231	200.000	-0.027	200.000	0.923	1.762	1.328	1783012976.481
232	200.000	-0.047	200.002	1.267	2.484	1.328	1783012976.758
233	200.000	0.038	199.997	1.316	3.644	1.328	1783012977.043
234	200.000	0.157	199.999	1.041	5.974	1.328	1783012977.289
235	200.000	-0.075	199.999	0.653	0.318	1.328	1783012977.569
236	200.000	0.010	199.999	0.919	1.235	1.328	1783012977.791
237	200.000	-0.005	200.002	1.038	1.885	1.328	1783012978.068
238	200.000	-0.011	199.997	1.389	2.751	1.328	1783012978.315
239	200.000	0.088	200.001	1.168	4.260	1.328	1783012978.585
240	200.000	-0.022	199.994	0.760	6.214	1.328	1783012978.826
241	200.000	0.020	200.003	0.898	0.894	1.328	1783012979.090
242	200.000	-0.024	199.999	0.722	1.351	1.328	1783012979.324
243	200.000	-0.015	200.002	1.256	1.839	1.328	1783012979.600
244	200.000	0.020	200.000	1.536	2.803	1.328	1783012979.837
245	200.000	-0.055	199.999	1.058	4.096	1.328	1783012980.052
246	200.000	-0.024	200.002	0.807	5.556	1.328	1783012980.324
247	200.000	0.060	200.002	0.828	0.608	1.328	1783012980.578
248	200.000	0.030	200.001	1.001	1.325	1.328	1783012980.851
249	200.000	-0.015	200.000	1.336	1.896	1.328	1783012981.092
250	200.000	-0.040	200.003	1.413	3.167	1.328	1783012981.355
251	200.000	0.002	199.998	0.971	4.445	1.328	1783012981.602
252	200.000	-0.013	200.006	0.794	6.144	1.328	1783012981.876
253	200.000	0.056	200.003	0.067	0.442	1.328	1783012982.125
254	200.000	-0.033	200.004	0.897	1.530	1.328	1783012982.348
255	200.000	-0.075	199.999	1.234	1.964	1.328	1783012982.610
256	200.000	-0.020	200.000	1.301	3.101	1.328	1783012982.855
257	200.000	0.047	200.003	1.009	4.194	1.328	1783012983.128
258	200.000	0.032	200.001	0.975	0.410	1.328	1783012983.351
259	200.000	-0.034	200.003	1.004	1.036	1.328	1783012983.624
260	200.000	0.029	200.003	0.837	1.583	1.328	1783012983.873
261	200.000	0.023	200.004	1.199	2.178	1.328	1783012984.111
262	200.000	0.024	199.999	1.244	3.264	1.328	1783012984.378
263	200.000	0.038	200.001	0.981	4.562	1.328	1783012984.603
264	200.000	0.035	200.000	0.840	0.042	1.328	1783012984.876
265	200.000	-0.033	200.000	0.124	3.608	1.328	1783012985.098
266	200.000	-0.018	199.998	1.209	1.409	1.328	1783012985.377
267	200.000	0.003	199.997	1.268	2.299	1.328	1783012985.627
268	200.000	0.049	200.004	1.312	2.892	1.328	1783012985.872
269	200.000	-0.023	199.999	0.458	4.758	1.328	1783012986.099
270	200.000	-0.020	199.999	0.923	0.441	1.328	1783012986.360
271	200.000	-0.014	200.002	0.870	0.822	1.328	1783012986.627
272	200.000	0.047	200.004	0.927	1.664	1.328	1783012986.849
273	200.000	0.025	200.000	0.905	2.846	1.328	1783012987.142
274	200.000	0.069	200.002	1.490	3.534	1.328	1783012987.364
275	200.000	0.074	199.998	0.817	4.989	1.328	1783012987.631
276	200.000	0.049	200.003	0.758	0.151	1.328	1783012987.881
277	200.000	0.018	200.005	0.817	1.176	1.328	1783012988.111
278	200.000	0.021	199.999	0.895	1.518	1.328	1783012988.369
279	200.000	-0.036	199.999	1.228	2.362	1.328	1783012988.603
280	200.000	0.074	200.001	1.210	3.442	1.328	1783012988.887
281	200.000	0.008	200.001	0.730	4.876	1.328	1783012989.109
282	200.000	0.029	200.001	0.662	0.396	1.328	1783012989.381
283	200.000	-0.015	199.999	0.744	1.285	1.328	1783012989.609
284	200.000	0.015	199.998	0.850	1.581	1.328	1783012989.870
285	200.000	-0.015	200.002	1.266	2.501	1.328	1783012990.121
286	200.000	0.030	199.999	1.215	3.454	1.328	1783012990.373
287	200.000	0.004	200.000	0.839	5.265	1.328	1783012990.634
288	200.000	0.023	200.001	0.841	0.396	1.328	1783012990.857
289	200.000	0.016	199.997	0.807	1.358	1.328	1783012991.127
290	200.000	0.030	199.998	0.796	1.709	1.328	1783012991.356
291	200.000	-0.028	200.003	1.188	2.437	1.328	1783012991.607
292	200.000	0.036	199.998	1.060	3.691	1.328	1783012991.879
293	200.000	-0.006	199.995	0.907	5.421	1.328	1783012992.149
294	200.000	0.013	200.001	0.912	0.526	1.328	1783012992.399
295	200.000	-0.013	200.001	0.661	1.464	1.328	1783012992.663
296	200.000	0.005	199.999	1.077	1.814	1.328	1783012992.921
297	200.000	-0.014	200.000	1.525	2.973	1.328	1783012993.165
298	200.000	0.055	200.003	0.786	4.277	1.328	1783012993.396
299	200.000	0.002	199.997	0.824	4.690	1.328	1783012993.643
300	200.000	-0.006	200.009	0.898	0.935	1.328	1783012993.902
301	200.000	0.017	200.001	0.864	1.477	1.328	1783012994.151
302	200.000	-0.009	199.999	0.881	1.886	1.328	1783012994.391
303	200.000	0.025	200.002	1.246	2.867	1.328	1783012994.652
304	200.000	0.074	200.003	1.017	4.173	1.328	1783012994.893
305	200.000	0.025	199.997	1.083	6.094	1.328	1783012995.146
306	200.000	-0.130	200.001	0.833	0.865	1.328	1783012995.377
307	200.000	-0.049	200.001	0.896	1.375	1.328	1783012995.650
308	200.000	-0.045	200.001	1.118	1.913	1.328	1783012995.888
309	200.000	-0.018	199.999	1.247	2.889	1.328	1783012996.168
310	200.000	-0.041	200.001	1.034	4.326	1.328	1783012996.376
311	200.000	-0.023	199.997	0.877	5.969	1.328	1783012996.645
312	200.000	0.004	199.998	0.883	0.891	1.328	1783012996.918
313	200.000	0.050	200.000	0.943	1.289	1.328	1783012997.156
314	200.000	-0.005	200.000	1.050	2.107	1.328	1783012997.392
315	200.000	-0.037	200.000	1.191	2.998	1.328	1783012997.645
316	200.000	0.015	199.998	0.898	4.376	1.328	1783012997.911
317	200.000	-0.018	200.006	0.905	6.142	1.328	1783012998.138
318	200.000	0.024	199.997	0.709	0.905	1.328	1783012998.398
319	200.000	0.018	200.001	0.723	1.654	1.328	1783012998.648
320	200.000	-0.016	200.001	0.970	1.832	1.328	1783012998.888
321	200.000	0.006	200.002	1.336	3.052	1.328	1783012999.152
322	200.000	-0.014	199.998	0.805	4.344	1.328	1783012999.371
323	200.000	0.023	200.003	0.843	5.978	1.328	1783012999.637
324	200.000	0.038	200.001	0.893	1.082	1.328	1783012999.880
325	200.000	-0.018	200.002	0.676	1.730	1.328	1783013000.146
326	200.000	0.099	200.002	1.120	1.886	1.328	1783013000.403
327	200.000	-0.001	200.004	1.141	2.975	1.328	1783013000.651
328	200.000	-0.017	200.002	0.823	4.641	1.328	1783013000.900
329	200.000	-0.067	200.003	0.781	0.197	1.328	1783013001.170
330	200.000	0.008	200.002	0.776	1.137	1.328	1783013001.402
331	200.000	-0.004	199.995	0.747	1.588	1.328	1783013001.624
332	200.000	0.034	200.003	1.081	2.053	1.328	1783013001.893
333	200.000	0.006	200.000	1.199	3.078	1.328	1783013002.145
334	200.000	-0.073	199.999	0.781	4.740	1.328	1783013002.415
335	200.000	-0.031	199.998	0.847	0.192	1.328	1783013002.641
336	200.000	0.024	200.000	0.760	1.190	1.328	1783013002.906
337	200.000	0.005	199.999	0.640	1.570	1.328	1783013003.144
338	200.000	-0.017	200.004	0.847	2.490	1.328	1783013003.397
339	200.000	0.029	199.998	1.093	3.237	1.328	1783013003.643
340	200.000	-0.020	200.000	0.755	4.824	1.328	1783013003.890
341	200.000	-0.051	200.000	0.875	0.083	1.328	1783013004.155
342	200.000	0.009	200.000	0.952	1.256	1.328	1783013004.384
343	200.000	0.038	199.999	0.755	1.530	1.328	1783013004.655
344	200.000	-0.030	200.002	1.075	2.100	1.328	1783013004.892
345	200.000	-0.048	200.001	1.270	3.281	1.328	1783013005.139
346	200.000	0.006	200.000	0.766	4.773	1.328	1783013005.407
347	200.000	-0.002	199.999	0.938	0.333	1.328	1783013005.637
348	200.000	-0.071	200.006	0.687	1.409	1.328	1783013005.906
349	200.000	0.015	199.999	0.776	1.440	1.328	1783013006.135
350	200.000	0.017	200.000	1.042	2.208	1.328	1783013006.397
351	200.000	-0.009	200.000	1.062	3.208	1.328	1783013006.636
352	200.000	-0.004	200.005	0.912	4.743	1.328	1783013006.899
353	200.000	-0.037	199.999	0.945	0.506	1.328	1783013007.147
354	200.000	0.042	200.002	0.736	1.152	1.328	1783013007.374
355	200.000	0.016	199.997	0.803	1.490	1.328	1783013007.647
356	200.000	-0.012	199.999	1.023	2.232	1.328	1783013007.880
357	200.000	-0.036	199.998	1.062	3.107	1.328	1783013008.136
358	200.000	0.004	199.995	0.834	5.012	1.328	1783013008.409
359	200.000	-0.010	199.999	0.814	0.146	1.328	1783013008.671
360	200.000	-0.008	200.001	0.679	1.301	1.328	1783013008.946
361	200.000	-0.004	199.994	0.371	2.293	1.328	1783013009.200
362	200.000	0.016	199.998	1.167	2.388	1.328	1783013009.433
363	200.000	-0.005	199.998	1.090	3.501	1.328	1783013009.707
364	200.000	-0.029	200.000	0.739	5.321	1.328	1783013009.959
365	200.000	0.016	199.999	0.759	0.513	1.328	1783013010.205
366	200.000	-0.033	200.001	0.757	1.607	1.328	1783013010.432
367	200.000	0.009	199.998	0.790	1.496	1.328	1783013010.682
368	200.000	-0.030	200.002	1.173	2.503	1.328	1783013010.964
369	200.000	0.000	199.999	1.072	3.828	1.328	1783013011.201
370	200.000	0.063	200.004	0.947	5.560	1.328	1783013011.526
371	200.000	0.036	200.000	0.828	0.806	1.328	1783013011.757
372	200.000	0.039	200.001	0.804	1.391	1.328	1783013012.004
373	200.000	0.055	199.999	0.809	1.819	1.328	1783013012.252
374	200.000	0.019	200.001	1.148	2.868	1.328	1783013012.510
375	200.000	0.077	200.001	1.074	4.206	1.328	1783013012.737
376	200.000	-0.025	200.001	0.798	5.827	1.328	1783013013.002
377	200.000	0.012	199.999	0.591	0.932	1.328	1783013013.261
378	200.000	0.045	200.001	1.272	1.190	1.328	1783013013.503
379	200.000	-0.017	200.004	0.882	1.866	1.328	1783013013.757
380	200.000	-0.013	200.001	1.188	2.880	1.328	1783013013.994
381	200.000	-0.021	200.001	0.999	4.162	1.328	1783013014.248
382	200.000	-0.013	200.004	0.897	5.882	1.328	1783013014.497
383	200.000	-0.090	199.999	1.091	1.052	1.328	1783013014.769
384	200.000	0.007	199.997	0.630	1.556	1.328	1783013015.017
385	200.000	0.181	200.001	0.755	2.078	1.328	1783013015.256
386	200.000	-0.101	199.998	1.393	3.075	1.328	1783013015.507
387	200.000	-0.013	200.000	1.304	4.212	1.328	1783013015.775
388	200.000	0.017	200.001	0.970	6.104	1.328	1783013016.012
389	200.000	0.006	200.000	0.778	1.034	1.328	1783013016.246
390	200.000	0.056	199.997	0.660	1.662	1.328	1783013016.496
391	200.000	0.076	200.000	0.855	1.989	1.328	1783013016.751
392	200.000	0.028	200.004	1.162	3.105	1.328	1783013017.028
393	200.000	-0.056	200.002	0.776	4.756	1.328	1783013017.255
394	200.000	-0.028	199.999	0.954	0.135	1.328	1783013017.514
395	200.000	-0.015	200.002	1.113	1.078	1.328	1783013017.751
396	200.000	0.049	199.997	0.804	1.459	1.328	1783013018.009
397	200.000	0.025	200.000	0.994	2.188	1.328	1783013018.253
398	200.000	0.010	200.001	0.994	3.234	1.328	1783013018.503
399	200.000	-0.068	200.001	1.442	4.801	1.328	1783013018.773
400	200.000	0.010	200.001	1.070	0.161	1.328	1783013019.005
401	200.000	-0.130	200.000	0.905	1.368	1.328	1783013019.269
402	200.000	0.019	200.000	0.737	1.614	1.328	1783013019.508
403	200.000	0.025	200.004	0.997	2.083	1.328	1783013019.751
404	200.000	-0.007	199.996	1.128	3.256	1.328	1783013020.011
405	200.000	0.057	200.001	0.925	4.593	1.328	1783013020.238
406	200.000	0.011	200.002	0.988	0.170	1.328	1783013020.502
407	200.000	-0.032	199.999	0.710	1.056	1.328	1783013020.749
408	200.000	0.010	200.001	0.712	1.526	1.328	1783013021.004
409	200.000	-0.004	200.001	1.113	2.519	1.328	1783013021.251
410	200.000	0.003	200.001	1.143	3.296	1.328	1783013021.521
411	200.000	-0.040	200.001	0.799	4.959	1.328	1783013021.766
412	200.000	-0.010	200.000	1.051	0.183	1.328	1783013022.029
413	200.000	-0.022	199.999	0.809	1.467	1.328	1783013022.270
414	200.000	-0.043	200.001	0.664	1.991	1.328	1783013022.486
415	200.000	0.016	200.001	1.072	2.199	1.328	1783013022.758
416	200.000	0.005	200.000	1.138	3.225	1.328	1783013023.019
417	200.000	0.013	199.999	0.961	4.869	1.328	1783013023.255
418	200.000	0.004	199.999	0.879	0.350	1.328	1783013023.502
419	200.000	0.010	200.002	0.965	1.207	1.328	1783013023.763
420	200.000	0.035	200.003	0.635	1.905	1.328	1783013024.001
421	200.000	-0.024	199.997	1.069	2.219	1.328	1783013024.257
422	200.000	-0.003	199.998	1.145	3.480	1.328	1783013024.508
423	200.000	-0.040	199.999	0.805	4.844	1.328	1783013024.736
424	200.000	0.018	200.002	0.873	0.164	1.328	1783013024.999
425	200.000	-0.046	199.997	0.537	1.168	1.328	1783013025.252
426	200.000	-0.008	199.998	0.809	1.697	1.328	1783013025.486
427	200.000	0.014	199.998	1.079	2.218	1.328	1783013025.751
428	200.000	-0.016	200.002	1.138	3.295	1.328	1783013025.979
429	200.000	-0.006	199.999	0.696	4.870	1.328	1783013026.257
430	200.000	-0.002	200.002	0.913	0.347	1.328	1783013026.487
431	200.000	-0.005	199.999	0.813	1.421	1.328	1783013026.756
432	200.000	0.008	199.998	0.569	1.843	1.328	1783013027.003
433	200.000	-0.053	200.000	0.943	2.837	1.328	1783013027.284
434	200.000	-0.037	200.001	1.037	3.823	1.328	1783013027.531
435	200.000	-0.017	199.999	0.793	5.309	1.328	1783013027.805
436	200.000	0.017	200.001	0.952	0.769	1.328	1783013028.026
437	200.000	-0.030	199.997	0.392	4.832	1.328	1783013028.293
438	200.000	-0.015	199.999	0.782	1.924	1.328	1783013028.546
439	200.000	0.019	200.002	1.210	2.463	1.328	1783013028.800
440	200.000	0.009	200.001	0.957	3.829	1.328	1783013029.057
441	200.000	0.029	200.001	1.377	5.069	1.328	1783013029.286
442	200.000	0.035	199.996	0.900	0.822	1.328	1783013029.555
443	200.000	-0.024	200.001	0.963	1.580	1.328	1783013029.800
444	200.000	0.013	200.000	0.754	2.106	1.328	1783013030.074
445	200.000	0.022	199.996	1.221	2.837	1.328	1783013030.296
446	200.000	0.011	199.998	0.913	4.017	1.328	1783013030.600
447	200.000	0.014	199.999	0.723	5.948	1.328	1783013030.829
448	200.000	0.032	200.002	0.885	0.955	1.328	1783013031.082
449	200.000	0.005	199.998	0.578	1.940	1.328	1783013031.332
450	200.000	0.044	200.000	0.885	2.067	1.328	1783013031.558
451	200.000	-0.067	199.998	1.295	3.040	1.328	1783013031.816
452	200.000	-0.011	199.998	0.858	3.998	1.328	1783013032.068
453	200.000	0.055	199.999	0.861	5.974	1.328	1783013032.350
454	200.000	-0.020	200.000	0.728	1.156	1.328	1783013032.570
455	200.000	-0.036	199.999	0.580	1.946	1.328	1783013032.821
456	200.000	0.014	199.996	0.835	2.217	1.328	1783013033.076
457	200.000	-0.144	199.997	1.190	2.927	1.328	1783013033.326
458	200.000	0.010	200.002	1.082	4.258	1.328	1783013033.572
459	200.000	-0.064	199.999	0.836	6.022	1.328	1783013033.829
460	200.000	0.060	199.999	1.020	1.163	1.328	1783013034.100
461	200.000	0.004	200.002	0.755	1.638	1.328	1783013034.328
462	200.000	0.008	199.999	0.930	1.971	1.328	1783013034.576
463	200.000	0.005	199.995	1.183	2.952	1.328	1783013034.823
464	200.000	0.046	200.001	1.100	4.255	1.328	1783013035.087
465	200.000	0.001	199.999	0.908	6.115	1.328	1783013035.326
466	200.000	-0.027	199.998	0.872	1.039	1.328	1783013035.587
467	200.000	-0.027	200.002	0.609	1.649	1.328	1783013035.866
468	200.000	0.011	199.995	1.067	2.381	1.328	1783013036.159
469	200.000	-0.112	200.000	1.385	3.357	1.328	1783013036.389
470	200.000	-0.007	200.004	0.841	4.754	1.328	1783013036.658
471	200.000	-0.031	199.999	0.917	0.483	1.328	1783013036.916
472	200.000	0.028	200.003	0.797	1.699	1.328	1783013037.150
473	200.000	0.001	199.997	0.742	1.943	1.328	1783013037.392
474	200.000	0.013	200.001	1.126	2.500	1.328	1783013037.630
475	200.000	0.004	200.001	1.206	3.509	1.328	1783013037.906
476	200.000	0.018	199.999	0.796	5.141	1.328	1783013038.123
477	200.000	-0.001	199.996	0.838	0.274	1.328	1783013038.403
478	200.000	0.032	200.000	0.916	1.456	1.328	1783013038.653
479	200.000	0.044	200.001	0.746	2.035	1.328	1783013038.923
480	200.000	-0.089	200.002	1.137	2.810	1.328	1783013039.180
481	200.000	-0.020	200.002	1.184	3.976	1.328	1783013039.407
482	200.000	0.070	200.001	0.839	5.262	1.328	1783013039.663
483	200.000	0.040	200.000	1.085	0.495	1.328	1783013039.900
484	200.000	-0.004	200.003	0.725	1.697	1.328	1783013040.169
485	200.000	0.022	200.001	0.857	2.147	1.328	1783013040.396
486	200.000	-0.076	200.004	1.182	2.697	1.328	1783013040.665
487	200.000	-0.039	199.997	1.099	3.999	1.328	1783013040.907
488	200.000	-0.035	200.004	0.802	5.469	1.328	1783013041.177
489	200.000	0.039	200.003	0.739	0.757	1.328	1783013041.405
490	200.000	0.000	200.004	0.713	1.871	1.328	1783013041.670
491	200.000	-0.009	199.998	0.752	1.879	1.328	1783013041.913
492	200.000	-0.003	199.999	1.135	2.615	1.328	1783013042.149
493	200.000	-0.028	200.002	1.133	3.879	1.328	1783013042.411
494	200.000	-0.032	199.998	0.737	5.553	1.328	1783013042.641
495	200.000	0.028	200.000	0.840	0.781	1.328	1783013042.900
496	200.000	0.017	200.002	0.721	2.092	1.328	1783013043.169
497	200.000	-0.011	200.003	0.744	2.018	1.328	1783013043.419
498	200.000	0.000	199.999	1.075	2.813	1.328	1783013043.675
499	200.000	-0.005	199.997	1.140	4.027	1.328	1783013043.898
500	200.000	0.026	200.000	0.739	5.755	1.328	1783013044.170
501	200.000	0.003	199.999	0.818	0.797	1.328	1783013044.396
502	200.000	-0.030	200.000	0.609	1.791	1.328	1783013044.658
503	200.000	-0.002	199.999	0.842	2.037	1.328	1783013044.907
504	200.000	-0.018	200.001	1.104	2.829	1.328	1783013045.177
505	200.000	-0.032	199.999	0.965	4.144	1.328	1783013045.417
506	200.000	-0.015	200.001	0.719	5.786	1.328	1783013045.655
507	200.000	-0.001	200.002	0.827	0.891	1.328	1783013045.911
508	200.000	-0.011	200.003	0.695	1.910	1.328	1783013046.140
509	200.000	-0.013	199.998	0.817	1.860	1.328	1783013046.404
510	200.000	0.000	199.999	1.114	2.910	1.328	1783013046.658
511	200.000	0.027	200.002	0.912	4.152	1.328	1783013046.901
512	200.000	0.023	200.005	0.778	6.101	1.328	1783013047.176
513	200.000	-0.057	200.003	1.287	1.091	1.328	1783013047.439
514	200.000	-0.013	200.004	0.620	1.825	1.328	1783013047.675
515	200.000	-0.012	199.997	0.794	2.243	1.328	1783013047.902
516	200.000	-0.031	200.001	1.068	3.170	1.328	1783013048.169
517	200.000	-0.021	200.003	0.768	4.389	1.328	1783013048.414
518	200.000	-0.046	200.006	0.886	0.104	1.328	1783013048.676
519	200.000	-0.026	200.001	1.020	1.083	1.328	1783013048.905
520	200.000	0.031	200.003	0.446	2.155	1.328	1783013049.172
521	200.000	-0.035	200.003	0.934	2.241	1.328	1783013049.418
522	200.000	-0.037	200.000	1.189	3.207	1.328	1783013049.701
523	200.000	0.002	199.998	0.744	4.888	1.328	1783013049.987
524	200.000	-0.014	200.000	0.915	0.279	1.328	1783013050.235
525	200.000	0.003	200.005	0.766	1.435	1.328	1783013050.466
526	200.000	0.014	199.999	0.747	1.879	1.328	1783013050.759
527	200.000	0.029	199.997	0.955	2.598	1.328	1783013051.054
528	200.000	0.002	199.998	1.172	4.022	1.328	1783013051.317
529	200.000	-0.014	199.999	0.800	0.086	1.328	1783013051.545
530	200.000	0.000	200.000	0.867	0.860	1.328	1783013051.804
531	200.000	0.019	200.001	0.717	1.790	1.328	1783013052.055
532	200.000	0.030	200.003	0.693	2.180	1.328	1783013052.347
533	200.000	0.010	200.004	0.924	3.096	1.328	1783013052.643
534	200.000	0.007	200.002	0.856	4.589	1.328	1783013052.888
535	200.000	0.038	199.998	0.925	6.180	1.328	1783013053.115
536	200.000	0.043	200.002	0.754	1.134	1.328	1783013053.385
537	200.000	0.013	199.997	0.569	1.894	1.328	1783013053.632
538	200.000	0.079	200.003	0.706	2.410	1.328	1783013053.888
539	200.000	-0.018	199.999	1.191	3.213	1.328	1783013054.116
540	200.000	0.025	199.999	0.885	4.660	1.328	1783013054.382
541	200.000	0.006	199.999	0.809	6.153	1.328	1783013054.632
542	200.000	0.034	200.005	0.606	1.092	1.328	1783013054.892
543	200.000	-0.022	199.998	0.705	1.989	1.328	1783013055.129
544	200.000	-0.191	199.996	1.132	2.255	1.328	1783013055.360
545	200.000	0.036	199.998	1.098	3.368	1.328	1783013055.631
546	200.000	-0.043	200.002	0.940	4.808	1.328	1783013055.875
547	200.000	-0.006	200.000	0.890	6.224	1.328	1783013056.126
548	200.000	0.049	200.003	0.901	1.326	1.328	1783013056.371
549	200.000	-0.003	199.997	0.678	1.880	1.328	1783013056.632
550	200.000	-0.037	200.004	0.734	2.719	1.328	1783013056.886
551	200.000	-0.014	199.998	1.010	3.477	1.328	1783013057.117
552	200.000	-0.028	199.998	0.868	4.926	1.328	1783013057.383
553	200.000	0.094	199.998	1.158	0.294	1.328	1783013057.610
554	200.000	-0.019	199.998	0.893	1.399	1.328	1783013057.883
555	200.000	-0.003	199.995	0.667	1.929	1.328	1783013058.111
556	200.000	-0.004	200.001	0.921	2.480	1.328	1783013058.382
557	200.000	0.011	199.999	0.814	3.298	1.328	1783013058.632
558	200.000	0.002	200.003	0.993	4.895	1.328	1783013058.862
559	200.000	-0.037	199.998	1.048	0.206	1.328	1783013059.134
560	200.000	-0.166	200.000	1.112	1.385	1.328	1783013059.354
561	200.000	-0.054	200.005	0.640	2.846	1.328	1783013059.613
562	200.000	-0.015	200.005	0.755	2.341	1.328	1783013059.858
563	200.000	-0.005	200.000	1.085	3.572	1.328	1783013060.138
564	200.000	-0.052	200.004	0.986	5.137	1.328	1783013060.388
565	200.000	0.040	200.002	0.799	6.267	1.328	1783013060.632
566	200.000	0.030	200.002	0.768	1.491	1.328	1783013060.883
567	200.000	-0.060	200.002	0.627	2.026	1.328	1783013061.138
568	200.000	-0.021	200.000	0.940	2.405	1.328	1783013061.387
569	200.000	-0.040	200.001	0.956	3.558	1.328	1783013061.615
570	200.000	0.002	200.003	0.996	5.153	1.328	1783013061.894
571	200.000	0.004	200.002	1.014	0.418	1.328	1783013062.139
572	200.000	-0.020	200.001	0.657	1.692	1.328	1783013062.378
573	200.000	0.003	200.001	0.644	1.970	1.328	1783013062.617
574	200.000	0.041	199.999	0.915	2.610	1.328	1783013062.868
575	200.000	0.005	200.002	1.071	3.641	1.328	1783013063.128
576	200.000	-0.097	199.997	0.670	5.511	1.328	1783013063.383
577	200.000	0.029	200.004	1.136	0.474	1.328	1783013063.645
578	200.000	0.021	200.001	0.716	1.626	1.328	1783013063.866
579	200.000	-0.014	199.997	0.716	2.070	1.328	1783013064.127
580	200.000	0.021	200.000	0.849	2.480	1.328	1783013064.381
581	200.000	0.040	200.003	0.989	3.671	1.328	1783013064.649
582	200.000	-0.044	200.002	1.036	5.209	1.328	1783013064.873
583	200.000	0.003	199.994	0.983	0.485	1.328	1783013065.120
584	200.000	0.118	200.000	1.309	1.678	1.328	1783013065.396
585	200.000	-0.046	199.999	0.779	1.944	1.328	1783013065.622
586	200.000	0.028	200.002	0.849	2.776	1.328	1783013065.885
587	200.000	-0.003	199.997	1.001	3.732	1.328	1783013066.126
588	200.000	-0.004	200.005	0.909	5.296	1.328	1783013066.389
589	200.000	-0.045	200.000	1.005	0.591	1.328	1783013066.638
590	200.000	-0.059	200.000	0.866	1.770	1.328	1783013066.860
591	200.000	-0.012	199.999	0.624	2.301	1.328	1783013067.138
592	200.000	-0.042	200.000	0.809	2.750	1.328	1783013067.363
593	200.000	0.022	200.000	0.845	3.734	1.328	1783013067.630
594	200.000	0.004	199.999	0.855	5.512	1.328	1783013067.868
595	200.000	-0.039	200.006	0.958	0.601	1.328	1783013068.124
596	200.000	0.013	200.001	0.840	1.730	1.328	1783013068.361
597	200.000	-0.061	200.002	0.548	2.091	1.328	1783013068.635
598	200.000	-0.021	199.996	0.975	2.860	1.328	1783013068.892
599	200.000	-0.023	200.005	1.011	3.895	1.328	1783013069.110
600	200.000	-0.046	199.998	0.991	5.982	1.328	1783013069.365
601	200.000	-0.022	200.003	1.208	0.539	1.328	1783013069.609
602	200.000	-0.018	199.998	0.814	1.629	1.328	1783013069.868
603	200.000	-0.005	199.997	0.775	2.153	1.328	1783013070.109
604	200.000	0.020	199.999	0.850	2.628	1.328	1783013070.375
605	200.000	-0.012	200.002	1.019	4.132	1.328	1783013070.651
606	200.000	-0.069	200.002	0.963	5.847	1.328	1783013070.947
607	200.000	-0.019	200.002	0.919	1.225	1.328	1783013071.225
608	200.000	0.024	200.001	0.985	2.002	1.328	1783013071.471
609	200.000	-0.032	200.001	0.784	2.436	1.328	1783013071.723
610	200.000	0.003	200.004	1.051	3.494	1.328	1783013071.982
611	200.000	-0.001	200.000	0.950	4.929	1.328	1783013072.228
612	200.000	0.039	200.000	1.002	0.027	1.328	1783013072.503
613	200.000	0.055	200.000	1.180	1.556	1.328	1783013072.732
614	200.000	0.035	200.002	0.628	2.128	1.328	1783013073.001
615	200.000	0.003	199.999	0.906	2.520	1.328	1783013073.252
616	200.000	0.030	199.998	0.921	3.631	1.328	1783013073.492
617	200.000	0.014	200.002	0.871	4.995	1.328	1783013073.744
618	200.000	-0.010	200.003	1.115	0.133	1.328	1783013073.968
619	200.000	0.060	200.001	0.897	1.376	1.328	1783013074.224
620	200.000	-0.021	200.002	0.729	2.137	1.328	1783013074.474
621	200.000	0.024	199.999	0.772	2.492	1.328	1783013074.743
622	200.000	0.019	199.998	1.220	3.570	1.328	1783013074.977
623	200.000	0.019	199.999	0.672	5.257	1.328	1783013075.234
624	200.000	-0.042	199.996	0.960	0.244	1.328	1783013075.494
625	200.000	-0.046	200.000	1.073	1.482	1.328	1783013075.722
626	200.000	0.038	199.999	0.558	2.119	1.328	1783013075.993
627	200.000	-0.010	200.001	0.965	2.714	1.328	1783013076.219
628	200.000	0.021	200.003	0.964	3.601	1.328	1783013076.474
629	200.000	-0.028	200.007	1.071	5.100	1.328	1783013076.733
630	200.000	-0.077	199.999	0.944	0.560	1.328	1783013077.003
631	200.000	0.061	200.001	0.756	1.776	1.328	1783013077.223
632	200.000	0.037	199.998	0.704	2.376	1.328	1783013077.497
633	200.000	-0.014	199.999	0.815	3.256	1.328	1783013077.742
634	200.000	0.038	200.000	1.217	3.776	1.328	1783013077.970
635	200.000	0.034	200.004	0.885	5.256	1.328	1783013078.224
636	200.000	-0.077	200.000	1.311	0.703	1.328	1783013078.487
637	200.000	0.035	200.003	0.799	1.770	1.328	1783013078.757
638	200.000	-0.026	200.002	0.607	2.284	1.328	1783013079.015
639	200.000	0.009	199.998	0.841	2.902	1.328	1783013079.274
640	200.000	0.061	199.999	0.927	3.967	1.328	1783013079.503
641	200.000	-0.040	200.002	0.833	5.542	1.328	1783013079.766
642	200.000	-0.003	200.002	1.082	0.914	1.328	1783013080.013
643	200.000	-0.022	200.004	0.859	2.061	1.328	1783013080.251
644	200.000	-0.006	199.999	0.759	2.305	1.328	1783013080.524
645	200.000	0.006	200.002	0.948	2.924	1.328	1783013080.741
646	200.000	0.007	200.004	0.798	3.877	1.328	1783013081.022
647	200.000	-0.023	199.999	1.172	5.457	1.328	1783013081.265
648	200.000	-0.052	200.003	1.036	0.897	1.328	1783013081.501
649	200.000	0.049	200.001	0.935	1.934	1.328	1783013081.754
650	200.000	-0.022	200.002	0.606	2.409	1.328	1783013082.019
651	200.000	-0.033	199.997	0.907	2.754	1.328	1783013082.260
652	200.000	-0.045	200.002	0.830	3.922	1.328	1783013082.489
653	200.000	0.039	199.996	0.889	5.685	1.328	1783013082.773
654	200.000	-0.009	200.001	1.032	1.034	1.328	1783013082.996
655	200.000	0.020	200.003	0.888	2.074	1.328	1783013083.270
656	200.000	-0.040	199.997	0.718	2.299	1.328	1783013083.494
657	200.000	0.006	199.998	0.870	2.848	1.328	1783013083.771
658	200.000	-0.024	200.000	0.862	4.194	1.328	1783013084.018
659	200.000	0.027	200.003	0.865	5.977	1.328	1783013084.282
660	200.000	0.134	199.997	1.110	1.238	1.328	1783013084.517
661	200.000	-0.015	200.001	0.909	2.155	1.328	1783013084.744
662	200.000	-0.093	200.000	0.668	2.450	1.328	1783013085.031
663	200.000	0.064	200.002	0.684	2.876	1.328	1783013085.264
664	200.000	-0.006	199.999	0.899	4.373	1.328	1783013085.534
665	200.000	-0.062	199.999	0.849	5.645	1.328	1783013085.784
666	200.000	-0.037	199.999	1.025	1.472	1.328	1783013086.012
667	200.000	0.022	199.995	0.973	2.342	1.328	1783013086.289
668	200.000	0.010	200.001	0.769	2.552	1.328	1783013086.518
669	200.000	0.020	200.002	0.867	3.164	1.328	1783013086.776
670	200.000	0.024	200.001	0.777	4.458	1.328	1783013086.999
671	200.000	-0.014	200.000	0.917	6.139	1.328	1783013087.269
672	200.000	0.013	199.999	1.095	1.407	1.328	1783013087.521
673	200.000	-0.007	200.000	0.960	2.120	1.328	1783013087.771
674	200.000	-0.042	200.003	0.706	2.747	1.328	1783013088.023
675	200.000	-0.031	199.999	1.005	3.273	1.328	1783013088.252
676	200.000	0.014	199.998	0.848	4.322	1.328	1783013088.525
677	200.000	0.055	200.001	1.030	0.196	1.328	1783013088.754
678	200.000	0.016	200.000	1.161	1.315	1.328	1783013089.015
679	200.000	0.030	199.999	0.557	2.939	1.328	1783013089.257
680	200.000	0.003	199.995	0.791	2.632	1.328	1783013089.519
681	200.000	-0.047	200.000	1.017	3.377	1.328	1783013089.773
682	200.000	0.028	200.000	0.786	4.818	1.328	1783013090.013
683	200.000	0.010	199.998	0.934	0.123	1.328	1783013090.286
684	200.000	0.037	199.998	1.061	1.525	1.328	1783013090.528
685	200.000	0.004	199.998	0.778	2.442	1.328	1783013090.786
686	200.000	0.003	200.001	0.835	2.570	1.328	1783013091.061
687	200.000	-0.018	200.004	0.880	3.490	1.328	1783013091.293
688	200.000	-0.030	199.999	0.776	4.993	1.328	1783013091.541
689	200.000	0.044	200.002	0.985	0.415	1.328	1783013091.813
690	200.000	0.032	199.998	1.076	1.767	1.328	1783013092.062
691	200.000	-0.006	200.005	0.804	2.604	1.328	1783013092.341
692	200.000	-0.018	200.000	0.746	2.683	1.328	1783013092.637
693	200.000	0.017	200.001	0.965	3.906	1.328	1783013092.888
694	200.000	-0.003	200.005	0.949	5.811	1.328	1783013093.136
695	200.000	0.046	200.002	0.975	1.090	1.328	1783013093.390
696	200.000	-0.036	199.999	1.069	2.064	1.328	1783013093.622
697	200.000	0.043	199.996	0.793	2.311	1.328	1783013093.894
698	200.000	-0.045	199.996	0.887	2.909	1.328	1783013094.109
699	200.000	-0.046	199.996	0.723	4.005	1.328	1783013094.401
700	200.000	0.036	199.999	0.822	5.946	1.328	1783013094.637
701	200.000	-0.030	200.000	1.141	1.123	1.328	1783013094.881
702	200.000	-0.016	200.002	0.804	2.079	1.328	1783013095.131
703	200.000	0.014	199.999	0.831	2.475	1.328	1783013095.378
704	200.000	0.044	199.999	0.847	2.877	1.328	1783013095.644
705	200.000	0.004	200.005	0.615	4.085	1.328	1783013095.866
706	200.000	0.025	199.996	0.799	5.871	1.328	1783013096.141
707	200.000	-0.033	200.000	1.250	1.145	1.328	1783013096.369
708	200.000	0.003	200.003	0.918	2.189	1.328	1783013096.643
709	200.000	-0.011	200.001	1.051	2.124	1.328	1783013096.899
710	200.000	-0.037	199.998	0.937	3.039	1.328	1783013097.137
711	200.000	0.043	200.005	0.801	4.207	1.328	1783013097.366
712	200.000	0.089	199.995	0.885	6.055	1.328	1783013097.618
713	200.000	0.021	200.000	1.146	0.971	1.328	1783013097.879
714	200.000	-0.062	199.998	0.935	2.067	1.328	1783013098.103
715	200.000	0.027	200.002	0.834	2.256	1.328	1783013098.371
716	200.000	-0.015	200.001	0.854	2.942	1.328	1783013098.621
717	200.000	-0.076	200.005	1.026	4.476	1.328	1783013098.893
718	200.000	-0.044	200.005	0.891	6.137	1.328	1783013099.113
719	200.000	-0.032	199.999	1.044	1.401	1.328	1783013099.362
720	200.000	-0.023	199.997	0.930	2.257	1.328	1783013099.628
721	200.000	0.004	199.999	0.908	2.261	1.328	1783013099.860
722	200.000	-0.012	199.998	0.940	3.359	1.328	1783013100.136
723	200.000	0.045	200.002	0.484	4.663	1.328	1783013100.385
724	200.000	0.043	200.000	0.866	6.228	1.328	1783013100.643
725	200.000	0.033	200.001	1.100	1.336	1.328	1783013100.893
726	200.000	0.036	200.003	0.786	2.257	1.328	1783013101.173
727	200.000	0.013	200.001	0.716	2.740	1.328	1783013101.419
728	200.000	0.004	200.000	0.940	3.175	1.328	1783013101.663
729	200.000	0.046	200.000	0.768	4.896	1.328	1783013101.922
730	200.000	-0.085	199.999	0.954	0.005	1.328	1783013102.155
731	200.000	-0.025	199.996	1.083	1.318	1.328	1783013102.392
732	200.000	0.011	199.995	0.817	2.199	1.328	1783013102.644
733	200.000	0.010	200.009	0.721	2.776	1.328	1783013102.914
734	200.000	0.017	200.000	0.868	3.381	1.328	1783013103.173
735	200.000	0.023	200.002	0.689	4.817	1.328	1783013103.425
736	200.000	0.041	200.001	1.168	0.344	1.328	1783013103.673
737	200.000	-0.040	200.000	1.075	1.567	1.328	1783013103.900
738	200.000	-0.008	199.999	0.829	2.153	1.328	1783013104.172
739	200.000	0.015	200.000	0.703	2.494	1.328	1783013104.402
740	200.000	0.054	200.001	0.781	3.445	1.328	1783013104.672
741	200.000	-0.017	199.998	0.734	4.853	1.328	1783013104.892
742	200.000	0.019	199.998	1.073	0.166	1.328	1783013105.156
743	200.000	-0.054	199.999	1.053	1.670	1.328	1783013105.421
744	200.000	0.028	200.002	0.769	2.189	1.328	1783013105.656
745	200.000	-0.030	200.009	0.794	2.466	1.328	1783013105.912
746	200.000	-0.082	199.998	0.667	3.323	1.328	1783013106.147
747	200.000	0.033	200.003	0.592	5.403	1.328	1783013106.418
748	200.000	0.022	199.999	1.151	0.425	1.328	1783013106.652
749	200.000	-0.049	200.001	1.069	1.765	1.328	1783013106.918
750	200.000	0.028	199.996	0.805	2.450	1.328	1783013107.170
751	200.000	-0.022	199.999	0.544	2.750	1.328	1783013107.415
752	200.000	-0.011	200.002	0.754	3.740	1.328	1783013107.673
753	200.000	0.021	200.001	0.815	5.325	1.328	1783013107.898
754	200.000	-0.059	200.000	0.943	0.339	1.328	1783013108.147
755	200.000	0.021	200.000	1.282	1.771	1.328	1783013108.399
756	200.000	0.019	199.998	0.856	2.376	1.328	1783013108.683
757	200.000	0.042	199.999	0.728	2.775	1.328	1783013108.908
758	200.000	-0.088	200.000	0.748	3.712	1.328	1783013109.172
759	200.000	-0.045	200.001	0.842	5.054	1.328	1783013109.425
760	200.000	0.062	199.999	1.281	0.519	1.328	1783013109.660
761	200.000	0.024	199.997	1.289	1.746	1.328	1783013109.910
762	200.000	0.038	200.003	0.742	2.226	1.328	1783013110.144
763	200.000	-0.019	200.001	0.667	2.756	1.328	1783013110.408
764	200.000	0.032	199.997	0.494	3.332	1.328	1783013110.645
765	200.000	-0.004	200.003	0.847	5.543	1.328	1783013110.918
766	200.000	-0.002	200.000	1.180	0.568	1.328	1783013111.133
767	200.000	0.026	200.003	1.205	1.579	1.328	1783013111.401
768	200.000	-0.041	200.000	0.720	2.926	1.328	1783013111.655
769	200.000	-0.068	200.002	0.666	2.838	1.328	1783013111.891
770	200.000	0.080	199.996	0.721	3.699	1.328	1783013112.142
771	200.000	0.054	199.999	0.717	5.538	1.328	1783013112.394
772	200.000	-0.014	200.003	1.179	0.763	1.328	1783013112.659
773	200.000	0.041	200.001	1.106	1.797	1.328	1783013112.910
774	200.000	0.025	199.999	0.772	2.601	1.328	1783013113.181
775	200.000	0.040	199.998	1.115	2.387	1.328	1783013113.406
776	200.000	-0.010	200.002	0.844	3.928	1.328	1783013113.669
777	200.000	0.054	199.999	0.815	5.752	1.328	1783013113.909
778	200.000	0.031	199.998	1.005	0.637	1.328	1783013114.133
779	200.000	-0.014	200.003	1.151	1.910	1.328	1783013114.427
780	200.000	-0.009	199.999	0.656	2.502	1.328	1783013114.654
781	200.000	0.026	200.003	0.693	2.865	1.328	1783013114.923
782	200.000	0.038	199.998	0.776	3.972	1.328	1783013115.160
783	200.000	-0.032	199.999	0.668	5.746	1.328	1783013115.404
784	200.000	0.016	199.996	1.226	0.854	1.328	1783013115.655
785	200.000	-0.017	199.999	1.102	1.806	1.328	1783013115.911
786	200.000	-0.028	199.995	0.740	2.683	1.328	1783013116.149
787	200.000	-0.056	200.002	0.692	2.890	1.328	1783013116.396
788	200.000	-0.001	200.002	0.601	4.243	1.328	1783013116.655
789	200.000	0.014	200.002	0.900	5.761	1.328	1783013116.889
790	200.000	-0.016	200.002	1.089	0.864	1.328	1783013117.158
791	200.000	0.084	199.999	0.933	2.080	1.328	1783013117.403
792	200.000	-0.040	199.996	0.693	2.450	1.328	1783013117.661
793	200.000	-0.032	199.999	0.670	2.699	1.328	1783013117.898
794	200.000	0.041	200.000	0.742	4.096	1.328	1783013118.149
795	200.000	-0.018	199.998	0.689	6.035	1.328	1783013118.411
796	200.000	0.015	200.006	1.296	0.977	1.328	1783013118.656
797	200.000	0.021	200.000	0.941	2.071	1.328	1783013118.912
798	200.000	-0.091	200.000	0.685	2.443	1.328	1783013119.164
799	200.000	0.013	200.000	0.607	3.846	1.328	1783013119.416
800	200.000	0.053	200.002	0.763	4.325	1.328	1783013119.654
801	200.000	-0.050	199.999	0.905	5.856	1.328	1783013119.914
802	200.000	-0.002	200.001	1.119	1.051	1.328	1783013120.160
803	200.000	-0.028	200.001	1.057	2.041	1.328	1783013120.399
804	200.000	0.052	200.003	0.609	2.404	1.328	1783013120.672
805	200.000	-0.084	200.000	0.684	3.070	1.328	1783013120.901
806	200.000	0.022	200.000	0.530	4.351	1.328	1783013121.166
807	200.000	-0.013	200.001	0.992	0.106	1.328	1783013121.404
808	200.000	0.002	200.000	1.321	1.220	1.328	1783013121.669
809	200.000	0.024	200.001	0.920	2.169	1.328	1783013121.915
810	200.000	0.048	200.005	0.707	2.357	1.328	1783013122.152
811	200.000	-0.048	200.001	0.770	3.147	1.328	1783013122.421
812	200.000	0.034	199.998	0.848	4.248	1.328	1783013122.652
813	200.000	-0.016	199.999	0.971	6.213	1.328	1783013122.920
814	200.000	0.014	200.000	1.079	1.218	1.328	1783013123.163
815	200.000	0.193	200.003	0.782	2.546	1.328	1783013123.430
816	200.000	-0.002	199.996	0.613	2.800	1.328	1783013123.686
817	200.000	-0.016	199.996	0.618	3.359	1.328	1783013123.975
818	200.000	-0.004	200.001	0.586	4.700	1.328	1783013124.207
819	200.000	0.042	200.002	0.922	6.116	1.328	1783013124.480
820	200.000	-0.043	199.999	1.346	1.460	1.328	1783013124.712
821	200.000	-0.006	200.001	1.004	2.324	1.328	1783013124.985
822	200.000	-0.062	199.996	0.699	2.737	1.328	1783013125.229
823	200.000	-0.022	200.002	0.775	3.381	1.328	1783013125.458
824	200.000	0.029	200.000	0.673	5.119	1.328	1783013125.717
825	200.000	-0.000	200.000	1.066	0.134	1.328	1783013125.977
826	200.000	0.012	199.998	1.321	1.467	1.328	1783013126.235
827	200.000	-0.032	200.000	0.921	2.475	1.328	1783013126.456
828	200.000	0.048	200.002	0.630	2.529	1.328	1783013126.723
829	200.000	-0.034	200.002	0.589	3.484	1.328	1783013126.971
830	200.000	-0.038	200.004	0.711	5.210	1.328	1783013127.208
831	200.000	0.000	200.000	0.976	0.502	1.328	1783013127.486
832	200.000	0.065	200.001	1.222	1.734	1.328	1783013127.710
833	200.000	0.000	199.997	0.794	2.539	1.328	1783013128.002
834	200.000	-0.055	200.000	0.525	2.748	1.328	1783013128.236
835	200.000	0.042	200.004	0.501	4.025	1.328	1783013128.490
836	200.000	-0.025	200.001	0.588	5.275	1.328	1783013128.710
837	200.000	-0.011	200.002	1.059	0.579	1.328	1783013129.004
838	200.000	0.001	200.001	1.116	1.773	1.328	1783013129.225
839	200.000	-0.002	199.998	0.729	2.551	1.328	1783013129.486
840	200.000	-0.015	200.001	0.629	2.971	1.328	1783013129.766
841	200.000	0.043	199.998	0.484	4.020	1.328	1783013130.057
842	200.000	-0.030	200.004	0.791	5.906	1.328	1783013130.283
843	200.000	-0.015	199.995	1.260	0.996	1.328	1783013130.556
844	200.000	0.055	200.001	1.088	2.206	1.328	1783013130.818
845	200.000	-0.037	199.998	0.757	3.452	1.328	1783013131.055
846	200.000	-0.014	200.000	0.530	2.622	1.328	1783013131.302
847	200.000	-0.039	199.997	0.635	4.380	1.328	1783013131.560
848	200.000	0.033	200.001	0.765	6.013	1.328	1783013131.808
849	200.000	0.035	200.000	1.361	1.031	1.328	1783013132.026
850	200.000	0.040	200.002	1.121	2.153	1.328	1783013132.293
851	200.000	0.127	199.999	0.772	2.650	1.328	1783013132.545
852	200.000	0.056	200.000	0.526	3.344	1.328	1783013132.817
853	200.000	-0.015	199.996	0.598	4.673	1.328	1783013133.064
854	200.000	0.031	200.001	0.969	6.146	1.328	1783013133.294
855	200.000	-0.007	200.002	1.313	1.044	1.328	1783013133.555
856	200.000	-0.008	200.002	1.075	2.187	1.328	1783013133.809
857	200.000	-0.071	199.999	0.683	2.814	1.328	1783013134.081
858	200.000	-0.018	200.005	0.555	3.160	1.328	1783013134.317
859	200.000	0.011	200.000	0.348	5.222	1.328	1783013134.568
860	200.000	-0.112	199.998	0.993	0.178	1.328	1783013134.818
861	200.000	-0.029	200.001	1.295	1.267	1.328	1783013135.094
862	200.000	-0.019	200.000	1.361	2.023	1.328	1783013135.390
863	200.000	0.006	200.003	0.652	2.859	1.328	1783013135.643
864	200.000	0.020	200.000	0.562	3.484	1.328	1783013135.864
865	200.000	0.017	200.002	0.427	4.619	1.328	1783013136.125
866	200.000	-0.041	199.998	1.001	0.317	1.328	1783013136.380
867	200.000	-0.016	200.000	1.273	1.500	1.328	1783013136.666
868	200.000	-0.023	199.996	0.787	2.570	1.328	1783013136.956
869	200.000	-0.002	200.004	0.476	2.852	1.328	1783013137.198
870	200.000	-0.022	200.000	0.681	3.653	1.328	1783013137.424
871	200.000	0.025	199.999	0.530	5.243	1.328	1783013137.701
872	200.000	-0.001	200.001	1.123	0.744	1.328	1783013137.922
873	200.000	0.005	199.999	1.271	1.804	1.328	1783013138.194
874	200.000	0.021	199.999	0.884	2.620	1.328	1783013138.452
875	200.000	0.022	200.003	0.608	2.724	1.328	1783013138.698
876	200.000	0.044	199.997	0.436	3.781	1.328	1783013138.944
877	200.000	0.029	199.997	0.578	5.489	1.328	1783013139.203
878	200.000	0.210	200.000	1.171	0.823	1.328	1783013139.443
879	200.000	-0.017	200.004	1.175	1.940	1.328	1783013139.696
880	200.000	0.092	200.001	0.668	3.251	1.328	1783013139.951
881	200.000	0.029	200.001	0.639	3.296	1.328	1783013140.203
882	200.000	-0.022	200.004	0.582	3.960	1.328	1783013140.430
883	200.000	0.025	200.001	0.843	5.751	1.328	1783013140.694
884	200.000	0.032	200.002	1.285	0.973	1.328	1783013140.948
885	200.000	-0.062	199.999	1.174	2.099	1.328	1783013141.190
886	200.000	-0.017	199.997	0.813	2.955	1.328	1783013141.411
887	200.000	-0.008	200.000	0.545	2.800	1.328	1783013141.686
888	200.000	-0.019	199.999	0.491	4.094	1.328	1783013141.932
889	200.000	0.010	200.000	0.633	5.911	1.328	1783013142.204
890	200.000	-0.009	199.998	1.184	0.829	1.328	1783013142.433
891	200.000	0.049	200.002	1.272	2.151	1.328	1783013142.701
892	200.000	-0.057	200.005	0.824	2.801	1.328	1783013142.940
893	200.000	0.050	200.000	0.468	2.995	1.328	1783013143.177
894	200.000	0.012	199.999	0.651	4.080	1.328	1783013143.443
895	200.000	0.031	200.002	0.745	5.765	1.328	1783013143.690
896	200.000	0.020	200.002	1.517	0.901	1.328	1783013143.955
897	200.000	0.000	199.998	1.260	2.143	1.328	1783013144.188
898	200.000	0.051	200.000	0.491	3.102	1.328	1783013144.455
899	200.000	0.015	199.998	0.864	2.912	1.328	1783013144.693
900	200.000	0.080	200.000	0.648	4.617	1.328	1783013144.956
901	200.000	-0.036	200.001	0.795	6.090	1.328	1783013145.199
902	200.000	-0.018	200.001	1.206	1.225	1.328	1783013145.426
903	200.000	0.016	199.998	1.010	2.235	1.328	1783013145.698
904	200.000	-0.023	200.006	0.594	2.961	1.328	1783013145.926
905	200.000	0.032	200.003	2.020	1.752	1.328	1783013146.202
906	200.000	0.005	199.996	0.445	4.333	1.328	1783013146.437
907	200.000	0.022	200.005	0.786	6.071	1.328	1783013146.686
908	200.000	-0.023	200.002	1.217	1.044	1.328	1783013146.934
909	200.000	0.069	199.998	1.156	2.269	1.328	1783013147.198
910	200.000	0.111	200.003	0.409	1.615	1.328	1783013147.441
911	200.000	-0.017	199.997	0.711	3.195	1.328	1783013147.668
912	200.000	0.018	200.001	0.510	4.176	1.328	1783013147.937
913	200.000	-0.019	200.000	0.817	5.993	1.328	1783013148.191
914	200.000	-0.016	200.003	1.444	1.153	1.328	1783013148.442
915	200.000	0.002	200.000	1.174	2.290	1.328	1783013148.702
916	200.000	0.033	199.998	0.793	2.867	1.328	1783013148.929
917	200.000	-0.012	199.998	0.721	3.384	1.328	1783013149.185
918	200.000	0.040	200.002	0.475	4.435	1.328	1783013149.433
919	200.000	-0.053	200.000	0.899	5.818	1.328	1783013149.696
920	200.000	0.005	200.001	1.235	1.171	1.328	1783013149.922
921	200.000	-0.049	200.001	1.118	2.108	1.328	1783013150.185
922	200.000	0.066	200.001	0.593	2.824	1.328	1783013150.435
923	200.000	-0.011	200.002	0.706	3.192	1.328	1783013150.712
924	200.000	0.031	199.999	0.561	4.278	1.328	1783013150.960
925	200.000	0.044	199.999	0.694	6.009	1.328	1783013151.208
926	200.000	0.227	199.998	1.805	1.263	1.328	1783013151.457
927	200.000	-0.004	199.995	1.272	2.168	1.328	1783013151.687
928	200.000	0.071	199.997	0.758	2.724	1.328	1783013151.956
929	200.000	0.008	199.999	0.672	2.786	1.328	1783013152.168
930	200.000	0.031	200.000	0.646	4.094	1.328	1783013152.431
931	200.000	0.044	199.999	0.813	6.213	1.328	1783013152.706
932	200.000	-0.022	200.002	1.164	1.220	1.328	1783013152.965
933	200.000	0.006	200.002	1.109	2.425	1.328	1783013153.225
934	200.000	-0.003	199.996	0.693	3.060	1.328	1783013153.461
935	200.000	-0.004	200.000	0.635	3.274	1.328	1783013153.721
936	200.000	0.070	200.004	0.614	4.151	1.328	1783013153.943
937	200.000	0.062	199.995	0.937	6.141	1.328	1783013154.201
938	200.000	0.029	200.004	1.239	1.160	1.328	1783013154.451
939	200.000	-0.031	200.001	1.115	2.266	1.328	1783013154.711
940	200.000	-0.046	199.997	0.754	2.695	1.328	1783013154.971
941	200.000	-0.059	200.006	0.597	3.259	1.328	1783013155.205
942	200.000	0.162	199.998	0.463	4.455	1.328	1783013155.460
943	200.000	0.032	200.001	0.747	6.266	1.328	1783013155.733
944	200.000	-0.016	200.000	1.108	1.396	1.328	1783013155.968
945	200.000	-0.054	200.005	1.028	2.167	1.328	1783013156.196
946	200.000	-0.026	200.001	0.723	2.780	1.328	1783013156.463
947	200.000	-0.013	200.000	0.659	3.290	1.328	1783013156.697
948	200.000	-0.004	200.002	0.573	4.559	1.328	1783013156.959
949	200.000	0.025	200.001	1.024	0.161	1.328	1783013157.211
950	200.000	-0.015	200.001	0.702	1.030	1.328	1783013157.463
951	200.000	0.005	200.001	1.068	2.245	1.328	1783013157.704
952	200.000	-0.030	200.001	0.714	2.771	1.328	1783013157.949
953	200.000	-0.034	199.997	0.537	3.252	1.328	1783013158.207
954	200.000	-0.031	200.002	0.542	4.427	1.328	1783013158.437
955	200.000	-0.032	200.000	0.833	6.205	1.328	1783013158.697
956	200.000	0.007	200.000	1.260	1.128	1.328	1783013158.947
957	200.000	-0.009	200.000	1.101	2.325	1.328	1783013159.226
958	200.000	-0.015	199.998	0.618	2.582	1.328	1783013159.440
959	200.000	-0.037	200.001	0.529	2.888	1.328	1783013159.702
960	200.000	-0.044	199.998	0.612	4.619	1.328	1783013159.953
961	200.000	0.037	199.996	1.020	0.076	1.328	1783013160.199
962	200.000	-0.012	200.001	1.440	1.200	1.328	1783013160.462
963	200.000	-0.027	200.006	1.098	2.407	1.328	1783013160.689
964	200.000	-0.016	200.001	0.660	2.913	1.328	1783013160.947
965	200.000	0.011	200.000	0.617	3.248	1.328	1783013161.226
966	200.000	-0.034	200.002	0.508	0.105	1.328	1783013161.466
967	200.000	0.008	199.998	1.202	0.280	1.328	1783013161.702
968	200.000	-0.059	200.000	1.286	1.376	1.328	1783013161.936
969	200.000	-0.029	200.003	1.230	2.241	1.328	1783013162.204
970	200.000	-0.067	199.998	0.970	3.046	1.328	1783013162.441
971	200.000	0.021	199.997	0.832	3.596	1.328	1783013162.720
972	200.000	-0.003	200.001	0.609	4.902	1.328	1783013162.951
973	200.000	-0.021	200.002	1.124	6.267	1.328	1783013163.214
974	200.000	0.041	200.003	1.311	1.518	1.328	1783013163.462
975	200.000	-0.017	199.998	1.134	2.955	1.328	1783013163.688
976	200.000	0.012	199.997	0.727	2.621	1.328	1783013163.950
977	200.000	-0.061	199.995	0.884	3.683	1.328	1783013164.200
978	200.000	-0.060	200.000	0.545	4.845	1.328	1783013164.479
979	200.000	0.025	200.000	1.003	0.214	1.328	1783013164.711
980	200.000	-0.174	199.999	1.617	1.593	1.328	1783013164.951
981	200.000	-0.080	200.000	1.262	2.022	1.328	1783013165.198
982	200.000	0.104	200.002	0.714	3.182	1.328	1783013165.466
983	200.000	-0.040	199.999	0.802	3.596	1.328	1783013165.709
984	200.000	0.102	200.000	1.811	4.647	1.328	1783013165.940
985	200.000	0.062	199.999	1.581	0.636	1.328	1783013166.226
986	200.000	0.005	200.003	1.146	1.454	1.328	1783013166.446
987	200.000	0.019	199.998	1.007	2.571	1.328	1783013166.719
988	200.000	0.040	199.996	0.675	3.020	1.328	1783013166.958
989	200.000	0.036	200.003	0.830	4.029	1.328	1783013167.221
990	200.000	0.032	200.000	0.637	5.379	1.328	1783013167.472
991	200.000	0.062	199.999	1.110	0.486	1.328	1783013167.714
992	200.000	0.005	199.999	1.191	1.716	1.328	1783013167.964
993	200.000	0.039	200.005	0.971	2.587	1.328	1783013168.187
994	200.000	0.007	199.999	0.696	3.374	1.328	1783013168.452
995	200.000	-0.016	200.000	0.563	3.832	1.328	1783013168.694
996	200.000	0.030	200.002	0.731	5.417	1.328	1783013168.964
997	200.000	-0.001	200.000	1.142	0.548	1.328	1783013169.210
998	200.000	-0.013	200.001	1.013	1.732	1.328	1783013169.450
999	200.000	-0.030	200.004	0.910	2.716	1.328	1783013169.721
1000	200.000	0.008	200.004	0.677	3.230	1.328	1783013169.952
1001	200.000	0.044	200.002	0.771	3.916	1.328	1783013170.180
1002	200.000	-0.032	200.001	0.766	5.077	1.328	1783013170.423
1003	200.000	0.010	199.999	1.162	0.529	1.328	1783013170.683
1004	200.000	-0.006	199.999	1.236	1.766	1.328	1783013170.954
1005	200.000	0.012	200.000	0.910	2.642	1.328	1783013171.220
1006	200.000	-0.029	199.999	0.995	2.438	1.328	1783013171.470
1007	200.000	0.003	199.999	0.844	4.141	1.328	1783013171.698
1008	200.000	0.005	200.002	0.769	5.483	1.328	1783013171.965
1009	200.000	-0.019	199.997	0.992	0.595	1.328	1783013172.192
1010	200.000	-0.021	199.999	1.166	1.975	1.328	1783013172.448
1011	200.000	0.008	200.000	0.850	2.803	1.328	1783013172.730
1012	200.000	-0.036	200.000	0.694	3.662	1.328	1783013173.011
1013	200.000	0.028	200.003	0.883	4.629	1.328	1783013173.256
1014	200.000	-0.159	200.004	0.982	0.698	1.328	1783013173.535
1015	200.000	-0.007	200.000	1.251	1.063	1.328	1783013173.790
1016	200.000	0.062	200.004	1.393	1.985	1.328	1783013174.046
1017	200.000	0.001	200.004	1.041	2.662	1.328	1783013174.280
1018	200.000	-0.006	200.002	0.814	3.841	1.328	1783013174.545
1019	200.000	-0.046	199.999	0.688	4.694	1.328	1783013174.771
1020	200.000	0.011	199.998	1.093	0.030	1.328	1783013175.039
1021	200.000	0.013	200.000	0.779	0.954	1.328	1783013175.292
1022	200.000	0.043	200.004	1.342	2.334	1.328	1783013175.545
1023	200.000	0.013	199.998	0.742	2.583	1.328	1783013175.831
1024	200.000	0.034	200.000	0.558	3.918	1.328	1783013176.059
1025	200.000	-0.069	200.004	0.649	5.123	1.328	1783013176.296
1026	200.000	-0.085	199.993	0.652	6.159	1.328	1783013176.543
1027	200.000	-0.007	200.000	1.129	1.369	1.328	1783013176.819
1028	200.000	0.033	200.004	0.990	2.800	1.328	1783013177.071
1029	200.000	-0.011	200.000	0.936	2.705	1.328	1783013177.327
1030	200.000	-0.037	200.001	0.496	3.111	1.328	1783013177.606
1031	200.000	-0.042	200.000	0.629	5.399	1.328	1783013177.855
1032	200.000	-0.039	199.999	1.104	0.479	1.328	1783013178.094
1033	200.000	0.081	200.003	1.185	1.873	1.328	1783013178.384
1034	200.000	-0.004	200.001	1.003	2.918	1.328	1783013178.672
1035	200.000	-0.054	200.000	0.595	3.390	1.328	1783013178.926
1036	200.000	0.011	199.999	0.637	4.243	1.328	1783013179.147
1037	200.000	-0.070	200.002	0.770	5.734	1.328	1783013179.426
1038	200.000	0.004	200.000	1.161	0.621	1.328	1783013179.643
1039	200.000	0.013	200.003	1.236	2.028	1.328	1783013179.911
1040	200.000	0.008	200.000	0.817	2.762	1.328	1783013180.159
1041	200.000	-0.071	199.999	0.660	3.163	1.328	1783013180.409
1042	200.000	0.000	200.000	0.659	4.197	1.328	1783013180.663
1043	200.000	0.075	199.997	0.724	5.893	1.328	1783013180.886
1044	200.000	-0.028	200.001	1.308	0.790	1.328	1783013181.161
1045	200.000	-0.033	200.001	1.541	1.731	1.328	1783013181.408
1046	200.000	0.002	199.998	1.010	3.352	1.328	1783013181.656
1047	200.000	-0.043	200.001	0.498	2.521	1.328	1783013181.906
1048	200.000	0.064	199.999	0.551	4.523	1.328	1783013182.166
1049	200.000	-0.079	200.000	0.972	6.216	1.328	1783013182.421
1050	200.000	0.030	200.001	1.995	0.969	1.328	1783013182.671
1051	200.000	-0.036	199.996	1.222	2.098	1.328	1783013182.907
1052	200.000	-0.009	199.997	0.849	2.734	1.328	1783013183.136
1053	200.000	-0.020	200.000	0.623	3.052	1.328	1783013183.409
1054	200.000	-0.022	200.001	0.745	4.598	1.328	1783013183.648
1055	200.000	0.025	199.999	0.888	5.971	1.328	1783013183.921
1056	200.000	-0.042	199.998	1.292	1.037	1.328	1783013184.147
1057	200.000	0.064	199.997	1.229	2.070	1.328	1783013184.418
1058	200.000	0.034	199.998	0.883	2.910	1.328	1783013184.660
1059	200.000	0.027	199.998	0.594	3.315	1.328	1783013184.954
1060	200.000	-0.015	200.000	0.738	4.692	1.328	1783013185.184
1061	200.000	-0.035	200.000	0.812	6.220	1.328	1783013185.415
1062	200.000	-0.018	200.004	1.222	1.090	1.328	1783013185.684
1063	200.000	-0.038	199.999	1.163	2.238	1.328	1783013185.931
1064	200.000	0.008	200.001	1.023	2.941	1.328	1783013186.191
1065	200.000	-0.011	200.003	0.648	3.451	1.328	1783013186.417
1066	200.000	0.037	200.001	0.691	4.676	1.328	1783013186.678
1067	200.000	-0.007	199.998	1.012	6.070	1.328	1783013186.931
1068	200.000	-0.009	199.996	1.280	1.123	1.328	1783013187.203
1069	200.000	0.015	200.002	1.220	2.128	1.328	1783013187.433
1070	200.000	-0.016	200.003	0.761	2.988	1.328	1783013187.683
1071	200.000	-0.084	199.998	0.628	3.385	1.328	1783013187.952
1072	200.000	0.018	200.000	0.489	4.783	1.328	1783013188.227
1073	200.000	0.021	200.001	1.163	0.186	1.328	1783013188.509
1074	200.000	-0.017	200.000	1.312	1.601	1.328	1783013188.789
1075	200.000	-0.041	199.997	0.977	2.581	1.328	1783013189.010
1076	200.000	0.017	200.001	0.975	3.324	1.328	1783013189.288
1077	200.000	0.008	199.998	0.553	3.849	1.328	1783013189.531
1078	200.000	-0.044	200.003	0.588	5.266	1.328	1783013189.770
1079	200.000	-0.014	200.002	1.208	0.435	1.328	1783013190.040
1080	200.000	-0.006	200.000	1.212	1.625	1.328	1783013190.283
1081	200.000	-0.024	199.998	0.890	2.751	1.328	1783013190.562
1082	200.000	-0.041	200.002	0.939	3.267	1.328	1783013190.786
1083	200.000	-0.043	200.000	0.685	3.780	1.328	1783013191.051
1084	200.000	0.067	200.002	0.521	5.893	1.328	1783013191.291
1085	200.000	0.033	199.998	0.859	0.094	1.328	1783013191.555
1086	200.000	-0.006	200.002	1.345	1.838	1.328	1783013191.804
1087	200.000	-0.009	200.000	1.040	2.787	1.328	1783013192.052
1088	200.000	0.009	199.999	0.757	3.188	1.328	1783013192.316
1089	200.000	-0.014	199.997	0.718	3.924	1.328	1783013192.544
1090	200.000	0.026	200.001	0.915	5.471	1.328	1783013192.812
1091	200.000	0.016	200.001	1.328	0.702	1.328	1783013193.033
1092	200.000	0.010	199.999	1.341	1.750	1.328	1783013193.297
1093	200.000	-0.049	200.000	0.977	2.737	1.328	1783013193.545
1094	200.000	-0.024	200.002	0.721	3.204	1.328	1783013193.817
1095	200.000	0.010	200.004	0.644	4.160	1.328	1783013194.068
1096	200.000	-0.006	200.000	0.722	5.480	1.328	1783013194.310
1097	200.000	-0.044	199.999	1.002	0.563	1.328	1783013194.550
1098	200.000	-0.042	200.000	1.316	1.795	1.328	1783013194.802
1099	200.000	0.046	200.004	1.004	2.727	1.328	1783013195.046
1100	200.000	-0.063	199.999	0.752	3.173	1.328	1783013195.294
1101	200.000	-0.073	199.997	0.653	3.995	1.328	1783013195.562
1102	200.000	-0.008	200.003	0.641	5.463	1.328	1783013195.802
1103	200.000	0.001	200.000	1.151	0.473	1.328	1783013196.054
1104	200.000	0.035	200.004	1.341	1.826	1.328	1783013196.295
1105	200.000	0.021	199.999	0.978	2.701	1.328	1783013196.551
1106	200.000	-0.015	199.997	0.804	3.170	1.328	1783013196.798
1107	200.000	0.007	200.002	0.709	4.223	1.328	1783013197.047
1108	200.000	-0.049	199.998	0.825	5.414	1.328	1783013197.308
1109	200.000	0.003	199.999	1.201	0.696	1.328	1783013197.541
1110	200.000	-0.005	199.999	1.263	1.896	1.328	1783013197.800
1111	200.000	-0.026	199.998	0.985	2.738	1.328	1783013198.044
1112	200.000	-0.010	200.004	0.739	3.058	1.328	1783013198.325
1113	200.000	0.031	199.998	0.694	4.332	1.328	1783013198.603
1114	200.000	-0.009	200.002	0.846	5.855	1.328	1783013198.867
1115	200.000	0.020	199.996	1.125	0.982	1.328	1783013199.116
1116	200.000	0.004	199.999	1.267	2.193	1.328	1783013199.406
1117	200.000	-0.001	199.998	0.892	3.087	1.328	1783013199.656
1118	200.000	0.028	200.001	0.720	3.341	1.328	1783013199.906
1119	200.000	0.046	200.002	0.612	4.649	1.328	1783013200.156
1120	200.000	0.001	200.002	0.791	0.056	1.328	1783013200.419
1121	200.000	0.022	199.999	1.440	1.506	1.328	1783013200.672
1122	200.000	-0.005	199.999	1.195	2.271	1.328	1783013200.903
1123	200.000	-0.021	199.997	0.851	3.006	1.328	1783013201.167
1124	200.000	0.037	200.001	0.662	3.673	1.328	1783013201.416
1125	200.000	0.023	200.001	0.653	4.916	1.328	1783013201.667
1126	200.000	0.023	200.001	1.043	6.189	1.328	1783013201.912
1127	200.000	0.059	200.000	1.373	1.279	1.328	1783013202.175
1128	200.000	-0.037	199.998	1.200	2.526	1.328	1783013202.424
1129	200.000	0.029	199.994	0.703	3.141	1.328	1783013202.697
1130	200.000	-0.008	200.000	0.702	3.864	1.328	1783013202.925
1131	200.000	-0.024	200.002	0.772	5.233	1.328	1783013203.199
1132	200.000	-0.024	199.995	1.088	0.337	1.328	1783013203.426
1133	200.000	-0.034	200.000	1.369	1.573	1.328	1783013203.673
1134	200.000	-0.018	200.000	1.061	2.505	1.328	1783013203.922
1135	200.000	0.003	200.005	0.660	3.183	1.328	1783013204.193
1136	200.000	0.007	199.997	0.613	3.754	1.328	1783013204.445
1137	200.000	-0.008	199.998	0.662	5.401	1.328	1783013204.668
1138	200.000	-0.010	200.000	1.196	0.510	1.328	1783013204.928
1139	200.000	0.049	199.998	1.286	1.676	1.328	1783013205.178
1140	200.000	0.028	200.001	1.050	2.753	1.328	1783013205.415
1141	200.000	-0.005	199.999	0.843	3.104	1.328	1783013205.671
1142	200.000	-0.005	199.999	0.717	3.893	1.328	1783013205.920
1143	200.000	-0.003	200.006	0.799	5.125	1.328	1783013206.204
1144	200.000	-0.039	200.002	1.302	0.688	1.328	1783013206.492
1145	200.000	-0.030	200.000	1.458	1.849	1.328	1783013206.745
1146	200.000	0.002	200.000	1.028	2.717	1.328	1783013206.971
1147	200.000	0.018	200.001	0.676	3.200	1.328	1783013207.240
1148	200.000	0.014	199.999	0.678	4.303	1.328	1783013207.471
1149	200.000	0.009	200.000	0.895	5.826	1.328	1783013207.742
1150	200.000	0.001	200.003	1.255	0.757	1.328	1783013207.973
1151	200.000	0.005	200.004	1.436	1.842	1.328	1783013208.234
1152	200.000	0.006	200.003	1.010	2.774	1.328	1783013208.486
1153	200.000	-0.019	199.999	0.761	3.283	1.328	1783013208.777
1154	200.000	0.026	200.002	0.766	4.398	1.328	1783013209.016
1155	200.000	0.029	200.003	0.911	6.110	1.328	1783013209.250
1156	200.000	-0.120	199.999	1.219	0.806	1.328	1783013209.519
1157	200.000	-0.001	199.998	1.334	2.211	1.328	1783013209.785
1158	200.000	-0.004	199.998	0.817	3.176	1.328	1783013210.015
1159	200.000	0.001	200.003	0.660	3.253	1.328	1783013210.262
1160	200.000	0.012	199.998	0.629	4.531	1.328	1783013210.520
1161	200.000	0.027	200.001	0.950	6.171	1.328	1783013210.774
1162	200.000	-0.007	200.000	1.544	1.116	1.328	1783013211.015
1163	200.000	0.019	199.999	1.258	2.237	1.328	1783013211.269
1164	200.000	-0.027	200.005	0.809	2.887	1.328	1783013211.503
1165	200.000	0.037	200.007	0.522	3.314	1.328	1783013211.772
1166	200.000	0.042	199.999	0.687	4.548	1.328	1783013212.005
1167	200.000	-0.006	199.996	1.036	0.149	1.328	1783013212.280
1168	200.000	0.027	200.003	0.997	1.039	1.328	1783013212.497
1169	200.000	-0.021	200.002	1.220	2.309	1.328	1783013212.760
1170	200.000	0.005	200.000	0.810	3.048	1.328	1783013213.011
1171	200.000	0.023	200.001	0.683	3.436	1.328	1783013213.306
1172	200.000	-0.026	199.998	0.694	5.064	1.328	1783013213.538
1173	200.000	0.003	200.003	1.167	0.108	1.328	1783013213.797
1174	200.000	-0.005	199.998	1.314	1.318	1.328	1783013214.045
1175	200.000	-0.046	200.003	1.210	2.334	1.328	1783013214.292
1176	200.000	-0.036	200.001	1.055	3.854	1.328	1783013214.549
1177	200.000	-0.075	200.001	0.604	3.405	1.328	1783013214.777
1178	200.000	0.005	199.999	0.650	5.099	1.328	1783013215.046
1179	200.000	-0.020	199.996	1.106	0.169	1.328	1783013215.294
1180	200.000	-0.036	199.998	1.334	1.622	1.328	1783013215.544
1181	200.000	-0.008	200.000	1.074	2.547	1.328	1783013215.793
1182	200.000	-0.022	200.001	0.740	3.309	1.328	1783013216.020
1183	200.000	0.016	200.000	0.679	3.789	1.328	1783013216.297
1184	200.000	0.017	200.005	0.605	5.148	1.328	1783013216.525
1185	200.000	-0.020	199.998	1.016	0.213	1.328	1783013216.785
1186	200.000	0.000	200.005	1.509	1.490	1.328	1783013217.031
1187	200.000	0.009	200.001	1.112	2.639	1.328	1783013217.299
1188	200.000	0.017	200.002	0.748	3.335	1.328	1783013217.526
1189	200.000	-0.023	200.000	0.719	4.023	1.328	1783013217.771
1190	200.000	0.003	200.003	0.862	5.111	1.328	1783013218.034
1191	200.000	-0.013	199.997	1.223	0.247	1.328	1783013218.280
1192	200.000	-0.007	200.001	1.455	1.558	1.328	1783013218.551
1193	200.000	0.017	200.001	1.078	2.584	1.328	1783013218.775
1194	200.000	0.035	199.999	0.735	3.272	1.328	1783013219.038
1195	200.000	-0.030	199.999	0.758	4.153	1.328	1783013219.291
1196	200.000	-0.010	199.998	0.832	5.326	1.328	1783013219.550
1197	200.000	0.013	200.000	1.209	0.468	1.328	1783013219.807
1198	200.000	0.024	199.999	1.451	1.456	1.328	1783013220.047
1199	200.000	-0.021	200.002	0.997	2.647	1.328	1783013220.301
1200	200.000	0.067	199.999	0.597	3.096	1.328	1783013220.534
1201	200.000	0.011	200.004	0.586	3.834	1.328	1783013220.809
1202	200.000	-0.008	199.999	0.956	5.125	1.328	1783013221.033
1203	200.000	-0.025	200.002	1.197	0.487	1.328	1783013221.296
1204	200.000	0.021	199.998	1.459	1.800	1.328	1783013221.548
1205	200.000	0.038	200.002	1.000	2.762	1.328	1783013221.826
1206	200.000	0.007	200.000	0.778	3.388	1.328	1783013222.061
1207	200.000	-0.058	200.001	0.738	4.137	1.328	1783013222.278
1208	200.000	-0.033	200.002	0.858	5.533	1.328	1783013222.550
1209	200.000	0.027	200.002	1.124	0.490	1.328	1783013222.788
1210	200.000	-0.103	200.001	1.349	1.692	1.328	1783013223.057
1211	200.000	-0.026	199.999	1.117	2.610	1.328	1783013223.279
1212	200.000	-0.031	199.998	0.671	3.257	1.328	1783013223.557
1213	200.000	-0.043	200.001	0.521	4.257	1.328	1783013223.807
1214	200.000	-0.035	199.996	0.932	5.685	1.328	1783013224.048
1215	200.000	-0.031	199.996	1.199	0.565	1.328	1783013224.291
1216	200.000	-0.029	200.002	1.384	1.735	1.328	1783013224.560
1217	200.000	0.013	200.000	1.006	2.614	1.328	1783013224.794
1218	200.000	0.022	199.997	0.796	3.565	1.328	1783013225.051
1219	200.000	0.014	200.000	0.548	4.445	1.328	1783013225.308
1220	200.000	-0.023	199.997	0.738	5.591	1.328	1783013225.520
1221	200.000	0.001	200.002	1.420	0.610	1.328	1783013225.805
1222	200.000	0.008	200.000	1.430	1.857	1.328	1783013226.052
1223	200.000	-0.050	200.000	1.101	2.718	1.328	1783013226.303
1224	200.000	-0.036	200.003	0.770	3.632	1.328	1783013226.531
1225	200.000	0.011	200.000	0.527	4.173	1.328	1783013226.783
1226	200.000	0.049	200.002	0.959	5.909	1.328	1783013227.052
1227	200.000	-0.002	200.001	1.286	0.640	1.328	1783013227.294
1228	200.000	0.009	200.005	1.330	1.890	1.328	1783013227.556
1229	200.000	0.009	200.000	1.099	2.984	1.328	1783013227.792
1230	200.000	-0.039	199.997	0.710	3.443	1.328	1783013228.055
1231	200.000	-0.015	199.993	0.414	4.586	1.328	1783013228.308
1232	200.000	-0.024	199.999	0.906	5.900	1.328	1783013228.523
1233	200.000	-0.027	200.003	1.457	0.829	1.328	1783013228.807
1234	200.000	-0.012	200.001	1.440	1.963	1.328	1783013229.028
1235	200.000	0.002	200.003	1.113	2.719	1.328	1783013229.304
1236	200.000	0.042	200.001	0.765	3.452	1.328	1783013229.524
1237	200.000	-0.017	199.999	0.516	4.455	1.328	1783013229.756
1238	200.000	0.002	200.000	0.828	5.858	1.328	1783013230.004
1239	200.000	-0.010	200.002	1.393	0.774	1.328	1783013230.261
1240	200.000	-0.025	199.999	1.637	1.907	1.328	1783013230.517
1241	200.000	0.012	199.995	1.265	2.876	1.328	1783013230.753
1242	200.000	-0.021	199.997	0.749	3.582	1.328	1783013231.009
1243	200.000	-0.006	200.000	0.516	4.366	1.328	1783013231.263
1244	200.000	0.009	200.002	0.825	5.826	1.328	1783013231.531
1245	200.000	0.035	200.001	1.396	0.989	1.328	1783013231.803
1246	200.000	-0.035	200.001	1.516	2.127	1.328	1783013232.066
1247	200.000	-0.068	199.999	1.061	2.896	1.328	1783013232.314
1248	200.000	0.024	200.002	0.654	3.630	1.328	1783013232.549
1249	200.000	0.012	199.999	0.492	4.441	1.328	1783013232.810
1250	200.000	0.065	200.001	1.084	5.997	1.328	1783013233.032
1251	200.000	0.034	199.998	1.234	0.889	1.328	1783013233.302
1252	200.000	-0.013	199.999	1.487	2.152	1.328	1783013233.548
1253	200.000	-0.030	200.002	1.029	3.162	1.328	1783013233.816
1254	200.000	0.014	200.004	0.739	3.688	1.328	1783013234.062
1255	200.000	0.001	200.000	0.514	4.850	1.328	1783013234.287
1256	200.000	-0.009	200.001	0.980	6.231	1.328	1783013234.566
1257	200.000	-0.007	200.001	1.240	1.015	1.328	1783013234.813
1258	200.000	0.003	200.001	1.404	2.117	1.328	1783013235.049
1259	200.000	-0.077	200.004	1.109	3.053	1.328	1783013235.301
1260	200.000	-0.006	200.002	0.856	3.644	1.328	1783013235.549
1261	200.000	-0.017	200.002	0.704	4.623	1.328	1783013235.805
1262	200.000	-0.013	200.001	1.009	6.103	1.328	1783013236.047
1263	200.000	-0.003	200.000	1.328	1.023	1.328	1783013236.300
1264	200.000	-0.021	199.999	1.330	2.191	1.328	1783013236.561
1265	200.000	-0.038	199.998	0.969	2.947	1.328	1783013236.810
1266	200.000	-0.020	199.999	0.762	3.396	1.328	1783013237.032
1267	200.000	0.045	200.003	0.587	4.678	1.328	1783013237.290
1268	200.000	-0.007	199.999	0.978	0.033	1.328	1783013237.543
1269	200.000	0.031	199.999	1.297	1.093	1.328	1783013237.811
1270	200.000	-0.024	200.000	1.380	2.215	1.328	1783013238.055
1271	200.000	0.011	200.002	1.065	3.001	1.328	1783013238.289
1272	200.000	0.014	200.003	0.628	3.458	1.328	1783013238.526
1273	200.000	-0.017	200.005	0.536	4.488	1.328	1783013238.780
1274	200.000	0.018	200.000	1.050	0.040	1.328	1783013239.072
1275	200.000	0.004	199.997	1.346	1.344	1.328	1783013239.283
1276	200.000	-0.021	199.997	1.368	2.243	1.328	1783013239.574
1277	200.000	-0.003	200.001	1.061	2.966	1.328	1783013239.795
1278	200.000	0.003	200.001	0.685	3.468	1.328	1783013240.090
1279	200.000	0.004	200.000	0.666	4.649	1.328	1783013240.312
1280	200.000	0.001	200.001	0.891	6.051	1.328	1783013240.577
1281	200.000	-0.004	200.000	1.406	1.255	1.328	1783013240.825
1282	200.000	0.040	199.997	1.192	2.312	1.328	1783013241.074
1283	200.000	0.086	200.003	1.134	3.081	1.328	1783013241.323
1284	200.000	-0.024	200.004	0.602	3.757	1.328	1783013241.553
1285	200.000	0.003	200.001	0.540	4.948	1.328	1783013241.823
1286	200.000	-0.013	200.000	1.009	6.212	1.328	1783013242.051
1287	200.000	0.027	200.001	1.377	1.221	1.328	1783013242.321
1288	200.000	0.015	200.002	1.382	2.334	1.328	1783013242.572
1289	200.000	0.007	200.003	1.072	3.206	1.328	1783013242.806
1290	200.000	-0.023	200.001	0.661	3.729	1.328	1783013243.063
1291	200.000	0.012	199.995	0.610	4.851	1.328	1783013243.318
1292	200.000	-0.010	199.999	1.027	0.055	1.328	1783013243.582
1293	200.000	-0.015	199.997	1.563	1.369	1.328	1783013243.805
1294	200.000	0.026	200.001	1.333	2.363	1.328	1783013244.072
1295	200.000	-0.032	199.999	0.988	3.297	1.328	1783013244.320
1296	200.000	0.050	200.005	0.834	3.707	1.328	1783013244.572
1297	200.000	0.003	200.001	0.647	5.007	1.328	1783013244.817
1298	200.000	-0.020	200.003	1.157	0.303	1.328	1783013245.081
1299	200.000	0.008	200.002	1.486	1.488	1.328	1783013245.323
1300	200.000	0.003	200.001	1.345	2.408	1.328	1783013245.557
1301	200.000	-0.037	200.001	0.885	3.236	1.328	1783013245.829
1302	200.000	0.006	200.000	0.913	4.040	1.328	1783013246.054
1303	200.000	0.035	200.000	0.679	5.226	1.328	1783013246.323
1304	200.000	-0.003	200.000	1.155	0.260	1.328	1783013246.574
1305	200.000	0.028	199.999	1.304	1.388	1.328	1783013246.819
1306	200.000	-0.039	200.002	1.280	2.615	1.328	1783013247.070
1307	200.000	0.009	200.001	0.851	3.267	1.328	1783013247.307
1308	200.000	-0.049	200.002	0.800	3.910	1.328	1783013247.564
1309	200.000	-0.023	200.004	0.752	5.217	1.328	1783013247.823
1310	200.000	0.045	200.005	1.126	0.383	1.328	1783013248.136
1311	200.000	-0.021	200.001	1.485	1.790	1.328	1783013248.361
1312	200.000	0.019	200.000	1.092	2.397	1.328	1783013248.629
1313	200.000	0.013	200.000	0.474	3.250	1.328	1783013248.876
1314	200.000	-0.001	199.998	0.751	4.284	1.328	1783013249.125
1315	200.000	0.065	199.996	0.790	5.342	1.328	1783013249.356
1316	200.000	0.009	200.001	1.360	0.517	1.328	1783013249.627
1317	200.000	0.028	200.000	1.494	1.805	1.328	1783013249.871
1318	200.000	0.026	200.001	1.175	2.753	1.328	1783013250.142
1319	200.000	-0.010	200.000	0.820	3.612	1.328	1783013250.393
1320	200.000	-0.037	200.000	0.692	4.373	1.328	1783013250.622
1321	200.000	-0.023	199.999	0.881	5.713	1.328	1783013250.882
1322	200.000	0.007	199.998	1.403	0.633	1.328	1783013251.119
1323	200.000	0.006	200.001	1.539	1.914	1.328	1783013251.404
1324	200.000	0.009	200.004	0.976	3.086	1.328	1783013251.686
1325	200.000	-0.006	199.999	0.814	3.813	1.328	1783013251.941
1326	200.000	-0.023	200.001	0.665	4.933	1.328	1783013252.175
1327	200.000	0.011	200.000	1.055	6.091	1.328	1783013252.446
1328	200.000	0.021	200.000	1.759	1.063	1.328	1783013252.671
1329	200.000	0.003	199.999	1.476	2.229	1.328	1783013252.941
1330	200.000	-0.010	199.997	1.164	2.991	1.328	1783013253.190
1331	200.000	0.003	200.000	0.771	3.742	1.328	1783013253.443
1332	200.000	0.013	199.998	0.803	4.704	1.328	1783013253.697
1333	200.000	-0.004	200.000	1.096	6.108	1.328	1783013253.917
1334	200.000	0.023	200.000	1.445	1.008	1.328	1783013254.184
1335	200.000	-0.018	200.001	1.435	2.268	1.328	1783013254.432
1336	200.000	0.038	199.998	1.128	2.937	1.328	1783013254.691
1337	200.000	0.074	200.003	0.805	3.829	1.328	1783013254.923
1338	200.000	0.011	199.999	0.851	4.793	1.328	1783013255.212
1339	200.000	0.036	199.998	1.139	6.266	1.328	1783013255.459
1340	200.000	0.023	200.002	1.545	1.287	1.328	1783013255.730
1341	200.000	0.050	199.997	1.385	2.445	1.328	1783013255.957
1342	200.000	0.014	199.999	1.097	2.999	1.328	1783013256.217
1343	200.000	0.011	199.997	0.775	3.868	1.328	1783013256.462
1344	200.000	0.019	199.998	0.805	5.179	1.328	1783013256.725
1345	200.000	0.049	199.998	1.348	0.114	1.328	1783013256.972
1346	200.000	-0.006	199.997	1.662	1.291	1.328	1783013257.194
1347	200.000	-0.028	200.001	1.488	2.312	1.328	1783013257.460
1348	200.000	0.007	200.000	0.967	3.144	1.328	1783013257.693
1349	200.000	0.015	200.005	0.644	3.724	1.328	1783013257.964
1350	200.000	0.008	199.995	0.814	5.165	1.328	1783013258.201
1351	200.000	-0.004	200.001	1.212	0.157	1.328	1783013258.451
1352	200.000	-0.006	199.999	2.063	1.384	1.328	1783013258.719
1353	200.000	-0.037	200.001	1.448	2.473	1.328	1783013258.953
1354	200.000	-0.001	200.001	0.939	3.296	1.328	1783013259.235
1355	200.000	-0.010	199.998	0.757	3.801	1.328	1783013259.462
1356	200.000	0.038	200.003	0.866	5.450	1.328	1783013259.736
1357	200.000	-0.033	199.999	1.294	0.430	1.328	1783013259.963
1358	200.000	-0.019	200.000	1.453	1.449	1.328	1783013260.230
1359	200.000	-0.073	199.999	1.383	2.570	1.328	1783013260.476
1360	200.000	0.016	200.005	0.997	3.365	1.328	1783013260.726
1361	200.000	0.032	200.000	0.727	3.970	1.328	1783013260.975
1362	200.000	0.027	200.000	0.836	5.352	1.328	1783013261.245
1363	200.000	0.000	200.003	1.493	0.517	1.328	1783013261.480
1364	200.000	0.006	200.002	1.598	1.490	1.328	1783013261.709
1365	200.000	0.059	200.002	1.230	2.604	1.328	1783013261.973
1366	200.000	-0.017	200.004	0.973	3.264	1.328	1783013262.223
1367	200.000	0.014	199.997	0.897	4.152	1.328	1783013262.491
1368	200.000	-0.105	199.996	1.016	5.475	1.328	1783013262.746
1369	200.000	0.005	200.001	1.315	0.385	1.328	1783013262.985
1370	200.000	0.052	200.000	1.535	1.715	1.328	1783013263.233
1371	200.000	-0.006	199.999	1.310	2.493	1.328	1783013263.475
1372	200.000	-0.002	200.006	0.953	3.550	1.328	1783013263.728
1373	200.000	-0.056	199.997	0.790	4.176	1.328	1783013263.970
1374	200.000	-0.006	200.004	1.030	5.566	1.328	1783013264.239
1375	200.000	0.007	199.998	1.404	0.673	1.328	1783013264.479
1376	200.000	-0.007	200.000	1.385	1.744	1.328	1783013264.719
1377	200.000	-0.031	200.003	1.195	2.746	1.328	1783013264.970
1378	200.000	-0.009	199.999	0.886	3.557	1.328	1783013265.240
1379	200.000	0.028	200.001	0.725	4.377	1.328	1783013265.477
1380	200.000	0.004	199.996	1.007	5.705	1.328	1783013265.727
1381	200.000	0.011	199.997	1.359	0.612	1.328	1783013265.970
1382	200.000	0.006	200.000	1.441	1.844	1.328	1783013266.216
1383	200.000	-0.039	200.000	1.246	2.789	1.328	1783013266.482
1384	200.000	-0.023	200.001	0.824	3.547	1.328	1783013266.738
1385	200.000	-0.036	200.002	0.703	4.475	1.328	1783013266.976
1386	200.000	-0.056	199.996	1.009	5.691	1.328	1783013267.209
1387	200.000	0.016	199.997	1.447	0.743	1.328	1783013267.455
1388	200.000	0.019	199.997	1.432	1.892	1.328	1783013267.725
1389	200.000	-0.025	200.001	1.168	2.796	1.328	1783013267.977
1390	200.000	0.024	200.004	0.799	3.628	1.328	1783013268.255
1391	200.000	-0.015	200.001	0.742	4.800	1.328	1783013268.502
1392	200.000	-0.001	200.002	1.232	6.152	1.328	1783013268.800
1393	200.000	-0.008	200.006	1.491	1.054	1.328	1783013269.033
1394	200.000	0.011	199.997	1.396	2.257	1.328	1783013269.305
1395	200.000	0.002	200.001	1.080	3.159	1.328	1783013269.555
1396	200.000	-0.004	200.000	0.751	3.934	1.328	1783013269.793
1397	200.000	0.005	199.999	0.803	5.239	1.328	1783013270.056
1398	200.000	0.017	199.998	1.242	0.105	1.328	1783013270.323
1399	200.000	0.033	199.999	1.490	1.411	1.328	1783013270.569
1400	200.000	-0.027	200.001	1.454	2.260	1.328	1783013270.805
1401	200.000	0.015	200.001	1.017	3.063	1.328	1783013271.062
1402	200.000	-0.021	200.003	0.747	3.948	1.328	1783013271.285
1403	200.000	0.067	200.000	0.638	5.289	1.328	1783013271.555
1404	200.000	-0.021	199.998	1.302	0.113	1.328	1783013271.804
1405	200.000	-0.021	200.002	1.473	1.261	1.328	1783013272.049
1406	200.000	0.068	200.001	1.322	2.282	1.328	1783013272.314
1407	200.000	0.034	199.995	1.002	3.201	1.328	1783013272.560
1408	200.000	0.009	200.000	0.877	3.996	1.328	1783013272.809
1409	200.000	0.037	200.001	0.733	5.250	1.328	1783013273.072
1410	200.000	0.022	200.000	1.139	0.207	1.328	1783013273.319
1411	200.000	-0.016	199.996	1.464	1.427	1.328	1783013273.549
1412	200.000	-0.044	200.001	1.215	2.470	1.328	1783013273.825
1413	200.000	0.074	200.001	0.562	2.625	1.328	1783013274.059
1414	200.000	0.050	200.000	0.300	4.221	1.328	1783013274.322
1415	200.000	-0.048	199.996	0.870	5.594	1.328	1783013274.580
1416	200.000	0.011	200.002	1.484	0.536	1.328	1783013274.820
1417	200.000	0.013	200.000	1.439	1.568	1.328	1783013275.067
1418	200.000	-0.052	199.996	1.242	2.421	1.328	1783013275.296
1419	200.000	-0.045	200.005	0.840	3.173	1.328	1783013275.576
1420	200.000	-0.020	200.000	0.745	4.308	1.328	1783013275.795
1421	200.000	-0.037	200.002	0.787	5.632	1.328	1783013276.065
1422	200.000	0.031	199.997	1.291	0.500	1.328	1783013276.314
1423	200.000	-0.049	200.000	1.428	1.710	1.328	1783013276.576
1424	200.000	0.011	200.003	1.145	2.533	1.328	1783013276.835
1425	200.000	0.053	200.003	0.938	3.454	1.328	1783013277.069
1426	200.000	-0.041	200.002	0.777	4.166	1.328	1783013277.323
1427	200.000	0.014	199.997	0.879	5.194	1.328	1783013277.556
1428	200.000	0.019	200.003	1.319	0.193	1.328	1783013277.830
1429	200.000	-0.030	200.000	1.489	1.277	1.328	1783013278.042
1430	200.000	-0.032	200.004	1.431	2.250	1.328	1783013278.304
1431	200.000	0.050	200.003	0.989	3.231	1.328	1783013278.553
1432	200.000	0.023	200.002	0.824	4.020	1.328	1783013278.819
1433	200.000	0.007	200.000	0.830	5.246	1.328	1783013279.056
1434	200.000	0.002	200.003	1.562	0.461	1.328	1783013279.303
1435	200.000	-0.026	199.997	1.540	1.450	1.328	1783013279.567
1436	200.000	-0.034	200.004	1.323	2.444	1.328	1783013279.805
1437	200.000	-0.044	199.999	0.839	3.116	1.328	1783013280.074
1438	200.000	-0.010	199.998	0.709	4.159	1.328	1783013280.297
1439	200.000	-0.060	199.998	0.841	5.528	1.328	1783013280.569
1440	200.000	-0.030	199.999	1.423	0.446	1.328	1783013280.816
1441	200.000	-0.047	199.999	1.601	1.531	1.328	1783013281.086
1442	200.000	-0.027	200.001	1.208	2.446	1.328	1783013281.314
1443	200.000	0.056	200.000	1.036	3.322	1.328	1783013281.534
1444	200.000	-0.062	199.997	0.726	4.151	1.328	1783013281.819
1445	200.000	-0.042	200.003	0.962	5.379	1.328	1783013282.044
1446	200.000	0.031	200.002	1.218	0.273	1.328	1783013282.295
1447	200.000	-0.001	200.001	1.605	1.586	1.328	1783013282.544
1448	200.000	0.002	199.999	1.246	2.584	1.328	1783013282.807
1449	200.000	0.065	199.995	0.899	3.180	1.328	1783013283.056
1450	200.000	-0.010	200.000	0.755	4.308	1.328	1783013283.324
1451	200.000	-0.037	199.999	0.946	5.494	1.328	1783013283.577
1452	200.000	-0.017	200.001	1.427	0.505	1.328	1783013283.806
1453	200.000	0.018	200.001	1.568	1.583	1.328	1783013284.074
1454	200.000	0.009	199.998	1.311	2.673	1.328	1783013284.314
1455	200.000	0.051	200.000	0.976	3.242	1.328	1783013284.578
1456	200.000	0.012	199.998	0.753	4.321	1.328	1783013284.826
1457	200.000	0.010	200.001	0.945	5.629	1.328	1783013285.070
1458	200.000	0.030	200.000	1.432	0.550	1.328	1783013285.325
1459	200.000	-0.012	200.001	1.588	1.665	1.328	1783013285.548
1460	200.000	-0.001	199.999	1.316	2.381	1.328	1783013285.813
1461	200.000	0.014	200.000	0.878	3.459	1.328	1783013286.064
1462	200.000	0.017	199.996	0.683	4.130	1.328	1783013286.325
1463	200.000	-0.026	200.000	1.063	5.512	1.328	1783013286.553
1464	200.000	-0.011	200.003	1.391	0.660	1.328	1783013286.814
1465	200.000	0.013	200.002	1.385	1.753	1.328	1783013287.064
1466	200.000	-0.002	200.000	1.166	2.638	1.328	1783013287.317
1467	200.000	0.042	200.004	0.850	3.512	1.328	1783013287.579
1468	200.000	-0.038	200.000	0.853	4.385	1.328	1783013287.827
1469	200.000	0.001	199.998	1.032	5.956	1.328	1783013288.084
1470	200.000	-0.001	200.001	1.744	0.898	1.328	1783013288.345
1471	200.000	-0.002	200.000	1.558	1.915	1.328	1783013288.593
1472	200.000	-0.013	199.999	1.106	2.464	1.328	1783013288.814
1473	200.000	0.004	199.997	0.898	3.576	1.328	1783013289.102
1474	200.000	0.021	199.996	0.849	4.724	1.328	1783013289.391
1475	200.000	-0.019	200.002	1.224	0.114	1.328	1783013289.675
1476	200.000	-0.009	199.999	1.558	1.379	1.328	1783013289.915
1477	200.000	-0.019	200.002	1.485	2.316	1.328	1783013290.153
1478	200.000	0.055	200.001	1.040	3.206	1.328	1783013290.387
1479	200.000	0.009	200.000	0.795	3.758	1.328	1783013290.660
1480	200.000	-0.035	200.001	0.888	4.927	1.328	1783013290.892
1481	200.000	0.032	200.001	1.235	0.221	1.328	1783013291.169
1482	200.000	-0.029	199.999	1.644	1.424	1.328	1783013291.414
1483	200.000	0.001	199.998	1.352	2.587	1.328	1783013291.687
1484	200.000	-0.028	200.001	0.805	3.156	1.328	1783013291.939
1485	200.000	0.033	200.000	0.572	3.961	1.328	1783013292.187
1486	200.000	0.019	200.001	0.939	5.466	1.328	1783013292.445
1487	200.000	-0.041	199.999	1.447	0.511	1.328	1783013292.671
1488	200.000	0.043	200.001	1.613	1.707	1.328	1783013292.928
1489	200.000	-0.001	200.000	1.337	2.533	1.328	1783013293.179
1490	200.000	0.053	200.005	0.934	3.307	1.328	1783013293.455
1491	200.000	0.016	200.000	0.784	4.322	1.328	1783013293.751
1492	200.000	-0.004	200.000	1.028	5.729	1.328	1783013293.996
1493	200.000	0.009	200.000	1.706	0.761	1.328	1783013294.225
1494	200.000	0.050	199.998	1.585	1.967	1.328	1783013294.500
1495	200.000	-0.036	199.995	1.220	2.784	1.328	1783013294.717
1496	200.000	-0.028	199.998	0.864	3.455	1.328	1783013295.009
1497	200.000	0.052	199.999	0.666	4.720	1.328	1783013295.240
1498	200.000	-0.024	199.998	0.994	5.999	1.328	1783013295.500
1499	200.000	-0.073	200.000	1.560	1.027	1.328	1783013295.755
1500	200.000	-0.014	199.998	1.673	2.015	1.328	1783013295.986
1501	200.000	0.023	200.003	1.301	2.969	1.328	1783013296.233
1502	200.000	0.026	200.002	0.876	3.661	1.328	1783013296.484
1503	200.000	-0.038	199.999	0.744	4.877	1.328	1783013296.764
1504	200.000	0.015	200.001	1.216	6.205	1.328	1783013296.989
1505	200.000	0.001	200.001	1.533	1.105	1.328	1783013297.259
1506	200.000	-0.073	199.999	1.485	2.315	1.328	1783013297.551
1507	200.000	-0.036	200.000	1.036	3.302	1.328	1783013297.810
1508	200.000	0.031	200.000	0.705	4.052	1.328	1783013298.047
1509	200.000	0.054	199.997	0.989	5.159	1.328	1783013298.336
1510	200.000	0.013	199.999	1.433	0.483	1.328	1783013298.625
1511	200.000	-0.040	199.998	1.730	1.675	1.328	1783013298.877
1512	200.000	0.044	199.997	1.476	2.639	1.328	1783013299.087
1513	200.000	-0.038	199.999	1.007	3.380	1.328	1783013299.371
1514	200.000	-0.025	199.996	0.738	4.372	1.328	1783013299.597
1515	200.000	0.081	199.998	0.848	5.675	1.328	1783013299.860
1516	200.000	0.068	199.994	1.516	0.600	1.328	1783013300.113
1517	200.000	-0.034	199.998	1.518	1.868	1.328	1783013300.374
1518	200.000	0.014	199.998	1.143	2.607	1.328	1783013300.605
1519	200.000	-0.008	199.999	1.018	3.456	1.328	1783013300.872
1520	200.000	-0.020	200.001	0.542	4.348	1.328	1783013301.112
1521	200.000	-0.032	199.995	0.991	5.712	1.328	1783013301.348
1522	200.000	0.032	200.002	1.470	0.697	1.328	1783013301.619
1523	200.000	-0.032	199.997	1.767	1.791	1.328	1783013301.831
1524	200.000	-0.022	199.998	1.385	2.555	1.328	1783013302.036
1525	200.000	0.025	199.999	1.092	3.282	1.328	1783013302.292
1526	200.000	0.007	200.001	0.897	4.150	1.328	1783013302.522
1527	200.000	-0.009	200.000	0.930	5.332	1.328	1783013302.778
1528	200.000	0.035	200.000	1.419	0.458	1.328	1783013303.044
1529	200.000	-0.003	200.000	1.985	1.549	1.328	1783013303.309
1530	200.000	0.000	199.998	1.329	2.572	1.328	1783013303.565
1531	200.000	0.020	200.004	0.916	3.453	1.328	1783013303.776
1532	200.000	0.010	199.996	0.768	4.139	1.328	1783013304.044
1533	200.000	-0.052	200.000	0.653	5.741	1.328	1783013304.300
1534	200.000	-0.008	199.996	1.348	0.597	1.328	1783013304.551
1535	200.000	0.050	200.001	1.629	1.721	1.328	1783013304.800
1536	200.000	0.086	199.995	1.964	2.269	1.328	1783013305.033
1537	200.000	0.036	199.997	1.090	3.460	1.328	1783013305.311
1538	200.000	0.045	199.999	0.909	4.216	1.328	1783013305.561
1539	200.000	0.017	200.002	0.862	5.516	1.328	1783013305.798
1540	200.000	0.049	200.001	1.546	0.676	1.328	1783013306.041
1541	200.000	0.019	200.001	1.583	1.686	1.328	1783013306.309
1542	200.000	-0.013	199.999	1.353	2.717	1.328	1783013306.548
1543	200.000	-0.019	199.996	1.065	3.483	1.328	1783013306.822
1544	200.000	0.003	200.003	0.837	4.513	1.328	1783013307.073
1545	200.000	-0.017	199.999	0.967	5.772	1.328	1783013307.299
1546	200.000	-0.043	200.002	1.490	0.801	1.328	1783013307.566
1547	200.000	0.007	200.000	1.535	1.837	1.328	1783013307.839
1548	200.000	-0.095	199.998	1.326	2.801	1.328	1783013308.074
1549	200.000	-0.045	200.000	1.031	3.585	1.328	1783013308.294
1550	200.000	0.016	200.003	0.825	4.643	1.328	1783013308.562
1551	200.000	-0.035	200.003	1.062	6.063	1.328	1783013308.807
1552	200.000	0.016	200.001	1.565	0.763	1.328	1783013309.077
1553	200.000	0.013	199.998	1.607	1.994	1.328	1783013309.322
1554	200.000	0.032	200.001	1.266	2.777	1.328	1783013309.572
1555	200.000	-0.041	199.996	1.220	3.652	1.328	1783013309.816
1556	200.000	0.019	200.000	0.826	4.516	1.328	1783013310.047
1557	200.000	-0.042	199.998	1.075	5.796	1.328	1783013310.314
1558	200.000	0.001	200.000	1.570	0.841	1.328	1783013310.559
1559	200.000	-0.031	200.002	1.727	2.063	1.328	1783013310.821
1560	200.000	-0.009	199.998	1.306	2.866	1.328	1783013311.072
1561	200.000	-0.041	200.002	1.001	3.740	1.328	1783013311.334
1562	200.000	0.001	200.001	0.843	4.908	1.328	1783013311.624
1563	200.000	0.018	199.999	1.236	0.047	1.328	1783013311.896
1564	200.000	0.007	200.002	1.592	1.216	1.328	1783013312.118
1565	200.000	-0.033	199.999	1.641	2.248	1.328	1783013312.365
1566	200.000	-0.038	200.002	1.272	3.069	1.328	1783013312.610
1567	200.000	-0.040	200.001	1.009	3.745	1.328	1783013312.836
1568	200.000	0.001	199.999	0.896	4.784	1.328	1783013313.142
1569	200.000	-0.007	200.001	1.404	0.291	1.328	1783013313.388
1570	200.000	-0.002	200.000	1.714	1.500	1.328	1783013313.634
1571	200.000	-0.028	200.000	1.484	2.539	1.328	1783013313.864
1572	200.000	-0.011	199.999	1.106	3.383	1.328	1783013314.115
1573	200.000	0.028	199.999	0.893	4.037	1.328	1783013314.389
1574	200.000	0.029	200.000	1.015	4.957	1.328	1783013314.638
1575	200.000	0.020	199.998	1.339	0.159	1.328	1783013314.888
1576	200.000	0.019	200.001	1.610	1.307	1.328	1783013315.111
1577	200.000	0.030	199.996	1.281	2.607	1.328	1783013315.391
1578	200.000	-0.028	200.002	1.174	3.239	1.328	1783013315.606
1579	200.000	-0.011	199.999	0.958	4.094	1.328	1783013315.874
1580	200.000	0.004	200.004	0.816	5.255	1.328	1783013316.122
1581	200.000	0.022	200.001	1.372	0.041	1.328	1783013316.381
1582	200.000	-0.003	200.000	1.538	1.289	1.328	1783013316.637
1583	200.000	0.001	200.005	1.449	2.485	1.328	1783013316.873
1584	200.000	0.011	199.999	1.117	3.407	1.328	1783013317.126
1585	200.000	-0.014	199.998	0.622	4.151	1.328	1783013317.356
1586	200.000	-0.010	200.001	0.714	5.114	1.328	1783013317.639
1587	200.000	-0.025	200.001	1.568	0.164	1.328	1783013317.865
1588	200.000	-0.003	200.001	1.639	1.276	1.328	1783013318.146
1589	200.000	-0.032	200.002	1.465	2.196	1.328	1783013318.390
1590	200.000	-0.015	199.999	1.561	2.355	1.328	1783013318.651
1591	200.000	0.012	199.999	1.290	2.948	1.328	1783013318.914
1592	200.000	-0.011	199.997	1.078	3.139	1.328	1783013319.162
1593	200.000	0.007	200.004	1.110	3.200	1.328	1783013319.416
1594	200.000	-0.013	199.998	1.279	3.225	1.328	1783013319.657
1595	200.000	0.025	199.999	1.180	3.210	1.328	1783013319.930
1596	200.000	-0.016	200.003	1.155	3.149	1.328	1783013320.162
1597	200.000	-0.013	200.000	1.214	3.196	1.328	1783013320.413
1598	200.000	0.016	200.001	1.269	3.268	1.328	1783013320.647
1599	200.000	-0.019	199.996	1.161	3.116	1.328	1783013320.948
1600	200.000	0.022	199.997	1.215	3.292	1.328	1783013321.241
1601	200.000	-0.010	200.000	1.157	3.174	1.328	1783013321.479
1602	200.000	0.013	199.999	1.179	3.154	1.328	1783013321.696
1603	200.000	-0.008	200.000	1.173	3.177	1.328	1783013321.986
1604	200.000	0.039	200.001	1.258	3.233	1.328	1783013322.221
1605	200.000	0.029	200.002	1.230	3.212	1.328	1783013322.477
1606	200.000	0.029	200.000	1.211	3.127	1.328	1783013322.724
1607	200.000	-0.039	200.001	1.198	3.192	1.328	1783013322.973
1608	200.000	-0.002	199.998	1.250	3.201	1.328	1783013323.219
1609	200.000	-0.016	200.003	1.180	3.143	1.328	1783013323.493
1610	200.000	0.039	200.002	1.164	3.162	1.328	1783013323.779
1611	200.000	0.009	200.004	1.265	3.196	1.328	1783013324.027
