Point No.	Frequency Set (GHz)	THz Photocurrent (nA)	Frequency Act (GHz)	Amplitude (via StrMod)	Phase (via StrMod)	Frequency Fit	Timestamp (s)
1	200.000	0.000	200.002	1.314	5.854	1.328	1782941362.908
2	200.000	0.001	200.001	0.975	2.857	1.328	1782941363.199
3	200.000	0.047	199.998	1.671	4.803	1.328	1782941363.513
4	200.000	-0.010	200.005	0.760	0.962	1.328	1782941363.803
5	200.000	-0.027	199.999	1.221	3.916	1.328	1782941364.077
6	200.000	0.028	200.002	1.649	5.486	1.328	1782941364.371
7	200.000	0.001	199.999	0.855	2.305	1.328	1782941364.633
8	200.000	0.042	199.999	1.301	4.193	1.328	1782941364.861
9	200.000	-0.003	200.000	1.427	5.747	1.328	1782941365.138
10	200.000	-0.037	200.001	0.933	2.759	1.328	1782941365.378
11	200.000	-0.051	200.002	1.518	4.527	1.328	1782941365.655
12	200.000	-0.015	200.001	1.314	6.221	1.328	1782941365.910
13	200.000	0.053	199.998	1.047	3.408	1.328	1782941366.227
14	200.000	0.019	200.004	1.696	4.955	1.328	1782941366.460
15	200.000	0.008	200.000	1.073	0.460	1.328	1782941366.721
16	200.000	0.003	200.000	1.057	3.603	1.328	1782941366.974
17	200.000	0.002	200.001	1.779	5.007	1.328	1782941367.229
18	200.000	-0.010	200.000	0.978	0.853	1.328	1782941367.496
19	200.000	0.015	199.997	1.195	3.962	1.328	1782941367.793
20	200.000	0.032	200.001	1.542	5.647	1.328	1782941368.131
21	200.000	0.027	200.000	0.902	2.988	1.328	1782941368.441
22	200.000	-0.041	200.000	1.596	5.104	1.328	1782941368.742
23	200.000	-0.039	200.001	0.841	1.435	1.328	1782941369.050
24	200.000	-0.038	200.003	1.460	4.424	1.328	1782941369.360
25	200.000	-0.028	200.000	1.173	0.019	1.328	1782941369.669
26	200.000	0.048	200.001	1.168	3.423	1.328	1782941369.928
27	200.000	0.039	200.004	1.814	5.041	1.328	1782941370.164
28	200.000	-0.030	199.998	0.938	0.452	1.328	1782941370.437
29	200.000	0.017	200.001	1.227	3.946	1.328	1782941370.739
30	200.000	-0.080	200.001	1.696	5.216	1.328	1782941370.979
31	200.000	-0.033	200.003	0.779	1.474	1.328	1782941371.236
32	200.000	0.007	199.998	1.471	4.037	1.328	1782941371.479
33	200.000	0.011	200.001	1.719	5.258	1.328	1782941371.714
34	200.000	-0.013	199.999	0.893	1.328	1.328	1782941371.983
35	200.000	-0.007	200.000	1.315	4.074	1.328	1782941372.208
36	200.000	0.015	200.001	1.566	5.368	1.328	1782941372.495
37	200.000	-0.056	199.998	0.775	2.239	1.328	1782941372.790
38	200.000	0.017	199.999	1.394	4.313	1.328	1782941373.044
39	200.000	0.028	199.998	1.315	6.085	1.328	1782941373.380
40	200.000	-0.020	199.999	1.188	3.398	1.328	1782941373.639
41	200.000	0.004	199.998	1.506	5.058	1.328	1782941373.946
42	200.000	-0.044	200.002	0.932	0.995	1.328	1782941374.205
43	200.000	-0.017	200.001	1.388	4.034	1.328	1782941374.470
44	200.000	0.004	200.000	1.669	5.306	1.328	1782941374.718
45	200.000	0.053	199.997	0.744	1.624	1.328	1782941374.974
46	200.000	0.004	200.003	1.523	4.025	1.328	1782941375.201
47	200.000	-0.031	200.002	1.531	5.356	1.328	1782941375.473
48	200.000	0.074	200.003	0.938	1.781	1.328	1782941375.716
49	200.000	0.011	199.999	1.260	3.999	1.328	1782941375.986
50	200.000	-0.023	200.003	1.599	5.444	1.328	1782941376.223
51	200.000	-0.018	199.997	0.834	1.735	1.328	1782941376.469
52	200.000	0.013	200.000	1.296	4.013	1.328	1782941376.714
53	200.000	0.058	200.000	1.522	5.470	1.328	1782941376.956
54	200.000	0.046	199.998	0.879	1.720	1.328	1782941377.232
55	200.000	0.026	199.999	1.406	4.114	1.328	1782941377.443
56	200.000	-0.015	200.002	1.512	5.319	1.328	1782941377.701
57	200.000	-0.015	200.002	0.825	1.637	1.328	1782941377.960
58	200.000	-0.018	200.001	1.190	4.056	1.328	1782941378.207
59	200.000	0.027	200.001	1.374	5.625	1.328	1782941378.488
60	200.000	-0.000	200.000	0.801	2.711	1.328	1782941378.777
61	200.000	0.017	200.001	1.502	4.500	1.328	1782941379.041
62	200.000	-0.044	199.996	1.025	0.271	1.328	1782941379.355
63	200.000	-0.020	199.999	1.122	3.402	1.328	1782941379.599
64	200.000	0.007	199.998	1.560	4.764	1.328	1782941379.863
65	200.000	-0.042	200.002	0.969	0.816	1.328	1782941380.168
66	200.000	-0.035	200.001	1.303	4.000	1.328	1782941380.420
67	200.000	-0.026	199.997	1.431	5.488	1.328	1782941380.727
68	200.000	-0.012	200.005	0.902	2.173	1.328	1782941380.956
69	200.000	0.002	200.001	1.259	4.271	1.328	1782941381.237
70	200.000	-0.066	200.002	1.180	6.092	1.328	1782941381.557
71	200.000	0.029	200.001	1.137	3.345	1.328	1782941381.811
72	200.000	0.031	200.004	1.507	4.886	1.328	1782941382.129
73	200.000	0.014	200.003	0.835	1.238	1.328	1782941382.428
74	200.000	-0.039	200.001	1.419	4.382	1.328	1782941382.755
75	200.000	-0.048	200.002	1.186	0.076	1.328	1782941383.052
76	200.000	-0.017	199.995	1.190	3.676	1.328	1782941383.344
77	200.000	0.025	200.000	1.503	5.004	1.328	1782941383.614
78	200.000	0.006	199.998	0.844	0.950	1.328	1782941383.879
79	200.000	0.002	200.000	1.278	4.135	1.328	1782941384.179
80	200.000	-0.014	199.997	1.373	5.741	1.328	1782941384.481
81	200.000	-0.023	200.003	0.943	2.720	1.328	1782941384.737
82	200.000	-0.043	200.004	1.482	4.669	1.328	1782941385.043
83	200.000	-0.019	200.001	0.768	0.805	1.328	1782941385.342
84	200.000	0.002	199.997	1.236	3.910	1.328	1782941385.609
85	200.000	-0.013	200.001	1.514	5.281	1.328	1782941385.840
86	200.000	0.066	200.000	0.742	1.062	1.328	1782941386.110
87	200.000	0.027	199.999	1.344	3.959	1.328	1782941386.350
88	200.000	0.044	199.997	1.496	5.247	1.328	1782941386.596
89	200.000	0.029	200.003	0.913	1.457	1.328	1782941386.848
90	200.000	0.020	200.001	1.340	3.986	1.328	1782941387.101
91	200.000	-0.017	200.000	1.408	5.293	1.328	1782941387.366
92	200.000	-0.008	200.002	0.648	2.010	1.328	1782941387.663
93	200.000	0.035	199.999	1.301	4.525	1.328	1782941387.917
94	200.000	-0.029	199.996	1.316	5.843	1.328	1782941388.169
95	200.000	-0.008	200.001	0.900	2.991	1.328	1782941388.428
96	200.000	0.024	200.002	1.349	4.712	1.328	1782941388.731
97	200.000	0.030	199.997	1.142	0.033	1.328	1782941388.971
98	200.000	0.027	200.000	1.153	3.261	1.328	1782941389.224
99	200.000	-0.009	200.001	1.412	4.873	1.328	1782941389.480
100	200.000	-0.010	200.002	0.978	0.338	1.328	1782941389.746
101	200.000	0.007	200.002	1.159	3.832	1.328	1782941390.029
102	200.000	-0.009	200.003	1.440	5.134	1.328	1782941390.296
103	200.000	-0.033	199.997	0.732	1.394	1.328	1782941390.561
104	200.000	-0.013	200.003	1.325	4.311	1.328	1782941390.868
105	200.000	-0.036	200.001	1.376	5.742	1.328	1782941391.090
106	200.000	0.011	200.001	0.657	2.317	1.328	1782941391.373
107	200.000	-0.033	199.999	1.493	4.667	1.328	1782941391.620
108	200.000	0.007	200.001	1.445	5.880	1.328	1782941391.880
109	200.000	0.007	199.995	0.851	2.661	1.328	1782941392.129
110	200.000	-0.030	199.998	1.432	4.827	1.328	1782941392.451
111	200.000	0.025	200.002	1.070	0.130	1.328	1782941392.687
112	200.000	-0.037	199.998	1.127	3.631	1.328	1782941392.973
113	200.000	-0.002	199.995	1.304	5.088	1.328	1782941393.218
114	200.000	0.059	200.000	0.951	0.481	1.328	1782941393.473
115	200.000	-0.014	200.001	1.206	3.786	1.328	1782941393.712
116	200.000	-0.033	199.999	1.498	5.061	1.328	1782941393.972
117	200.000	-0.004	199.999	0.888	0.750	1.328	1782941394.230
118	200.000	-0.047	199.998	1.317	4.383	1.328	1782941394.558
119	200.000	0.015	199.999	1.269	5.718	1.328	1782941394.860
120	200.000	0.021	199.998	0.897	3.310	1.328	1782941395.169
121	200.000	0.030	200.001	1.429	5.105	1.328	1782941395.463
122	200.000	-0.009	200.001	0.844	0.829	1.328	1782941395.729
123	200.000	-0.020	200.001	1.234	4.089	1.328	1782941395.991
124	200.000	-0.093	200.001	1.500	5.237	1.328	1782941396.247
125	200.000	0.030	199.999	0.566	1.906	1.328	1782941396.564
126	200.000	-0.013	200.002	1.406	4.551	1.328	1782941396.831
127	200.000	-0.035	199.999	1.350	5.921	1.328	1782941397.085
128	200.000	0.041	200.001	1.048	2.904	1.328	1782941397.338
129	200.000	0.077	199.998	1.469	4.723	1.328	1782941397.610
130	200.000	-0.048	199.999	1.076	0.175	1.328	1782941397.882
131	200.000	0.002	200.000	1.145	3.473	1.328	1782941398.166
132	200.000	0.005	199.997	1.464	4.949	1.328	1782941398.418
133	200.000	-0.014	200.003	0.518	0.751	1.328	1782941398.745
134	200.000	0.041	200.007	1.287	4.378	1.328	1782941399.059
135	200.000	-0.011	199.998	1.258	5.965	1.328	1782941399.363
136	200.000	0.010	199.998	1.096	3.542	1.328	1782941399.653
137	200.000	-0.024	199.998	1.227	5.030	1.328	1782941399.922
138	200.000	0.017	200.001	0.926	0.343	1.328	1782941400.144
139	200.000	0.019	199.998	1.489	3.741	1.328	1782941400.430
140	200.000	0.028	200.000	1.271	5.191	1.328	1782941400.663
141	200.000	0.050	200.002	0.755	0.545	1.328	1782941400.932
142	200.000	0.009	200.000	1.317	4.068	1.328	1782941401.172
143	200.000	-0.049	200.000	1.272	5.266	1.328	1782941401.452
144	200.000	-0.018	199.998	0.643	1.743	1.328	1782941401.743
145	200.000	0.003	199.997	1.422	4.675	1.328	1782941402.066
146	200.000	0.013	199.999	1.119	6.250	1.328	1782941402.343
147	200.000	-0.008	200.000	1.114	3.496	1.328	1782941402.651
148	200.000	-0.009	200.001	1.306	5.102	1.328	1782941402.891
149	200.000	-0.013	199.999	0.698	0.854	1.328	1782941403.200
150	200.000	-0.009	199.999	1.357	4.342	1.328	1782941403.458
151	200.000	0.019	199.999	1.318	5.478	1.328	1782941403.696
152	200.000	0.024	199.998	0.702	1.683	1.328	1782941403.966
153	200.000	0.038	199.998	1.371	4.613	1.328	1782941404.266
154	200.000	-0.025	199.997	1.191	5.705	1.328	1782941404.501
155	200.000	0.030	200.003	0.678	2.563	1.328	1782941404.793
156	200.000	-0.033	200.006	1.285	4.924	1.328	1782941405.067
157	200.000	-0.035	199.998	1.025	6.240	1.328	1782941405.343
158	200.000	-0.036	200.002	1.206	3.886	1.328	1782941405.657
159	200.000	0.029	200.000	1.132	5.372	1.328	1782941405.970
160	200.000	-0.019	199.999	0.844	2.558	1.328	1782941406.253
161	200.000	0.029	199.999	1.296	4.958	1.328	1782941406.547
162	200.000	-0.052	199.997	0.904	6.155	1.328	1782941406.795
163	200.000	0.019	200.001	1.345	3.611	1.328	1782941407.076
164	200.000	0.056	199.997	1.372	5.066	1.328	1782941407.315
165	200.000	-0.025	199.998	0.910	0.447	1.328	1782941407.586
166	200.000	-0.037	200.000	1.282	3.898	1.328	1782941407.829
167	200.000	0.050	199.999	1.199	5.250	1.328	1782941408.146
168	200.000	-0.068	200.001	0.714	2.052	1.328	1782941408.471
169	200.000	-0.005	200.001	1.510	4.818	1.328	1782941408.770
170	200.000	-0.008	199.999	0.873	6.233	1.328	1782941409.041
171	200.000	-0.003	200.000	1.337	3.593	1.328	1782941409.321
172	200.000	-0.002	199.998	1.120	5.349	1.328	1782941409.622
173	200.000	-0.028	200.004	0.579	1.628	1.328	1782941409.908
174	200.000	-0.017	200.000	1.420	4.677	1.328	1782941410.191
175	200.000	-0.044	200.001	0.920	6.023	1.328	1782941410.502
176	200.000	-0.008	199.997	1.126	3.490	1.328	1782941410.802
177	200.000	-0.047	199.998	1.209	5.312	1.328	1782941411.115
178	200.000	-0.000	200.003	0.796	1.365	1.328	1782941411.365
179	200.000	-0.015	200.001	1.433	4.489	1.328	1782941411.613
180	200.000	0.031	200.004	1.209	5.453	1.328	1782941411.840
181	200.000	0.048	200.005	0.625	1.445	1.328	1782941412.115
182	200.000	0.008	199.997	1.370	4.594	1.328	1782941412.363
183	200.000	-0.019	199.996	1.082	5.665	1.328	1782941412.680
184	200.000	0.035	200.002	1.037	2.705	1.328	1782941412.938
185	200.000	0.002	200.002	1.237	5.065	1.328	1782941413.236
186	200.000	-0.075	199.999	0.900	0.118	1.328	1782941413.516
187	200.000	0.014	199.999	1.251	4.050	1.328	1782941413.824
188	200.000	0.007	200.001	1.130	5.595	1.328	1782941414.124
189	200.000	-0.006	200.001	0.903	2.234	1.328	1782941414.387
190	200.000	-0.010	200.007	1.381	4.794	1.328	1782941414.701
191	200.000	0.050	199.999	0.820	0.167	1.328	1782941414.985
192	200.000	0.013	200.001	1.408	3.852	1.328	1782941415.257
193	200.000	0.015	199.999	1.059	5.328	1.328	1782941415.560
194	200.000	0.017	200.004	0.610	1.556	1.328	1782941415.813
195	200.000	0.042	200.000	1.430	4.352	1.328	1782941416.047
196	200.000	-0.004	199.996	1.043	5.514	1.328	1782941416.309
197	200.000	0.024	200.003	0.570	2.163	1.328	1782941416.630
198	200.000	0.011	200.004	1.362	4.719	1.328	1782941416.865
199	200.000	0.003	199.998	0.948	5.767	1.328	1782941417.131
200	200.000	-0.018	200.000	0.964	3.368	1.328	1782941417.453
201	200.000	0.031	200.002	1.179	5.203	1.328	1782941417.749
202	200.000	-0.025	200.001	0.544	1.277	1.328	1782941418.051
203	200.000	-0.011	199.999	1.566	4.480	1.328	1782941418.282
204	200.000	-0.007	199.996	1.150	5.521	1.328	1782941418.564
205	200.000	-0.023	200.002	0.711	2.223	1.328	1782941418.814
206	200.000	0.072	199.999	1.403	4.836	1.328	1782941419.114
207	200.000	0.038	200.000	1.038	5.787	1.328	1782941419.364
208	200.000	-0.070	199.997	1.102	3.573	1.328	1782941419.690
209	200.000	-0.034	200.001	1.061	5.334	1.328	1782941420.007
210	200.000	-0.018	200.000	0.470	1.855	1.328	1782941420.300
211	200.000	-0.055	200.003	1.480	4.666	1.328	1782941420.565
212	200.000	-0.044	199.998	0.842	6.054	1.328	1782941420.884
213	200.000	0.031	200.000	1.080	3.595	1.328	1782941421.198
214	200.000	0.014	199.996	1.209	5.309	1.328	1782941421.475
215	200.000	-0.074	200.001	0.433	1.810	1.328	1782941421.767
216	200.000	-0.000	199.998	1.405	4.709	1.328	1782941422.086
217	200.000	0.024	200.000	0.882	5.948	1.328	1782941422.343
218	200.000	0.008	199.999	0.972	2.830	1.328	1782941422.614
219	200.000	0.016	200.005	1.370	5.091	1.328	1782941422.915
220	200.000	0.000	199.997	0.471	0.897	1.328	1782941423.240
221	200.000	-0.044	200.001	1.436	4.377	1.328	1782941423.538
222	200.000	0.019	199.999	0.921	5.813	1.328	1782941423.853
223	200.000	0.008	200.003	1.116	3.491	1.328	1782941424.147
224	200.000	0.023	200.000	1.206	5.269	1.328	1782941424.400
225	200.000	-0.028	199.999	0.734	0.140	1.328	1782941424.639
226	200.000	0.024	199.998	1.426	3.634	1.328	1782941424.906
227	200.000	-0.063	200.000	1.135	5.328	1.328	1782941425.140
228	200.000	0.037	199.999	0.738	0.143	1.328	1782941425.412
229	200.000	0.006	199.997	1.470	3.893	1.328	1782941425.668
230	200.000	-0.046	199.999	0.976	5.319	1.328	1782941425.976
231	200.000	-0.050	200.001	0.550	2.129	1.328	1782941426.279
232	200.000	-0.037	200.001	1.583	4.861	1.328	1782941426.554
233	200.000	0.027	199.996	0.870	6.023	1.328	1782941426.840
234	200.000	-0.004	200.002	1.171	3.538	1.328	1782941427.139
235	200.000	-0.030	200.003	1.187	5.341	1.328	1782941427.400
236	200.000	-0.029	200.001	0.646	0.487	1.328	1782941427.626
237	200.000	0.001	199.997	1.381	3.988	1.328	1782941427.903
238	200.000	-0.032	199.999	1.110	5.451	1.328	1782941428.148
239	200.000	-0.081	199.999	0.411	1.338	1.328	1782941428.472
240	200.000	0.009	200.000	1.343	4.688	1.328	1782941428.790
241	200.000	-0.014	199.997	0.778	6.019	1.328	1782941429.097
242	200.000	-0.023	200.000	1.087	3.867	1.328	1782941429.395
243	200.000	0.010	200.001	1.012	5.496	1.328	1782941429.651
244	200.000	-0.011	199.999	0.657	0.408	1.328	1782941429.883
245	200.000	-0.002	199.997	1.610	4.081	1.328	1782941430.156
246	200.000	-0.022	200.004	0.938	5.376	1.328	1782941430.466
247	200.000	-0.001	199.999	0.621	2.555	1.328	1782941430.771
248	200.000	-0.056	199.996	1.463	5.110	1.328	1782941431.036
249	200.000	0.013	199.999	0.738	6.237	1.328	1782941431.335
250	200.000	0.036	200.002	1.201	3.739	1.328	1782941431.568
251	200.000	-0.013	200.004	1.296	5.358	1.328	1782941431.848
252	200.000	-0.010	200.000	0.547	0.632	1.328	1782941432.125
253	200.000	-0.042	199.998	1.399	4.237	1.328	1782941432.426
254	200.000	-0.004	199.999	0.809	5.554	1.328	1782941432.674
255	200.000	-0.027	199.997	0.660	2.208	1.328	1782941432.982
256	200.000	-0.005	199.997	1.427	4.928	1.328	1782941433.241
257	200.000	0.010	200.001	0.734	5.963	1.328	1782941433.485
258	200.000	0.024	199.998	0.974	3.126	1.328	1782941433.786
259	200.000	0.012	199.997	1.274	5.222	1.328	1782941434.051
260	200.000	0.002	199.998	0.728	6.123	1.328	1782941434.298
261	200.000	0.009	200.001	1.406	3.782	1.328	1782941434.553
262	200.000	-0.018	200.001	1.110	5.351	1.328	1782941434.857
263	200.000	0.022	200.003	0.502	1.048	1.328	1782941435.099
264	200.000	-0.048	199.998	1.662	4.179	1.328	1782941435.370
265	200.000	0.019	199.999	0.947	5.629	1.328	1782941435.692
266	200.000	0.021	200.001	0.770	2.876	1.328	1782941435.985
267	200.000	-0.014	200.002	1.385	5.179	1.328	1782941436.324
268	200.000	0.025	199.999	0.509	0.612	1.328	1782941436.608
269	200.000	-0.019	200.003	1.800	4.248	1.328	1782941436.837
270	200.000	-0.008	200.001	1.062	5.594	1.328	1782941437.107
271	200.000	0.026	199.997	0.647	1.349	1.328	1782941437.351
272	200.000	-0.019	199.998	1.686	4.332	1.328	1782941437.578
273	200.000	-0.003	199.999	0.978	5.634	1.328	1782941437.861
274	200.000	0.014	200.001	0.519	1.988	1.328	1782941438.165
275	200.000	0.001	200.001	1.452	4.917	1.328	1782941438.429
276	200.000	-0.005	200.001	0.785	6.112	1.328	1782941438.720
277	200.000	0.027	200.001	1.020	3.296	1.328	1782941438.981
278	200.000	-0.044	200.002	1.203	5.400	1.328	1782941439.298
279	200.000	-0.026	199.997	0.439	1.497	1.328	1782941439.609
280	200.000	0.025	199.998	1.670	4.571	1.328	1782941439.841
281	200.000	-0.013	200.001	0.799	5.854	1.328	1782941440.108
282	200.000	0.005	200.001	0.650	2.091	1.328	1782941440.352
283	200.000	0.014	199.999	1.403	4.848	1.328	1782941440.684
284	200.000	-0.052	200.001	0.651	6.106	1.328	1782941440.983
285	200.000	0.029	199.995	1.278	3.448	1.328	1782941441.240
286	200.000	-0.032	199.998	1.042	5.614	1.328	1782941441.556
287	200.000	-0.070	200.003	0.390	1.992	1.328	1782941441.864
288	200.000	0.022	199.996	1.434	5.005	1.328	1782941442.193
289	200.000	0.009	200.000	0.614	0.272	1.328	1782941442.487
290	200.000	0.009	199.998	1.182	3.682	1.328	1782941442.736
291	200.000	0.023	199.998	1.183	5.530	1.328	1782941442.977
292	200.000	-0.015	199.998	0.527	0.129	1.328	1782941443.251
293	200.000	-0.025	199.999	1.432	3.998	1.328	1782941443.539
294	200.000	0.017	200.001	0.978	5.651	1.328	1782941443.796
295	200.000	-0.050	200.002	0.433	1.223	1.328	1782941444.023
296	200.000	-0.020	199.999	1.570	4.435	1.328	1782941444.292
297	200.000	0.015	200.001	0.971	5.787	1.328	1782941444.533
298	200.000	0.005	200.002	0.569	1.309	1.328	1782941444.800
299	200.000	-0.007	199.998	1.561	4.656	1.328	1782941445.111
300	200.000	0.037	200.000	0.866	5.967	1.328	1782941445.348
301	200.000	0.046	200.001	0.714	2.316	1.328	1782941445.576
302	200.000	-0.041	200.000	1.625	4.893	1.328	1782941445.863
303	200.000	-0.015	200.000	0.703	5.959	1.328	1782941446.088
304	200.000	0.039	200.000	0.717	2.640	1.328	1782941446.378
305	200.000	-0.016	199.998	1.435	5.204	1.328	1782941446.691
306	200.000	0.004	199.995	0.487	0.015	1.328	1782941446.975
307	200.000	-0.022	200.006	1.357	4.098	1.328	1782941447.255
308	200.000	-0.023	200.000	0.947	5.728	1.328	1782941447.529
309	200.000	-0.018	199.997	0.508	2.230	1.328	1782941447.821
310	200.000	-0.033	199.999	1.604	4.836	1.328	1782941448.091
311	200.000	-0.003	200.002	0.677	6.116	1.328	1782941448.395
312	200.000	-0.030	200.002	1.162	3.760	1.328	1782941448.727
313	200.000	0.081	199.999	0.888	5.686	1.328	1782941449.019
314	200.000	-0.035	200.000	0.347	2.501	1.328	1782941449.342
315	200.000	0.019	200.003	1.488	5.279	1.328	1782941449.649
316	200.000	-0.019	199.997	0.580	6.083	1.328	1782941449.885
317	200.000	0.023	200.000	1.167	3.423	1.328	1782941450.168
318	200.000	0.017	200.003	1.202	5.471	1.328	1782941450.441
319	200.000	-0.023	200.000	0.547	0.751	1.328	1782941450.728
320	200.000	-0.015	200.001	1.562	4.432	1.328	1782941451.040
321	200.000	-0.022	200.000	0.762	6.029	1.328	1782941451.324
322	200.000	0.004	199.999	0.774	2.687	1.328	1782941451.573
323	200.000	0.014	199.999	1.608	5.055	1.328	1782941451.813
324	200.000	-0.022	200.000	0.708	6.120	1.328	1782941452.087
325	200.000	0.022	200.003	1.043	3.252	1.328	1782941452.348
326	200.000	-0.026	199.999	1.393	5.310	1.328	1782941452.662
327	200.000	0.014	200.000	0.433	0.854	1.328	1782941452.973
328	200.000	0.025	200.001	1.589	4.572	1.328	1782941453.280
329	200.000	0.002	200.003	0.781	5.772	1.328	1782941453.532
330	200.000	0.047	200.001	0.791	2.946	1.328	1782941453.833
331	200.000	-0.004	199.998	1.567	5.199	1.328	1782941454.103
332	200.000	-0.024	200.003	0.600	0.001	1.328	1782941454.395
333	200.000	-0.036	200.000	1.372	3.775	1.328	1782941454.645
334	200.000	-0.004	199.998	1.175	5.473	1.328	1782941454.909
335	200.000	-0.032	200.001	0.373	0.894	1.328	1782941455.216
336	200.000	-0.040	200.003	1.535	4.587	1.328	1782941455.499
337	200.000	0.021	200.000	0.730	6.035	1.328	1782941455.800
338	200.000	0.006	199.994	1.003	3.278	1.328	1782941456.099
339	200.000	-0.008	199.997	1.377	5.402	1.328	1782941456.350
340	200.000	0.008	200.003	0.368	0.156	1.328	1782941456.658
341	200.000	-0.035	200.000	1.519	4.397	1.328	1782941456.984
342	200.000	-0.020	199.999	0.688	6.068	1.328	1782941457.279
343	200.000	-0.015	200.003	0.760	2.784	1.328	1782941457.544
344	200.000	-0.022	199.998	1.422	5.288	1.328	1782941457.847
345	200.000	-0.040	200.002	0.322	0.329	1.328	1782941458.091
346	200.000	0.038	199.997	1.264	3.464	1.328	1782941458.340
347	200.000	0.009	200.003	1.384	5.487	1.328	1782941458.606
348	200.000	-0.003	200.004	0.506	0.595	1.328	1782941458.914
349	200.000	-0.020	199.999	1.492	4.241	1.328	1782941459.143
350	200.000	-0.017	199.999	1.214	5.876	1.328	1782941459.420
351	200.000	0.029	200.002	0.469	1.893	1.328	1782941459.724
352	200.000	-0.014	200.006	1.606	4.694	1.328	1782941459.975
353	200.000	0.012	199.998	0.603	6.273	1.328	1782941460.267
354	200.000	0.009	199.995	0.813	2.924	1.328	1782941460.527
355	200.000	-0.011	200.002	1.606	5.142	1.328	1782941460.790
356	200.000	-0.040	200.000	0.480	0.092	1.328	1782941461.077
357	200.000	0.024	200.006	1.559	3.768	1.328	1782941461.360
358	200.000	0.005	199.999	1.135	5.700	1.328	1782941461.656
359	200.000	-0.044	199.998	0.392	1.643	1.328	1782941461.908
360	200.000	0.025	200.000	1.804	4.374	1.328	1782941462.148
361	200.000	0.008	199.996	0.851	5.946	1.328	1782941462.410
362	200.000	-0.001	200.000	0.593	2.674	1.328	1782941462.745
363	200.000	-0.004	200.002	1.550	5.190	1.328	1782941463.046
364	200.000	-0.036	200.002	0.332	0.714	1.328	1782941463.322
365	200.000	-0.068	199.999	1.389	3.838	1.328	1782941463.593
366	200.000	0.019	199.999	1.238	5.580	1.328	1782941463.845
367	200.000	0.004	199.998	0.457	0.669	1.328	1782941464.114
368	200.000	0.004	200.000	1.576	4.300	1.328	1782941464.386
369	200.000	0.031	200.001	0.882	6.004	1.328	1782941464.670
370	200.000	-0.050	200.000	0.607	2.742	1.328	1782941464.973
371	200.000	0.006	199.998	1.450	5.126	1.328	1782941465.268
372	200.000	0.018	200.003	0.540	0.088	1.328	1782941465.515
373	200.000	-0.016	199.999	1.102	3.512	1.328	1782941465.770
374	200.000	0.017	199.998	1.405	5.490	1.328	1782941466.047
375	200.000	0.004	199.998	0.251	0.793	1.328	1782941466.344
376	200.000	0.001	199.999	1.391	4.551	1.328	1782941466.666
377	200.000	-0.007	200.001	0.597	6.014	1.328	1782941466.967
378	200.000	-0.028	200.004	0.927	3.044	1.328	1782941467.221
379	200.000	0.001	199.999	1.575	5.208	1.328	1782941467.489
380	200.000	0.022	200.000	0.390	6.249	1.328	1782941467.786
381	200.000	0.025	199.999	1.295	3.874	1.328	1782941468.041
382	200.000	0.015	199.999	1.070	5.829	1.328	1782941468.340
383	200.000	-0.042	200.001	0.213	1.711	1.328	1782941468.652
384	200.000	-0.000	200.001	1.523	4.862	1.328	1782941468.923
385	200.000	0.010	200.000	0.596	6.157	1.328	1782941469.205
386	200.000	-0.008	200.000	0.752	3.213	1.328	1782941469.439
387	200.000	-0.013	199.996	1.486	5.134	1.328	1782941469.710
388	200.000	0.026	200.001	0.494	0.098	1.328	1782941469.964
389	200.000	-0.021	200.001	1.126	3.603	1.328	1782941470.281
390	200.000	-0.026	199.998	1.277	5.699	1.328	1782941470.537
391	200.000	-0.003	200.003	0.472	0.427	1.328	1782941470.798
392	200.000	0.011	200.005	1.241	3.861	1.328	1782941471.025
393	200.000	-0.019	199.999	1.258	5.646	1.328	1782941471.310
394	200.000	-0.001	199.996	0.233	0.918	1.328	1782941471.545
395	200.000	-0.009	200.000	1.393	4.000	1.328	1782941471.847
396	200.000	-0.027	199.999	0.835	6.206	1.328	1782941472.118
397	200.000	0.041	200.000	0.508	2.522	1.328	1782941472.404
398	200.000	-0.021	199.999	1.539	4.877	1.328	1782941472.656
399	200.000	0.016	200.003	0.613	6.225	1.328	1782941472.949
400	200.000	-0.020	199.999	1.028	3.360	1.328	1782941473.244
401	200.000	-0.009	200.001	1.173	5.575	1.328	1782941473.551
402	200.000	0.013	200.002	0.324	1.084	1.328	1782941473.820
403	200.000	0.027	200.003	1.466	4.565	1.328	1782941474.107
404	200.000	-0.002	200.000	0.750	5.983	1.328	1782941474.338
405	200.000	-0.018	200.001	0.408	1.693	1.328	1782941474.614
406	200.000	-0.047	199.998	1.597	4.643	1.328	1782941474.853
407	200.000	-0.002	199.999	0.646	6.197	1.328	1782941475.121
408	200.000	0.011	199.997	0.688	2.925	1.328	1782941475.402
409	200.000	0.008	200.005	1.698	4.929	1.328	1782941475.668
410	200.000	-0.005	199.997	0.582	6.248	1.328	1782941475.906
411	200.000	0.038	199.997	0.923	2.838	1.328	1782941476.172
412	200.000	-0.032	200.003	1.488	5.383	1.328	1782941476.466
413	200.000	-0.008	199.997	0.382	0.432	1.328	1782941476.720
414	200.000	0.026	200.000	1.224	3.772	1.328	1782941476.952
415	200.000	-0.043	199.997	1.442	5.595	1.328	1782941477.249
416	200.000	0.057	200.002	0.370	0.776	1.328	1782941477.546
417	200.000	0.016	200.000	1.491	4.478	1.328	1782941477.801
418	200.000	0.026	200.002	0.846	6.199	1.328	1782941478.089
419	200.000	0.045	199.999	0.630	2.754	1.328	1782941478.382
420	200.000	-0.008	199.999	1.599	5.372	1.328	1782941478.672
421	200.000	0.047	200.001	0.477	0.520	1.328	1782941478.917
422	200.000	-0.023	200.001	1.139	3.580	1.328	1782941479.176
423	200.000	0.030	200.002	1.439	5.577	1.328	1782941479.457
424	200.000	-0.047	199.997	0.368	0.897	1.328	1782941479.722
425	200.000	0.005	199.999	1.418	4.146	1.328	1782941480.019
426	200.000	0.029	199.999	1.046	6.111	1.328	1782941480.275
427	200.000	-0.034	200.000	0.400	2.786	1.328	1782941480.587
428	200.000	-0.013	200.002	1.725	5.007	1.328	1782941480.874
429	200.000	0.023	200.000	0.370	0.199	1.328	1782941481.150
430	200.000	0.021	200.002	1.256	3.742	1.328	1782941481.445
431	200.000	0.008	199.999	1.401	5.703	1.328	1782941481.685
432	200.000	0.033	200.000	0.201	0.268	1.328	1782941481.968
433	200.000	0.009	200.002	1.541	4.119	1.328	1782941482.272
434	200.000	-0.003	200.001	0.779	6.204	1.328	1782941482.573
435	200.000	-0.001	200.000	0.736	2.698	1.328	1782941482.822
436	200.000	-0.037	199.999	1.589	5.055	1.328	1782941483.057
437	200.000	0.008	200.000	0.744	0.173	1.328	1782941483.329
438	200.000	0.026	199.999	0.801	3.059	1.328	1782941483.582
439	200.000	-0.017	199.994	1.656	5.113	1.328	1782941483.838
440	200.000	0.006	199.996	0.514	0.258	1.328	1782941484.127
441	200.000	-0.018	199.996	1.152	3.503	1.328	1782941484.406
442	200.000	-0.023	199.997	1.377	5.766	1.328	1782941484.715
443	200.000	-0.011	200.004	0.276	1.182	1.328	1782941484.956
444	200.000	0.002	199.997	1.535	4.441	1.328	1782941485.278
445	200.000	-0.022	199.996	0.735	6.224	1.328	1782941485.588
446	200.000	-0.040	200.001	0.958	3.477	1.328	1782941485.854
447	200.000	-0.031	199.998	1.531	5.318	1.328	1782941486.133
448	200.000	-0.028	199.996	0.317	0.668	1.328	1782941486.383
449	200.000	-0.040	200.001	1.307	3.539	1.328	1782941486.636
450	200.000	-0.040	200.001	1.460	5.531	1.328	1782941486.904
451	200.000	-0.053	199.995	0.196	0.475	1.328	1782941487.210
452	200.000	-0.023	200.000	1.680	4.423	1.328	1782941487.517
453	200.000	0.029	200.004	0.649	6.158	1.328	1782941487.793
454	200.000	-0.013	200.000	0.739	2.974	1.328	1782941488.074
455	200.000	0.032	200.000	1.793	5.035	1.328	1782941488.315
456	200.000	0.041	200.001	0.584	0.319	1.328	1782941488.596
457	200.000	-0.043	199.997	1.027	3.472	1.328	1782941488.867
458	200.000	-0.049	199.999	1.566	5.467	1.328	1782941489.138
459	200.000	-0.037	199.997	0.363	0.358	1.328	1782941489.368
460	200.000	-0.007	200.004	1.114	3.499	1.328	1782941489.619
461	200.000	-0.035	200.003	1.447	5.605	1.328	1782941489.882
462	200.000	-0.024	199.994	0.144	2.069	1.328	1782941490.198
463	200.000	-0.044	199.995	1.683	4.298	1.328	1782941490.443
464	200.000	-0.027	199.996	1.330	5.932	1.328	1782941490.688
465	200.000	0.051	200.001	0.140	1.153	1.328	1782941490.922
466	200.000	-0.009	199.999	1.460	4.138	1.328	1782941491.199
467	200.000	-0.000	199.997	1.153	5.884	1.328	1782941491.457
468	200.000	-0.052	199.999	0.265	3.153	1.328	1782941491.761
469	200.000	-0.005	200.003	1.941	4.714	1.328	1782941492.009
470	200.000	0.012	199.998	0.692	0.086	1.328	1782941492.264
471	200.000	0.028	199.999	0.373	2.797	1.328	1782941492.483
472	200.000	-0.008	200.001	1.745	4.513	1.328	1782941492.757
473	200.000	-0.057	200.006	0.805	0.026	1.328	1782941492.988
474	200.000	-0.052	200.001	0.379	2.665	1.328	1782941493.284
475	200.000	0.006	199.998	1.686	5.163	1.328	1782941493.565
476	200.000	-0.025	200.000	0.500	0.383	1.328	1782941493.829
477	200.000	-0.004	199.996	1.016	3.456	1.328	1782941494.098
478	200.000	0.044	199.999	1.407	5.633	1.328	1782941494.409
479	200.000	-0.026	200.001	0.157	2.008	1.328	1782941494.714
480	200.000	0.029	200.002	1.716	4.848	1.328	1782941495.021
481	200.000	-0.058	199.998	0.470	0.585	1.328	1782941495.327
482	200.000	-0.010	199.999	1.081	3.405	1.328	1782941495.594
483	200.000	-0.021	199.998	1.426	5.750	1.328	1782941495.896
484	200.000	0.053	199.995	0.349	1.875	1.328	1782941496.176
485	200.000	0.021	200.003	1.788	4.508	1.328	1782941496.459
486	200.000	0.003	199.998	0.645	0.017	1.328	1782941496.779
487	200.000	0.007	200.001	0.928	3.238	1.328	1782941497.071
488	200.000	-0.007	200.002	1.549	5.652	1.328	1782941497.338
489	200.000	-0.041	199.996	0.368	0.950	1.328	1782941497.615
490	200.000	-0.014	200.003	1.332	4.118	1.328	1782941497.870
491	200.000	-0.017	200.001	1.130	6.027	1.328	1782941498.146
492	200.000	-0.003	199.996	0.455	2.159	1.328	1782941498.424
493	200.000	0.035	199.999	1.772	4.701	1.328	1782941498.715
494	200.000	0.047	200.000	0.726	0.263	1.328	1782941498.956
495	200.000	0.018	199.998	0.729	2.636	1.328	1782941499.222
496	200.000	0.040	200.001	1.769	4.923	1.328	1782941499.464
497	200.000	0.011	199.997	0.451	0.108	1.328	1782941499.742
498	200.000	-0.006	199.998	1.083	3.412	1.328	1782941500.024
499	200.000	-0.019	199.999	1.797	5.557	1.328	1782941500.285
500	200.000	0.037	200.001	0.413	0.537	1.328	1782941500.520
501	200.000	0.017	199.999	1.320	3.575	1.328	1782941500.798
502	200.000	-0.030	199.999	1.609	5.652	1.328	1782941501.061
503	200.000	-0.013	199.999	0.365	1.202	1.328	1782941501.367
504	200.000	-0.019	199.998	1.860	4.626	1.328	1782941501.670
505	200.000	-0.042	199.999	0.783	0.392	1.328	1782941501.979
506	200.000	0.036	200.000	1.075	3.175	1.328	1782941502.241
507	200.000	0.055	199.998	1.707	5.484	1.328	1782941502.567
508	200.000	0.047	200.001	0.310	1.579	1.328	1782941502.850
509	200.000	0.004	200.002	1.880	4.363	1.328	1782941503.098
510	200.000	0.023	200.000	1.227	0.098	1.328	1782941503.344
511	200.000	-0.018	200.003	0.498	2.544	1.328	1782941503.638
512	200.000	-0.034	199.999	1.695	4.984	1.328	1782941503.938
513	200.000	-0.053	200.002	0.581	0.617	1.328	1782941504.192
514	200.000	-0.007	199.999	0.872	3.226	1.328	1782941504.447
515	200.000	0.037	199.994	1.638	5.402	1.328	1782941504.759
516	200.000	0.009	200.000	0.210	1.404	1.328	1782941505.061
517	200.000	0.053	200.000	1.865	4.120	1.328	1782941505.314
518	200.000	-0.034	199.999	1.320	6.212	1.328	1782941505.563
519	200.000	0.028	200.001	0.369	1.868	1.328	1782941505.781
520	200.000	-0.044	200.001	1.692	4.154	1.328	1782941506.058
521	200.000	-0.013	199.995	1.278	6.167	1.328	1782941506.297
522	200.000	-0.005	199.993	0.343	2.197	1.328	1782941506.582
523	200.000	-0.010	199.993	1.794	4.582	1.328	1782941506.848
524	200.000	-0.026	199.999	0.717	0.325	1.328	1782941507.158
525	200.000	-0.014	199.998	0.989	3.573	1.328	1782941507.466
526	200.000	-0.022	200.003	1.707	5.583	1.328	1782941507.773
527	200.000	-0.010	199.997	0.237	1.877	1.328	1782941508.019
528	200.000	0.012	200.000	1.498	3.907	1.328	1782941508.264
529	200.000	0.061	200.002	1.217	5.998	1.328	1782941508.583
530	200.000	0.008	200.003	0.390	2.465	1.328	1782941508.828
531	200.000	-0.007	199.998	1.747	4.490	1.328	1782941509.098
532	200.000	0.049	200.003	0.895	0.251	1.328	1782941509.408
533	200.000	-0.036	199.999	0.975	3.457	1.328	1782941509.704
534	200.000	0.014	200.000	1.687	5.518	1.328	1782941509.968
535	200.000	-0.009	199.997	0.257	1.191	1.328	1782941510.269
536	200.000	0.005	199.997	1.439	4.170	1.328	1782941510.500
537	200.000	-0.037	199.998	1.542	5.821	1.328	1782941510.772
538	200.000	0.011	200.001	0.398	2.585	1.328	1782941511.104
539	200.000	0.021	199.998	1.919	5.118	1.328	1782941511.389
540	200.000	-0.018	199.999	0.745	0.526	1.328	1782941511.641
541	200.000	-0.027	200.000	1.011	3.416	1.328	1782941511.906
542	200.000	0.029	199.998	1.681	5.464	1.328	1782941512.196
543	200.000	-0.014	199.997	0.392	0.973	1.328	1782941512.435
544	200.000	-0.071	200.000	1.368	3.669	1.328	1782941512.708
545	200.000	0.008	199.997	1.598	5.703	1.328	1782941512.942
546	200.000	0.014	200.002	0.262	1.193	1.328	1782941513.251
547	200.000	0.056	199.998	1.770	4.133	1.328	1782941513.514
548	200.000	0.009	200.000	1.475	6.019	1.328	1782941513.761
549	200.000	0.006	200.000	0.155	2.617	1.328	1782941514.015
550	200.000	0.004	200.001	1.781	4.536	1.328	1782941514.325
551	200.000	-0.030	200.000	0.891	0.214	1.328	1782941514.575
552	200.000	-0.016	200.001	0.549	2.954	1.328	1782941514.836
553	200.000	-0.001	199.999	2.017	4.962	1.328	1782941515.063
554	200.000	0.003	199.996	0.581	0.404	1.328	1782941515.379
555	200.000	-0.030	200.003	0.930	3.161	1.328	1782941515.623
556	200.000	0.009	200.004	1.886	5.389	1.328	1782941515.938
557	200.000	0.010	200.001	0.305	1.429	1.328	1782941516.189
558	200.000	0.003	200.002	1.642	3.842	1.328	1782941516.433
559	200.000	0.042	200.000	1.840	5.626	1.328	1782941516.685
560	200.000	0.002	200.003	0.249	1.176	1.328	1782941516.985
561	200.000	-0.058	199.999	1.743	4.649	1.328	1782941517.296
562	200.000	-0.006	200.001	0.764	0.024	1.328	1782941517.576
563	200.000	-0.006	199.999	0.673	3.177	1.328	1782941517.837
564	200.000	-0.002	200.000	1.831	5.144	1.328	1782941518.135
565	200.000	0.016	199.996	0.377	0.201	1.328	1782941518.381
566	200.000	-0.021	199.997	1.080	3.499	1.328	1782941518.646
567	200.000	-0.059	199.999	1.933	5.460	1.328	1782941518.893
568	200.000	-0.011	200.001	0.297	1.188	1.328	1782941519.212
569	200.000	0.026	200.001	1.821	4.354	1.328	1782941519.506
570	200.000	-0.011	200.002	0.933	0.046	1.328	1782941519.772
571	200.000	-0.009	199.998	0.659	3.094	1.328	1782941520.070
572	200.000	0.024	200.000	1.974	5.179	1.328	1782941520.312
573	200.000	0.016	200.003	0.766	0.513	1.328	1782941520.586
574	200.000	-0.041	199.998	1.148	3.413	1.328	1782941520.885
575	200.000	0.003	199.995	2.061	5.579	1.328	1782941521.139
576	200.000	-0.004	200.002	0.484	1.231	1.328	1782941521.376
577	200.000	-0.056	200.000	1.372	3.653	1.328	1782941521.640
578	200.000	-0.029	200.000	1.856	5.740	1.328	1782941521.887
579	200.000	0.000	200.003	0.238	1.616	1.328	1782941522.202
580	200.000	-0.016	200.001	1.976	4.344	1.328	1782941522.431
581	200.000	0.005	199.999	1.381	6.183	1.328	1782941522.698
582	200.000	0.011	199.999	0.345	1.743	1.328	1782941522.926
583	200.000	-0.019	199.998	1.818	4.301	1.328	1782941523.211
584	200.000	0.038	199.995	1.104	0.054	1.328	1782941523.529
585	200.000	0.036	199.999	0.960	3.386	1.328	1782941523.814
586	200.000	0.011	199.998	2.029	5.366	1.328	1782941524.077
587	200.000	0.033	199.999	0.362	0.892	1.328	1782941524.316
588	200.000	0.032	200.004	1.105	3.445	1.328	1782941524.590
589	200.000	-0.058	200.001	1.741	5.677	1.328	1782941524.893
590	200.000	-0.003	199.996	0.419	1.997	1.328	1782941525.189
591	200.000	0.028	200.003	2.029	4.377	1.328	1782941525.433
592	200.000	0.061	200.001	1.288	0.002	1.328	1782941525.685
593	200.000	-0.065	200.000	0.410	1.981	1.328	1782941525.932
594	200.000	0.003	200.000	1.941	4.551	1.328	1782941526.204
595	200.000	-0.041	200.004	0.947	0.390	1.328	1782941526.516
596	200.000	-0.010	200.001	1.025	3.526	1.328	1782941526.833
597	200.000	-0.035	199.997	1.685	5.787	1.328	1782941527.114
598	200.000	-0.022	200.001	0.355	1.773	1.328	1782941527.402
599	200.000	-0.002	199.999	1.814	4.514	1.328	1782941527.716
600	200.000	-0.052	200.000	0.739	0.484	1.328	1782941528.006
601	200.000	-0.067	200.002	1.078	3.376	1.328	1782941528.276
602	200.000	0.046	199.999	1.961	5.511	1.328	1782941528.580
603	200.000	0.025	200.001	0.508	1.526	1.328	1782941528.843
604	200.000	-0.017	200.002	1.518	4.089	1.328	1782941529.150
605	200.000	-0.015	200.003	1.550	6.203	1.328	1782941529.383
606	200.000	0.003	200.000	0.562	2.781	1.328	1782941529.688
607	200.000	0.009	200.001	2.014	4.819	1.328	1782941529.960
608	200.000	0.022	199.999	0.994	0.356	1.328	1782941530.194
609	200.000	-0.016	199.999	0.549	2.716	1.328	1782941530.448
610	200.000	-0.008	199.999	1.913	4.873	1.328	1782941530.768
611	200.000	0.035	200.002	0.667	0.664	1.328	1782941531.019
612	200.000	-0.017	199.998	1.064	3.383	1.328	1782941531.269
613	200.000	-0.028	199.998	1.896	5.399	1.328	1782941531.576
614	200.000	-0.001	199.998	0.353	1.304	1.328	1782941531.808
615	200.000	-0.005	200.001	1.420	3.758	1.328	1782941532.077
616	200.000	0.021	200.001	1.784	5.657	1.328	1782941532.329
617	200.000	-0.048	199.998	0.335	1.960	1.328	1782941532.626
618	200.000	-0.037	200.001	2.039	4.744	1.328	1782941532.870
619	200.000	-0.008	200.001	1.177	0.155	1.328	1782941533.139
620	200.000	0.026	200.000	0.723	2.843	1.328	1782941533.413
621	200.000	0.038	199.997	2.076	4.903	1.328	1782941533.700
622	200.000	-0.014	199.998	0.809	0.419	1.328	1782941533.937
623	200.000	0.011	200.002	1.173	3.666	1.328	1782941534.275
624	200.000	0.014	200.000	1.637	5.827	1.328	1782941534.574
625	200.000	-0.021	199.998	0.468	2.068	1.328	1782941534.812
626	200.000	0.007	200.000	1.936	4.012	1.328	1782941535.061
627	200.000	-0.039	200.002	1.582	5.918	1.328	1782941535.308
628	200.000	-0.061	199.997	0.540	1.953	1.328	1782941535.589
629	200.000	-0.008	200.000	1.688	4.614	1.328	1782941535.916
630	200.000	-0.055	199.999	0.954	0.519	1.328	1782941536.201
631	200.000	0.037	200.001	1.077	3.156	1.328	1782941536.452
632	200.000	-0.019	200.001	1.914	5.286	1.328	1782941536.744
633	200.000	-0.003	200.002	0.522	1.251	1.328	1782941537.025
634	200.000	0.010	199.997	1.791	3.840	1.328	1782941537.256
635	200.000	-0.022	199.998	1.707	5.779	1.328	1782941537.532
636	200.000	0.046	199.997	0.511	2.164	1.328	1782941537.830
637	200.000	-0.030	200.000	2.015	4.312	1.328	1782941538.069
638	200.000	0.028	199.999	1.464	6.115	1.328	1782941538.316
639	200.000	0.031	199.997	0.635	2.632	1.328	1782941538.586
640	200.000	0.048	200.002	1.929	4.415	1.328	1782941538.857
641	200.000	-0.003	200.000	0.936	0.312	1.328	1782941539.177
642	200.000	0.050	200.002	1.442	3.460	1.328	1782941539.492
643	200.000	-0.015	200.001	1.794	5.637	1.328	1782941539.790
644	200.000	0.001	199.996	0.517	2.129	1.328	1782941540.041
645	200.000	-0.038	200.000	2.052	4.477	1.328	1782941540.359
646	200.000	0.027	199.999	0.961	0.524	1.328	1782941540.662
647	200.000	0.023	199.998	1.402	3.550	1.328	1782941541.003
648	200.000	0.005	199.999	1.633	6.031	1.328	1782941541.274
649	200.000	0.062	200.000	0.690	1.959	1.328	1782941541.530
650	200.000	-0.016	200.000	1.987	4.435	1.328	1782941541.784
651	200.000	0.034	199.999	1.306	0.047	1.328	1782941542.096
652	200.000	-0.015	200.002	0.873	2.718	1.328	1782941542.325
653	200.000	0.032	200.002	2.090	4.825	1.328	1782941542.592
654	200.000	0.042	199.997	0.949	0.553	1.328	1782941542.848
655	200.000	-0.055	200.000	1.109	3.129	1.328	1782941543.154
656	200.000	-0.025	199.999	1.712	5.532	1.328	1782941543.481
657	200.000	0.001	200.002	0.725	2.393	1.328	1782941543.813
658	200.000	-0.005	200.001	2.034	4.884	1.328	1782941544.113
659	200.000	0.021	199.998	0.821	0.949	1.328	1782941544.395
660	200.000	0.005	200.004	1.477	3.450	1.328	1782941544.666
661	200.000	0.024	199.999	1.747	5.705	1.328	1782941544.988
662	200.000	0.011	199.999	0.790	2.521	1.328	1782941545.277
663	200.000	0.017	200.000	2.194	4.412	1.328	1782941545.533
664	200.000	-0.030	200.001	1.087	0.266	1.328	1782941545.792
665	200.000	-0.018	199.999	0.951	3.052	1.328	1782941546.105
666	200.000	0.005	200.002	1.787	5.355	1.328	1782941546.417
667	200.000	0.031	199.999	0.608	1.816	1.328	1782941546.717
668	200.000	0.003	200.004	1.883	4.132	1.328	1782941546.968
669	200.000	0.044	199.997	1.569	6.145	1.328	1782941547.197
670	200.000	0.023	199.994	0.719	2.035	1.328	1782941547.469
671	200.000	0.030	200.003	1.912	4.518	1.328	1782941547.757
672	200.000	-0.037	199.996	1.069	0.369	1.328	1782941548.047
673	200.000	-0.020	199.998	1.208	3.089	1.328	1782941548.351
674	200.000	0.011	199.999	1.898	5.577	1.328	1782941548.658
675	200.000	0.011	200.001	0.506	2.260	1.328	1782941548.957
676	200.000	-0.027	200.000	2.017	4.609	1.328	1782941549.273
677	200.000	0.013	199.996	1.034	0.590	1.328	1782941549.545
678	200.000	-0.032	200.001	1.142	3.169	1.328	1782941549.830
679	200.000	-0.044	200.003	2.115	5.299	1.328	1782941550.103
680	200.000	-0.003	200.005	0.561	1.186	1.328	1782941550.398
681	200.000	-0.005	200.002	1.787	3.815	1.328	1782941550.656
682	200.000	-0.053	200.004	1.633	5.950	1.328	1782941550.881
683	200.000	-0.015	200.001	0.684	1.899	1.328	1782941551.142
684	200.000	0.016	199.999	1.952	4.071	1.328	1782941551.395
685	200.000	0.050	199.997	1.788	6.029	1.328	1782941551.653
686	200.000	-0.021	199.998	0.534	1.890	1.328	1782941551.925
687	200.000	-0.007	199.997	1.276	3.231	1.328	1782941552.251
688	200.000	-0.041	199.997	2.181	4.560	1.328	1782941552.559
689	200.000	0.035	199.999	2.138	4.502	1.328	1782941552.888
690	200.000	-0.022	200.001	2.361	4.541	1.328	1782941553.179
691	200.000	-0.054	200.002	2.187	4.571	1.328	1782941553.502
692	200.000	-0.018	200.000	2.235	4.568	1.328	1782941553.749
693	200.000	-0.000	200.002	2.092	4.545	1.328	1782941554.030
694	200.000	0.022	199.998	2.185	4.634	1.328	1782941554.303
695	200.000	0.030	199.999	2.107	4.559	1.328	1782941554.536
696	200.000	-0.012	199.997	2.078	4.525	1.328	1782941554.819
697	200.000	0.019	200.000	2.044	4.541	1.328	1782941555.049
698	200.000	0.020	200.003	2.213	4.514	1.328	1782941555.316
699	200.000	0.002	200.002	2.206	4.488	1.328	1782941555.566
700	200.000	-0.038	200.001	2.165	4.567	1.328	1782941555.826
701	200.000	0.009	199.999	2.070	4.574	1.328	1782941556.082
702	200.000	0.021	200.001	2.232	4.507	1.328	1782941556.406
703	200.000	-0.011	199.999	2.140	4.503	1.328	1782941556.721
