Point No.	Frequency Set (GHz)	THz Photocurrent (nA)	Frequency Act (GHz)	Amplitude (via StrMod)	Phase (via StrMod)	Timestamp (s)
1	300.000	-0.001	299.998	1.945	3.568	1771879118.145
2	300.000	0.012	299.999	2.181	3.608	1771879118.394
3	300.000	-0.011	300.004	2.093	3.548	1771879118.658
4	300.000	0.005	300.002	2.021	3.588	1771879118.954
5	300.000	-0.004	299.999	2.048	3.591	1771879119.201
6	300.000	-0.043	299.997	2.043	3.626	1771879119.449
7	300.000	0.008	300.001	2.140	3.568	1771879119.717
8	300.000	-0.018	300.000	2.031	3.582	1771879119.973
9	300.000	0.003	300.001	2.074	3.593	1771879120.264
10	300.000	-0.008	300.002	2.011	3.530	1771879120.520
11	300.000	-0.041	299.996	2.036	3.552	1771879120.769
12	300.000	0.013	299.998	1.988	3.557	1771879121.027
13	300.000	0.010	300.000	2.049	3.563	1771879121.279
14	300.000	-0.012	300.003	1.925	3.592	1771879121.497
15	300.000	-0.018	300.001	2.086	3.594	1771879121.778
16	300.000	0.013	299.998	2.085	3.636	1771879122.013
17	300.000	0.006	299.998	2.054	3.608	1771879122.271
18	300.000	-0.026	300.003	1.946	3.649	1771879122.512
19	300.000	-0.001	299.999	2.033	3.547	1771879122.736
20	300.000	0.027	299.999	1.929	3.513	1771879123.018
21	300.000	-0.024	299.999	1.988	3.574	1771879123.251
22	300.000	-0.015	300.003	2.021	3.569	1771879123.515
23	300.000	0.028	299.998	2.133	3.577	1771879123.747
24	300.000	0.001	300.001	2.054	3.486	1771879124.024
25	300.000	-0.039	299.998	1.970	3.570	1771879124.295
26	300.000	-0.002	299.996	2.121	3.536	1771879124.567
27	300.000	0.013	299.999	2.042	3.608	1771879124.822
28	300.000	0.006	300.001	1.950	3.512	1771879125.084
29	300.000	0.053	299.998	1.932	3.561	1771879125.342
30	300.000	-0.016	299.999	2.020	3.607	1771879125.647
31	300.000	0.003	300.001	2.007	3.535	1771879125.877
32	300.000	-0.018	300.003	2.008	3.530	1771879126.159
33	300.000	-0.024	299.999	2.007	3.513	1771879126.383
34	300.000	0.020	300.001	2.014	3.495	1771879126.637
35	300.000	-0.019	300.000	1.989	3.448	1771879126.895
36	300.000	0.016	300.002	2.046	3.525	1771879127.167
37	300.000	-0.047	299.997	2.074	3.549	1771879127.457
38	300.000	-0.002	300.003	2.020	3.441	1771879127.725
39	300.000	0.021	300.003	2.112	3.548	1771879128.030
40	300.000	0.025	300.000	2.070	3.512	1771879128.291
41	300.000	-0.015	300.001	1.978	3.527	1771879128.562
42	300.000	0.021	300.003	2.060	3.550	1771879128.805
43	300.000	0.011	299.999	1.988	3.556	1771879129.077
44	300.000	0.016	300.001	2.007	3.570	1771879129.348
45	300.000	-0.030	299.999	2.037	3.546	1771879129.609
46	300.000	-0.066	300.000	2.092	3.527	1771879129.855
47	300.000	-0.045	300.005	2.006	3.543	1771879130.131
48	300.000	0.016	299.996	2.040	3.531	1771879130.388
49	300.000	0.007	299.998	2.080	3.539	1771879130.630
50	300.000	-0.016	299.998	2.097	3.563	1771879130.892
51	300.000	0.010	299.999	2.094	3.512	1771879131.123
52	300.000	0.037	299.999	2.107	3.546	1771879131.391
53	300.000	-0.044	300.001	2.106	3.538	1771879131.609
54	300.000	0.011	299.997	2.029	3.551	1771879131.867
55	300.000	0.032	300.002	1.997	3.497	1771879132.153
56	300.000	0.024	299.998	2.056	3.581	1771879132.404
57	300.000	0.052	300.000	2.027	3.595	1771879132.656
58	300.000	0.031	299.997	2.034	3.563	1771879132.899
59	300.000	0.035	299.996	2.010	3.591	1771879133.152
60	300.000	-0.012	299.999	1.948	3.527	1771879133.437
61	300.000	-0.029	300.000	2.052	3.538	1771879133.705
62	300.000	0.003	300.003	2.064	3.542	1771879133.984
63	300.000	-0.023	300.002	2.134	3.531	1771879134.264
64	300.000	-0.054	299.998	0.870	0.708	1771879134.510
65	300.000	0.003	300.001	0.039	5.820	1771879134.760
66	300.000	-0.004	300.000	0.166	5.787	1771879135.024
67	300.000	0.007	300.000	0.485	4.157	1771879135.282
68	300.000	-0.025	299.999	0.433	4.481	1771879135.530
69	300.000	-0.039	300.000	0.165	1.567	1771879135.787
70	300.000	0.024	299.997	0.067	1.037	1771879136.068
71	300.000	-0.014	299.998	0.311	3.874	1771879136.344
72	300.000	-0.019	300.005	0.356	0.695	1771879136.592
73	300.000	-0.010	300.002	0.141	6.181	1771879136.854
74	300.000	0.010	299.999	0.258	1.896	1771879137.155
75	300.000	0.043	299.999	0.733	1.403	1771879137.391
76	300.000	-0.017	300.004	0.381	1.695	1771879137.661
77	300.000	-0.014	299.995	0.753	4.163	1771879137.924
78	300.000	-0.001	300.001	0.351	3.574	1771879138.222
79	300.000	0.031	300.005	1.184	0.785	1771879138.438
80	300.000	-0.023	300.002	0.372	0.561	1771879138.725
81	300.000	-0.008	299.998	0.611	0.976	1771879138.995
82	300.000	0.007	300.003	0.463	0.866	1771879139.235
83	300.000	0.007	300.003	0.968	4.387	1771879139.459
84	300.000	0.005	299.996	0.729	4.331	1771879139.724
85	300.000	-0.012	299.996	0.349	1.351	1771879139.979
86	300.000	-0.014	299.997	0.240	2.649	1771879140.218
87	300.000	-0.001	299.999	0.413	1.401	1771879140.479
88	300.000	-0.022	299.999	0.298	2.731	1771879140.714
89	300.000	0.029	300.001	1.362	0.768	1771879140.955
90	300.000	0.023	300.005	0.440	2.961	1771879141.207
91	300.000	0.006	299.998	0.310	2.408	1771879141.486
92	300.000	-0.011	299.998	0.497	0.977	1771879141.816
93	300.000	0.023	300.000	0.362	2.161	1771879142.059
94	300.000	-0.006	300.001	0.454	1.058	1771879142.288
95	300.000	0.017	299.999	0.195	4.489	1771879142.562
96	300.000	-0.004	300.002	0.675	3.148	1771879142.797
97	300.000	-0.023	300.001	0.502	2.472	1771879143.063
98	300.000	-0.049	299.999	0.591	3.166	1771879143.299
99	300.000	-0.035	299.999	0.189	1.043	1771879143.569
100	300.000	0.008	299.999	0.077	4.170	1771879143.843
101	300.000	0.039	300.000	0.343	5.789	1771879144.105
102	300.000	-0.013	300.001	0.457	0.842	1771879144.358
103	300.000	-0.013	299.999	0.513	3.592	1771879144.632
104	300.000	-0.012	299.999	0.918	0.309	1771879144.877
105	300.000	-0.022	299.998	0.478	5.092	1771879145.132
106	300.000	-0.011	299.998	0.544	3.504	1771879145.378
107	300.000	-0.004	299.998	0.469	0.923	1771879145.625
108	300.000	0.002	300.001	0.169	5.942	1771879145.871
109	300.000	-0.004	300.000	0.098	4.888	1771879146.127
110	300.000	0.023	300.002	0.255	2.947	1771879146.378
111	300.000	-0.016	300.001	0.411	0.313	1771879146.621
112	300.000	-0.028	299.997	0.084	5.517	1771879146.895
113	300.000	0.026	300.000	0.090	0.630	1771879147.141
114	300.000	-0.014	300.000	0.165	6.268	1771879147.446
115	300.000	0.015	300.001	0.398	0.043	1771879147.686
116	300.000	-0.010	300.000	0.052	2.021	1771879147.947
117	300.000	-0.008	300.000	0.182	2.588	1771879148.198
118	300.000	0.025	300.000	0.625	0.408	1771879148.435
119	300.000	0.005	300.001	0.256	4.626	1771879148.703
120	300.000	-0.027	299.998	0.373	1.259	1771879148.923
121	300.000	0.016	300.003	0.336	5.065	1771879149.189
122	300.000	0.021	300.000	0.286	5.244	1771879149.425
123	300.000	-0.006	299.999	0.152	2.089	1771879149.702
124	300.000	0.030	300.000	0.739	0.547	1771879149.946
125	300.000	0.012	300.004	0.423	0.324	1771879150.188
126	300.000	0.019	300.001	0.328	0.410	1771879150.445
127	300.000	-0.025	300.000	0.563	0.462	1771879150.666
128	300.000	0.003	299.998	0.242	0.973	1771879150.942
129	300.000	0.030	300.003	0.367	1.450	1771879151.164
130	300.000	-0.038	300.003	0.144	6.024	1771879151.434
131	300.000	-0.003	300.003	0.169	4.675	1771879151.676
132	300.000	-0.024	300.002	0.267	5.673	1771879151.929
133	300.000	0.001	299.998	0.592	6.104	1771879152.175
134	300.000	-0.037	299.999	0.166	4.649	1771879152.437
135	300.000	-0.006	299.998	0.328	0.462	1771879152.694
136	300.000	0.015	300.001	0.562	6.150	1771879152.969
137	300.000	0.018	299.999	0.290	5.340	1771879153.260
138	300.000	-0.027	300.002	0.056	3.988	1771879153.576
139	300.000	-0.016	300.001	0.239	0.230	1771879153.871
140	300.000	0.013	299.998	0.098	3.631	1771879154.130
141	300.000	-0.023	299.997	0.633	0.208	1771879154.386
142	300.000	-0.010	300.001	0.183	1.824	1771879154.634
143	300.000	-0.025	299.999	1.722	1.598	1771879154.882
144	300.000	0.045	299.998	1.685	1.775	1771879155.120
145	300.000	-0.016	300.003	1.628	1.776	1771879155.386
146	300.000	0.000	299.996	1.622	1.781	1771879155.670
147	300.000	0.020	300.003	1.648	1.804	1771879155.909
148	300.000	-0.041	300.003	1.671	1.841	1771879156.170
149	300.000	-0.019	299.997	1.656	1.897	1771879156.400
150	300.000	0.037	299.997	1.575	1.830	1771879156.670
151	300.000	0.001	299.997	1.587	1.903	1771879156.921
152	300.000	0.016	299.999	2.615	0.468	1771879157.169
153	300.000	-0.022	300.003	1.887	4.299	1771879157.417
154	300.000	-0.061	300.001	1.449	2.071	1771879157.631
155	300.000	-0.024	299.998	2.015	0.131	1771879157.931
156	300.000	-0.009	300.000	2.303	3.389	1771879158.221
157	300.000	-0.004	299.999	2.638	0.478	1771879158.481
158	300.000	0.006	299.998	1.931	4.292	1771879158.721
159	300.000	-0.023	300.002	1.276	2.109	1771879158.977
160	300.000	-0.022	300.001	1.857	0.030	1771879159.207
161	300.000	0.007	299.998	2.541	3.796	1771879159.471
162	300.000	-0.019	300.001	2.164	0.909	1771879159.718
163	300.000	-0.001	300.002	1.404	5.240	1771879159.971
164	300.000	-0.025	300.000	1.828	3.034	1771879160.235
165	300.000	0.025	300.003	2.550	0.423	1771879160.494
166	300.000	0.020	300.000	2.436	3.852	1771879160.776
167	300.000	-0.003	300.000	1.900	1.068	1771879161.027
168	300.000	-0.015	300.000	1.204	5.328	1771879161.266
169	300.000	0.018	300.001	2.269	3.261	1771879161.520
170	300.000	0.031	300.002	2.388	0.446	1771879161.784
171	300.000	-0.014	299.999	2.196	4.050	1771879162.067
172	300.000	-0.035	299.997	2.136	0.822	1771879162.360
173	300.000	0.015	300.000	1.441	4.737	1771879162.649
174	300.000	0.004	299.998	1.542	2.635	1771879162.888
175	300.000	0.032	300.001	2.204	0.328	1771879163.142
176	300.000	-0.021	299.996	2.631	3.840	1771879163.401
177	300.000	0.004	300.000	2.221	0.966	1771879163.658
178	300.000	-0.019	300.000	1.514	5.728	1771879163.887
179	300.000	0.070	300.000	2.520	3.405	1771879164.161
180	300.000	-0.021	300.001	2.650	0.433	1771879164.408
181	300.000	-0.000	300.003	1.891	4.357	1771879164.643
182	300.000	0.016	299.999	1.268	2.013	1771879164.896
183	300.000	-0.029	299.997	1.844	0.086	1771879165.149
184	300.000	-0.023	300.000	2.573	3.751	1771879165.422
185	300.000	0.034	299.999	2.599	0.778	1771879165.665
186	300.000	-0.011	300.000	1.424	5.088	1771879165.945
187	300.000	-0.020	300.001	1.242	2.350	1771879166.259
188	300.000	-0.013	299.997	1.268	5.863	1771879166.536
189	300.000	-0.031	300.001	2.300	3.350	1771879166.802
190	300.000	-0.021	299.997	2.723	0.527	1771879167.060
191	300.000	-0.011	300.001	2.071	4.254	1771879167.303
192	300.000	0.014	299.998	1.397	1.492	1771879167.584
193	300.000	-0.040	300.001	1.415	5.869	1771879167.879
194	300.000	0.009	300.000	2.275	3.213	1771879168.116
195	300.000	-0.010	300.001	2.737	0.492	1771879168.372
196	300.000	-0.014	300.001	1.906	4.291	1771879168.629
197	300.000	0.003	299.998	1.248	1.703	1771879168.876
198	300.000	-0.014	299.999	1.738	6.255	1771879169.133
199	300.000	0.070	299.997	2.743	3.636	1771879169.355
200	300.000	-0.001	300.000	2.001	0.912	1771879169.614
201	300.000	-0.017	300.002	1.269	5.122	1771879169.869
202	300.000	0.013	300.001	2.248	3.170	1771879170.130
203	300.000	0.039	299.999	2.598	0.440	1771879170.365
204	300.000	-0.034	300.002	2.066	4.165	1771879170.630
205	300.000	0.015	299.999	1.539	1.113	1771879170.876
206	300.000	-0.002	300.000	1.465	6.037	1771879171.148
207	300.000	-0.024	299.998	2.295	3.317	1771879171.426
208	300.000	0.022	300.003	2.448	0.442	1771879171.695
209	300.000	-0.030	300.000	2.236	4.052	1771879171.948
210	300.000	-0.033	299.998	1.207	1.893	1771879172.193
211	300.000	0.026	300.003	1.667	6.208	1771879172.437
212	300.000	0.043	300.002	2.656	3.726	1771879172.675
213	300.000	0.006	300.000	2.354	0.723	1771879172.949
214	300.000	0.015	300.004	1.451	4.879	1771879173.195
215	300.000	-0.022	300.000	1.203	2.307	1771879173.512
216	300.000	-0.010	300.000	1.480	6.021	1771879173.820
217	300.000	-0.003	299.998	2.496	3.275	1771879174.045
218	300.000	-0.015	300.002	2.646	0.609	1771879174.307
219	300.000	-0.009	300.002	1.736	4.421	1771879174.560
220	300.000	-0.012	300.002	1.474	2.407	1771879174.806
221	300.000	-0.014	300.001	2.025	0.098	1771879175.065
222	300.000	0.028	300.002	2.573	3.820	1771879175.301
223	300.000	0.046	300.000	1.989	1.036	1771879175.566
224	300.000	0.016	299.996	1.426	5.345	1771879175.806
225	300.000	-0.021	300.000	2.277	3.188	1771879176.086
226	300.000	0.021	300.001	2.535	0.405	1771879176.318
227	300.000	0.008	299.999	1.916	4.205	1771879176.591
228	300.000	-0.018	299.999	1.339	1.514	1771879176.842
229	300.000	-0.027	300.000	1.256	5.407	1771879177.161
230	300.000	-0.012	300.003	1.544	2.661	1771879177.474
231	300.000	-0.004	299.997	1.702	6.253	1771879177.779
232	300.000	-0.054	300.004	2.519	3.360	1771879178.040
233	300.000	0.026	299.999	2.436	0.409	1771879178.335
234	300.000	-0.019	300.001	1.974	4.123	1771879178.559
235	300.000	-0.019	300.000	1.101	1.901	1771879178.823
236	300.000	0.005	300.002	1.644	6.094	1771879179.079
237	300.000	-0.050	300.002	2.693	3.518	1771879179.333
238	300.000	0.057	300.003	2.504	0.582	1771879179.587
239	300.000	0.024	300.002	1.338	4.871	1771879179.813
240	300.000	-0.054	299.998	2.223	3.159	1771879180.083
241	300.000	-0.015	300.000	2.369	0.263	1771879180.341
242	300.000	-0.012	300.004	2.365	3.676	1771879180.654
243	300.000	0.005	300.000	2.392	0.592	1771879180.913
244	300.000	-0.030	299.999	1.486	4.605	1771879181.194
245	300.000	0.007	299.999	1.591	2.370	1771879181.460
246	300.000	-0.011	300.000	1.847	0.002	1771879181.725
247	300.000	-0.020	300.000	2.443	3.488	1771879182.036
248	300.000	0.002	299.999	2.640	0.445	1771879182.264
249	300.000	-0.018	300.000	1.707	4.281	1771879182.556
250	300.000	0.016	299.999	1.308	1.881	1771879182.778
251	300.000	-0.023	299.998	2.086	0.100	1771879183.061
252	300.000	-0.009	300.000	2.479	3.539	1771879183.328
253	300.000	0.012	300.000	2.433	0.454	1771879183.622
254	300.000	0.036	299.999	1.767	4.361	1771879183.846
255	300.000	0.008	299.999	1.403	2.303	1771879184.105
256	300.000	0.032	300.001	2.077	0.059	1771879184.360
257	300.000	-0.048	299.999	2.615	3.728	1771879184.615
258	300.000	0.004	299.999	2.024	0.841	1771879184.865
259	300.000	0.042	300.000	1.409	5.427	1771879185.123
260	300.000	0.024	300.003	2.484	3.249	1771879185.349
261	300.000	0.023	299.999	2.570	0.454	1771879185.617
262	300.000	-0.026	300.003	1.990	4.085	1771879185.904
263	300.000	-0.002	300.002	1.496	1.253	1771879186.168
264	300.000	0.021	300.002	1.319	5.653	1771879186.421
265	300.000	0.043	299.999	2.606	3.397	1771879186.686
266	300.000	0.000	299.999	2.576	0.469	1771879186.929
267	300.000	-0.013	300.001	1.592	4.637	1771879187.163
268	300.000	-0.015	300.002	1.629	2.612	1771879187.413
269	300.000	-0.025	300.000	2.233	0.167	1771879187.655
270	300.000	-0.041	300.001	2.140	3.969	1771879187.939
271	300.000	-0.056	300.002	2.026	0.847	1771879188.177
272	300.000	0.011	300.001	1.455	5.561	1771879188.440
273	300.000	-0.013	300.002	1.767	2.884	1771879188.722
274	300.000	-0.017	300.001	2.311	0.141	1771879188.982
275	300.000	-0.009	300.001	2.297	3.811	1771879189.237
276	300.000	0.050	299.997	1.866	1.005	1771879189.493
277	300.000	0.058	300.000	1.637	5.882	1771879189.730
278	300.000	-0.016	300.000	2.527	3.311	1771879190.003
279	300.000	0.002	300.000	2.600	0.537	1771879190.246
280	300.000	0.011	299.999	1.514	4.591	1771879190.477
281	300.000	-0.026	300.000	1.715	2.760	1771879190.729
282	300.000	0.040	300.002	2.137	0.106	1771879190.985
283	300.000	0.046	299.999	2.389	3.907	1771879191.232
284	300.000	-0.027	300.001	1.683	1.057	1771879191.485
285	300.000	0.030	300.000	1.537	5.846	1771879191.716
286	300.000	0.018	300.002	2.224	3.312	1771879191.995
287	300.000	0.037	300.000	2.703	0.608	1771879192.222
288	300.000	0.044	300.002	1.729	4.357	1771879192.504
289	300.000	-0.026	300.001	1.332	2.199	1771879192.736
290	300.000	0.019	299.998	2.187	0.192	1771879192.981
291	300.000	0.052	300.000	2.307	3.747	1771879193.218
292	300.000	-0.017	300.001	1.680	0.977	1771879193.489
293	300.000	-0.009	300.001	1.403	5.428	1771879193.753
294	300.000	-0.015	300.001	2.209	3.121	1771879193.988
295	300.000	0.024	300.002	2.588	0.476	1771879194.230
296	300.000	-0.009	299.999	1.720	4.492	1771879194.468
297	300.000	-0.087	300.000	1.446	2.429	1771879194.741
298	300.000	-0.003	299.996	2.043	0.099	1771879194.975
299	300.000	0.016	300.004	2.471	3.789	1771879195.236
300	300.000	0.029	299.998	1.876	0.771	1771879195.487
301	300.000	0.041	299.997	1.306	5.497	1771879195.723
302	300.000	0.014	300.001	2.516	3.262	1771879195.971
303	300.000	0.001	300.000	2.568	0.525	1771879196.221
304	300.000	0.018	299.998	1.641	4.356	1771879196.513
305	300.000	-0.005	300.000	1.419	1.791	1771879196.734
306	300.000	0.004	299.999	1.829	6.270	1771879197.012
307	300.000	-0.003	299.997	2.613	3.559	1771879197.257
308	300.000	0.009	300.003	2.324	0.657	1771879197.514
309	300.000	-0.016	300.000	1.369	5.005	1771879197.758
310	300.000	-0.030	300.000	2.146	3.029	1771879198.016
311	300.000	-0.013	300.004	2.434	0.290	1771879198.254
312	300.000	-0.041	299.997	2.190	4.098	1771879198.475
313	300.000	-0.004	300.005	1.306	2.049	1771879198.761
314	300.000	0.002	299.997	1.686	6.114	1771879198.995
315	300.000	-0.039	300.001	2.596	3.514	1771879199.279
316	300.000	0.023	300.000	2.488	0.483	1771879199.565
317	300.000	-0.022	299.999	1.881	4.255	1771879199.816
318	300.000	-0.019	299.999	1.501	2.089	1771879200.041
319	300.000	0.015	299.999	2.012	0.072	1771879200.319
320	300.000	0.050	300.000	2.508	3.665	1771879200.563
321	300.000	0.029	299.999	2.187	0.832	1771879200.804
322	300.000	-0.015	299.999	1.339	5.394	1771879201.062
323	300.000	0.035	299.997	1.945	2.948	1771879201.333
324	300.000	-0.013	300.002	2.259	0.222	1771879201.610
325	300.000	0.004	300.000	2.471	3.775	1771879201.885
326	300.000	0.023	299.998	2.357	0.730	1771879202.131
327	300.000	0.031	299.998	1.254	5.202	1771879202.416
328	300.000	0.010	300.001	1.847	2.714	1771879202.647
329	300.000	0.001	300.003	2.554	0.372	1771879202.897
330	300.000	-0.007	299.998	2.189	3.961	1771879203.140
331	300.000	-0.036	300.003	1.617	1.296	1771879203.411
332	300.000	-0.003	300.000	1.424	5.669	1771879203.690
333	300.000	-0.009	299.998	2.235	3.003	1771879203.962
334	300.000	-0.004	299.997	2.461	0.287	1771879204.224
335	300.000	0.002	299.999	2.255	3.832	1771879204.524
336	300.000	-0.000	300.002	2.393	0.617	1771879204.821
337	300.000	0.030	300.001	1.752	4.494	1771879205.067
338	300.000	0.009	299.998	1.642	2.426	1771879205.321
339	300.000	0.000	300.000	1.961	6.264	1771879205.597
340	300.000	0.005	300.001	2.560	3.707	1771879205.840
341	300.000	0.018	300.002	2.095	0.845	1771879206.090
342	300.000	0.013	299.999	1.485	5.478	1771879206.324
343	300.000	-0.023	299.999	2.664	3.385	1771879206.577
344	300.000	0.013	300.000	2.697	0.374	1771879206.823
345	300.000	-0.014	300.002	1.798	4.411	1771879207.098
346	300.000	-0.002	300.000	1.549	1.982	1771879207.332
347	300.000	-0.012	300.001	2.195	0.080	1771879207.582
348	300.000	-0.017	300.000	2.593	3.657	1771879207.830
349	300.000	0.005	299.999	2.255	0.771	1771879208.069
350	300.000	0.004	299.997	1.508	5.711	1771879208.329
351	300.000	0.027	299.999	2.297	3.124	1771879208.582
352	300.000	0.013	300.001	2.647	0.397	1771879208.854
353	300.000	0.015	299.995	2.273	3.941	1771879209.151
354	300.000	-0.012	299.998	2.143	0.908	1771879209.401
355	300.000	-0.035	300.001	1.402	5.531	1771879209.618
356	300.000	0.031	300.000	2.377	3.321	1771879209.893
357	300.000	0.038	300.002	2.718	0.407	1771879210.146
358	300.000	0.031	300.003	1.810	4.412	1771879210.394
359	300.000	0.060	300.003	1.400	1.959	1771879210.649
360	300.000	0.002	300.002	2.130	0.048	1771879210.887
361	300.000	0.019	300.000	2.435	3.668	1771879211.153
362	300.000	-0.019	300.001	2.062	0.886	1771879211.382
363	300.000	0.029	299.998	1.426	5.652	1771879211.667
364	300.000	0.042	300.002	1.647	2.674	1771879211.973
365	300.000	0.042	299.999	2.164	0.098	1771879212.227
366	300.000	-0.012	300.000	2.533	3.750	1771879212.470
367	300.000	0.037	300.000	2.229	0.760	1771879212.756
368	300.000	-0.007	299.997	1.473	5.052	1771879213.030
369	300.000	0.004	300.005	1.734	2.575	1771879213.266
370	300.000	-0.017	300.002	2.552	0.235	1771879213.505
371	300.000	0.061	300.001	2.193	4.090	1771879213.760
372	300.000	0.023	300.000	1.639	1.359	1771879214.014
373	300.000	-0.048	300.001	1.745	6.060	1771879214.273
374	300.000	-0.029	299.998	2.649	3.505	1771879214.493
375	300.000	0.038	300.001	2.612	0.657	1771879214.764
376	300.000	0.049	299.998	1.559	4.719	1771879215.018
377	300.000	0.005	299.999	1.918	2.753	1771879215.254
378	300.000	0.037	299.998	2.512	0.340	1771879215.513
379	300.000	-0.067	300.002	2.160	4.059	1771879215.743
380	300.000	0.002	300.001	1.634	1.524	1771879216.003
381	300.000	-0.005	299.998	1.681	6.055	1771879216.260
382	300.000	0.006	300.002	2.425	3.377	1771879216.527
383	300.000	-0.053	300.000	2.618	0.456	1771879216.783
384	300.000	-0.002	300.000	1.573	4.655	1771879217.020
385	300.000	0.013	299.997	1.604	2.317	1771879217.289
386	300.000	0.008	299.999	1.705	6.129	1771879217.598
387	300.000	-0.018	300.001	2.607	3.412	1771879217.829
388	300.000	-0.011	300.002	2.615	0.514	1771879218.104
389	300.000	0.033	299.997	1.769	4.295	1771879218.378
390	300.000	-0.069	300.001	1.479	1.694	1771879218.649
391	300.000	0.043	300.003	1.875	6.183	1771879218.884
392	300.000	-0.028	300.000	2.459	3.617	1771879219.175
393	300.000	0.010	300.002	2.647	0.509	1771879219.450
394	300.000	0.007	300.002	1.987	4.190	1771879219.698
395	300.000	0.010	299.996	1.616	1.859	1771879219.953
396	300.000	0.029	300.004	2.230	0.140	1771879220.207
397	300.000	-0.001	299.999	2.622	3.671	1771879220.479
398	300.000	-0.069	300.003	2.614	0.594	1771879220.761
399	300.000	0.007	299.998	1.703	4.604	1771879220.995
400	300.000	-0.056	299.998	1.624	2.499	1771879221.261
401	300.000	0.028	300.002	2.194	0.159	1771879221.516
402	300.000	-0.012	299.995	2.446	3.750	1771879221.801
403	300.000	-0.029	299.997	2.410	0.704	1771879222.020
404	300.000	-0.004	299.999	1.359	5.468	1771879222.282
405	300.000	-0.025	300.002	2.149	2.988	1771879222.540
406	300.000	0.015	300.002	2.777	0.518	1771879222.784
407	300.000	-0.001	300.000	2.064	4.151	1771879223.033
408	300.000	0.018	300.001	1.542	1.935	1771879223.260
409	300.000	-0.023	300.000	1.939	0.153	1771879223.545
410	300.000	0.033	299.998	2.467	3.708	1771879223.780
411	300.000	-0.020	300.003	2.250	0.817	1771879224.028
412	300.000	-0.014	300.000	1.289	5.377	1771879224.281
413	300.000	0.037	300.000	2.311	3.119	1771879224.524
414	300.000	0.021	299.999	2.545	0.359	1771879224.786
415	300.000	0.025	300.001	1.952	4.234	1771879225.016
416	300.000	0.014	300.001	1.453	1.581	1771879225.293
417	300.000	-0.015	300.000	1.853	6.210	1771879225.534
418	300.000	0.057	299.997	2.537	3.693	1771879225.793
419	300.000	0.031	299.998	2.507	0.616	1771879226.051
420	300.000	-0.041	299.998	1.429	4.624	1771879226.342
421	300.000	0.029	299.998	1.421	2.180	1771879226.571
422	300.000	0.023	299.998	2.184	0.152	1771879226.844
423	300.000	-0.002	299.997	2.559	3.657	1771879227.097
424	300.000	-0.016	299.999	2.164	0.837	1771879227.347
425	300.000	-0.005	300.002	1.283	5.244	1771879227.607
426	300.000	-0.012	299.997	2.273	3.096	1771879227.837
427	300.000	-0.012	299.999	2.697	0.406	1771879228.108
428	300.000	0.027	300.001	1.781	4.270	1771879228.325
429	300.000	0.026	299.998	1.535	2.298	1771879228.601
430	300.000	0.006	300.002	1.765	6.175	1771879228.860
431	300.000	-0.013	299.997	2.542	3.637	1771879229.112
432	300.000	0.020	299.998	2.394	0.608	1771879229.356
433	300.000	0.009	300.004	1.232	5.277	1771879229.602
434	300.000	0.007	299.998	2.051	2.862	1771879229.850
435	300.000	0.041	300.001	2.662	0.340	1771879230.085
436	300.000	0.033	299.999	1.931	4.081	1771879230.371
437	300.000	0.018	299.995	1.759	0.894	1771879230.675
438	300.000	-0.036	300.000	1.229	5.037	1771879230.928
439	300.000	0.030	300.003	1.715	2.638	1771879231.224
440	300.000	0.013	300.000	2.252	0.189	1771879231.448
441	300.000	0.038	299.999	2.454	3.826	1771879231.723
442	300.000	0.007	299.998	2.113	0.731	1771879231.978
443	300.000	-0.001	300.002	1.382	5.660	1771879232.218
444	300.000	-0.043	299.999	2.322	3.165	1771879232.483
445	300.000	0.015	299.999	2.589	0.398	1771879232.705
446	300.000	0.031	300.001	1.657	4.324	1771879232.985
447	300.000	0.039	300.001	1.563	1.914	1771879233.209
448	300.000	-0.002	299.999	1.928	0.057	1771879233.476
449	300.000	0.035	299.997	2.695	3.744	1771879233.711
450	300.000	-0.029	300.001	2.204	0.903	1771879233.981
451	300.000	-0.026	299.999	1.322	5.002	1771879234.238
452	300.000	0.017	300.001	1.707	2.571	1771879234.547
453	300.000	0.019	300.000	2.046	6.235	1771879234.772
454	300.000	-0.000	299.996	2.384	3.705	1771879235.037
455	300.000	0.019	299.999	2.201	0.779	1771879235.286
456	300.000	-0.012	300.000	1.459	5.586	1771879235.561
457	300.000	0.041	300.002	1.724	2.509	1771879235.839
458	300.000	0.032	300.004	2.352	0.182	1771879236.081
459	300.000	-0.015	299.998	2.263	3.708	1771879236.354
460	300.000	0.017	300.002	2.004	0.962	1771879236.602
461	300.000	-0.016	300.000	1.346	5.348	1771879236.867
462	300.000	0.010	300.001	1.960	2.854	1771879237.161
463	300.000	-0.003	299.996	2.311	0.181	1771879237.415
464	300.000	0.006	300.005	2.338	3.549	1771879237.728
465	300.000	-0.012	300.003	2.348	0.589	1771879237.957
466	300.000	-0.014	300.002	1.362	4.971	1771879238.222
467	300.000	0.004	299.998	1.967	2.805	1771879238.453
468	300.000	0.019	300.002	2.539	0.352	1771879238.718
469	300.000	-0.050	300.002	2.273	3.937	1771879238.964
470	300.000	-0.006	299.999	1.638	1.185	1771879239.245
471	300.000	-0.039	300.000	1.411	5.567	1771879239.503
472	300.000	-0.069	300.001	1.572	2.743	1771879239.813
473	300.000	0.008	300.001	2.474	0.233	1771879240.045
474	300.000	0.013	299.999	2.317	3.978	1771879240.299
475	300.000	-0.014	300.003	1.724	1.295	1771879240.546
476	300.000	-0.017	300.000	1.705	6.065	1771879240.812
477	300.000	-0.001	299.999	2.701	3.288	1771879241.055
478	300.000	-0.040	299.998	2.685	0.520	1771879241.305
479	300.000	0.027	300.001	1.442	4.748	1771879241.549
480	300.000	-0.008	299.997	1.739	2.613	1771879241.811
481	300.000	-0.013	300.002	2.339	0.158	1771879242.062
482	300.000	0.027	299.999	2.555	3.813	1771879242.282
483	300.000	-0.017	300.001	1.750	1.252	1771879242.558
484	300.000	0.003	300.004	1.429	5.691	1771879242.807
485	300.000	-0.056	299.999	2.645	3.369	1771879243.047
486	300.000	0.064	299.999	2.657	0.553	1771879243.297
487	300.000	0.015	300.000	1.567	4.546	1771879243.522
488	300.000	0.052	300.001	1.862	2.821	1771879243.800
489	300.000	-0.058	300.000	2.311	0.156	1771879244.025
490	300.000	0.017	300.000	2.243	3.940	1771879244.296
491	300.000	0.045	299.997	1.846	0.990	1771879244.554
492	300.000	-0.015	300.000	1.349	5.573	1771879244.821
493	300.000	-0.036	299.999	1.958	2.923	1771879245.110
494	300.000	0.022	300.000	2.309	0.165	1771879245.369
495	300.000	-0.035	300.002	2.295	3.938	1771879245.594
496	300.000	0.040	300.003	1.441	1.333	1771879245.867
497	300.000	0.040	299.999	1.515	5.869	1771879246.127
498	300.000	0.063	299.999	2.260	3.151	1771879246.420
499	300.000	-0.023	300.002	2.685	0.306	1771879246.663
500	300.000	-0.052	300.002	2.158	4.012	1771879246.939
501	300.000	-0.040	300.002	1.565	1.322	1771879247.194
502	300.000	0.026	299.998	1.375	5.532	1771879247.483
503	300.000	-0.002	300.001	2.439	3.094	1771879247.716
504	300.000	-0.093	300.000	2.565	0.309	1771879247.990
505	300.000	-0.027	299.999	2.254	3.955	1771879248.244
506	300.000	-0.031	299.998	1.480	1.310	1771879248.544
507	300.000	-0.042	300.001	1.499	5.738	1771879248.769
508	300.000	0.038	299.997	2.607	3.349	1771879249.044
509	300.000	0.001	300.000	2.622	0.497	1771879249.293
510	300.000	0.028	300.002	1.436	4.462	1771879249.575
511	300.000	0.011	299.999	1.444	2.043	1771879249.809
512	300.000	0.055	300.006	2.034	0.005	1771879250.030
513	300.000	0.019	300.002	2.589	3.744	1771879250.312
514	300.000	0.023	300.001	2.125	0.759	1771879250.543
515	300.000	-0.020	300.002	1.230	5.325	1771879250.815
516	300.000	0.031	300.002	1.817	2.723	1771879251.113
517	300.000	0.043	299.999	2.000	6.275	1771879251.376
518	300.000	-0.018	299.998	2.700	3.650	1771879251.610
519	300.000	0.026	299.999	1.954	0.971	1771879251.857
520	300.000	0.009	300.001	1.539	5.836	1771879252.090
521	300.000	-0.012	299.999	2.732	3.406	1771879252.372
522	300.000	0.031	300.002	2.628	0.385	1771879252.625
523	300.000	-0.041	299.998	1.969	3.990	1771879252.929
524	300.000	0.010	300.001	1.707	1.222	1771879253.162
525	300.000	0.017	300.001	1.734	6.039	1771879253.411
526	300.000	0.020	300.000	2.662	3.464	1771879253.663
527	300.000	0.041	300.000	2.477	0.613	1771879253.928
528	300.000	-0.009	299.998	1.294	4.748	1771879254.168
529	300.000	-0.037	300.002	1.691	2.668	1771879254.440
530	300.000	0.034	300.000	2.042	0.103	1771879254.719
531	300.000	-0.006	299.997	2.730	3.600	1771879254.978
532	300.000	-0.006	300.003	2.336	0.599	1771879255.229
533	300.000	-0.008	299.998	1.247	5.393	1771879255.480
534	300.000	0.008	299.998	1.886	2.854	1771879255.740
535	300.000	-0.028	300.001	2.318	0.237	1771879256.010
536	300.000	-0.002	300.003	2.327	3.701	1771879256.260
537	300.000	0.008	300.000	1.813	1.082	1771879256.514
538	300.000	-0.011	300.000	1.531	5.937	1771879256.752
539	300.000	0.096	300.004	2.714	3.372	1771879256.985
540	300.000	0.008	300.003	2.414	0.617	1771879257.261
541	300.000	0.028	300.000	1.205	4.719	1771879257.497
542	300.000	0.013	299.998	1.873	2.752	1771879257.761
543	300.000	-0.004	300.000	2.326	0.215	1771879258.026
544	300.000	0.032	299.998	2.437	3.588	1771879258.342
545	300.000	-0.042	299.997	2.511	0.434	1771879258.634
546	300.000	-0.006	300.001	1.992	3.998	1771879258.890
547	300.000	-0.043	299.999	1.498	1.733	1771879259.130
548	300.000	-0.022	300.000	1.840	6.253	1771879259.376
549	300.000	-0.046	299.998	2.756	3.541	1771879259.603
550	300.000	0.051	300.001	2.200	0.726	1771879259.874
551	300.000	0.030	299.999	1.245	5.093	1771879260.134
552	300.000	-0.025	300.001	2.442	3.049	1771879260.394
553	300.000	-0.045	299.998	2.198	0.212	1771879260.691
554	300.000	-0.049	299.998	2.663	3.681	1771879260.925
555	300.000	-0.035	300.005	1.914	1.050	1771879261.163
556	300.000	0.018	299.999	1.397	5.938	1771879261.440
557	300.000	0.014	300.002	2.341	3.128	1771879261.700
558	300.000	0.018	299.998	2.612	0.353	1771879261.982
559	300.000	0.020	299.996	2.140	3.759	1771879262.283
560	300.000	0.019	299.997	2.140	0.753	1771879262.524
561	300.000	-0.043	300.000	1.323	5.725	1771879262.754
562	300.000	0.045	300.001	2.500	3.256	1771879263.022
563	300.000	-0.007	299.999	2.646	0.402	1771879263.272
564	300.000	-0.036	300.001	1.490	4.397	1771879263.527
565	300.000	-0.012	299.997	1.343	1.579	1771879263.816
566	300.000	0.086	300.000	1.604	6.100	1771879264.057
567	300.000	-0.050	300.000	2.600	3.412	1771879264.312
568	300.000	-0.015	300.000	2.543	0.466	1771879264.582
569	300.000	-0.003	300.000	1.522	4.378	1771879264.817
570	300.000	-0.050	300.003	1.732	2.547	1771879265.082
571	300.000	-0.002	300.001	2.167	0.119	1771879265.334
572	300.000	-0.040	300.000	2.228	3.815	1771879265.555
573	300.000	-0.039	299.997	1.493	1.459	1771879265.842
574	300.000	-0.010	299.998	1.425	5.814	1771879266.070
575	300.000	-0.003	299.999	2.503	3.168	1771879266.337
576	300.000	-0.007	300.000	2.543	0.448	1771879266.566
577	300.000	-0.007	300.002	1.180	4.771	1771879266.842
578	300.000	0.036	299.999	1.362	2.069	1771879267.088
579	300.000	0.043	300.002	2.173	0.106	1771879267.344
580	300.000	-0.003	300.000	2.570	3.555	1771879267.572
581	300.000	0.004	300.001	1.884	0.881	1771879267.830
582	300.000	-0.010	300.000	1.268	5.557	1771879268.079
583	300.000	0.015	299.999	2.474	3.044	1771879268.320
584	300.000	-0.010	299.998	2.513	0.430	1771879268.589
585	300.000	0.042	300.004	1.646	4.139	1771879268.841
586	300.000	-0.035	299.999	1.344	1.558	1771879269.082
587	300.000	-0.033	299.999	1.722	6.070	1771879269.335
588	300.000	0.003	300.000	2.654	3.522	1771879269.573
589	300.000	0.020	299.999	2.376	0.558	1771879269.834
590	300.000	-0.037	300.002	1.119	5.044	1771879270.063
591	300.000	-0.065	299.997	2.105	2.788	1771879270.330
592	300.000	0.063	299.997	2.335	0.243	1771879270.586
593	300.000	-0.036	299.999	2.211	3.714	1771879270.879
594	300.000	-0.031	300.003	2.043	0.737	1771879271.138
595	300.000	0.013	300.001	1.101	5.279	1771879271.411
596	300.000	0.024	300.001	1.632	2.627	1771879271.717
597	300.000	-0.056	300.004	1.647	6.169	1771879272.002
598	300.000	0.005	299.998	2.609	3.256	1771879272.295
599	300.000	-0.033	299.999	2.344	0.299	1771879272.586
600	300.000	-0.025	299.998	2.150	3.919	1771879272.827
601	300.000	0.043	300.000	1.449	1.376	1771879273.063
602	300.000	-0.038	300.002	1.634	5.978	1771879273.318
603	300.000	0.007	300.000	2.654	3.361	1771879273.559
604	300.000	-0.043	299.999	2.302	0.569	1771879273.829
605	300.000	-0.033	300.003	1.147	4.751	1771879274.083
606	300.000	-0.021	300.001	2.177	2.916	1771879274.333
607	300.000	-0.011	299.999	2.198	0.132	1771879274.587
608	300.000	0.011	300.004	1.781	3.984	1771879274.814
609	300.000	0.016	300.004	1.641	1.258	1771879275.096
610	300.000	0.038	299.998	1.468	5.911	1771879275.332
611	300.000	-0.048	300.000	2.590	3.310	1771879275.579
612	300.000	0.031	299.998	2.448	0.493	1771879275.839
613	300.000	0.001	300.005	1.192	4.850	1771879276.088
614	300.000	-0.010	300.002	1.962	2.762	1771879276.339
615	300.000	-0.015	299.998	2.359	0.237	1771879276.588
616	300.000	-0.029	300.002	2.147	3.685	1771879276.878
617	300.000	-0.051	300.000	2.056	0.869	1771879277.147
618	300.000	0.008	300.003	1.116	5.488	1771879277.392
619	300.000	-0.028	299.998	2.597	3.093	1771879277.630
620	300.000	0.004	300.002	2.359	0.272	1771879277.929
621	300.000	-0.003	299.998	2.004	3.884	1771879278.175
622	300.000	-0.032	300.002	1.434	1.406	1771879278.409
623	300.000	-0.027	300.001	1.913	6.176	1771879278.658
624	300.000	-0.045	300.002	2.592	3.460	1771879278.923
625	300.000	0.009	299.998	2.345	0.546	1771879279.146
626	300.000	0.005	299.999	1.047	5.338	1771879279.419
627	300.000	0.038	300.002	2.099	2.680	1771879279.667
628	300.000	-0.002	300.001	2.454	0.248	1771879279.903
629	300.000	-0.021	300.001	1.716	3.877	1771879280.153
630	300.000	0.004	300.001	1.343	1.493	1771879280.413
631	300.000	-0.019	300.001	1.730	6.027	1771879280.671
632	300.000	-0.055	300.002	2.693	3.415	1771879280.910
633	300.000	0.029	300.000	2.329	0.364	1771879281.233
634	300.000	0.018	300.000	1.737	4.072	1771879281.498
635	300.000	0.032	300.000	1.642	1.084	1771879281.804
636	300.000	0.010	300.000	1.157	5.068	1771879282.100
637	300.000	-0.001	300.000	1.896	2.746	1771879282.349
638	300.000	-0.051	300.002	2.295	0.087	1771879282.602
639	300.000	0.036	299.996	2.027	3.812	1771879282.846
640	300.000	0.012	299.996	1.494	1.283	1771879283.098
641	300.000	0.003	299.999	1.576	5.908	1771879283.351
642	300.000	-0.025	299.999	2.049	3.023	1771879283.663
643	300.000	-0.023	300.001	2.646	0.363	1771879283.914
644	300.000	-0.027	300.001	1.625	3.914	1771879284.165
645	300.000	-0.044	299.998	1.448	1.878	1771879284.376
646	300.000	0.039	299.997	2.184	0.091	1771879284.650
647	300.000	-0.000	300.000	2.277	3.533	1771879284.904
648	300.000	0.002	300.000	1.811	0.912	1771879285.161
649	300.000	-0.020	300.001	1.256	5.338	1771879285.416
650	300.000	-0.041	300.000	2.369	3.114	1771879285.648
651	300.000	-0.036	299.997	2.533	0.436	1771879285.902
652	300.000	0.027	299.997	1.234	4.292	1771879286.161
653	300.000	0.003	300.000	1.479	2.007	1771879286.421
654	300.000	-0.033	300.002	2.168	0.117	1771879286.652
655	300.000	-0.010	299.999	2.243	3.493	1771879286.919
656	300.000	-0.001	300.003	1.969	0.753	1771879287.163
657	300.000	-0.029	300.004	1.284	5.622	1771879287.425
658	300.000	0.015	300.001	2.431	3.009	1771879287.667
659	300.000	-0.007	300.001	2.562	0.396	1771879287.900
660	300.000	-0.029	300.001	1.366	4.239	1771879288.160
661	300.000	0.040	299.998	1.456	2.401	1771879288.383
662	300.000	-0.013	299.997	2.158	0.111	1771879288.644
663	300.000	0.023	299.995	2.103	3.508	1771879288.926
664	300.000	-0.027	299.999	2.233	0.507	1771879289.231
665	300.000	-0.029	300.001	1.043	4.596	1771879289.460
666	300.000	0.010	300.000	1.496	2.466	1771879289.749
667	300.000	0.014	300.000	1.634	6.054	1771879290.045
668	300.000	-0.030	299.999	2.479	3.128	1771879290.286
669	300.000	0.001	300.002	2.483	0.507	1771879290.506
670	300.000	-0.011	300.004	1.175	5.199	1771879290.786
671	300.000	0.027	299.999	1.875	2.677	1771879291.021
672	300.000	0.017	300.001	2.469	0.195	1771879291.256
673	300.000	0.016	300.002	1.612	3.818	1771879291.539
674	300.000	0.023	300.009	1.709	0.924	1771879291.778
675	300.000	0.020	300.003	1.447	5.841	1771879292.034
676	300.000	-0.015	300.002	2.520	3.144	1771879292.268
677	300.000	-0.005	300.000	2.399	0.476	1771879292.534
678	300.000	-0.005	299.997	1.232	4.387	1771879292.782
679	300.000	-0.027	300.001	1.426	2.390	1771879293.077
680	300.000	0.000	300.000	2.067	0.008	1771879293.317
681	300.000	-0.049	300.000	2.264	3.523	1771879293.573
682	300.000	0.002	299.999	1.796	0.920	1771879293.814
683	300.000	-0.005	300.002	1.262	5.726	1771879294.084
684	300.000	-0.031	300.001	2.351	3.173	1771879294.321
685	300.000	0.092	300.000	2.498	0.376	1771879294.560
686	300.000	-0.001	300.002	1.154	4.266	1771879294.817
687	300.000	0.031	300.003	1.332	2.089	1771879295.065
688	300.000	-0.029	299.996	2.151	0.100	1771879295.325
689	300.000	0.071	299.998	2.324	3.440	1771879295.584
690	300.000	-0.011	299.999	2.110	0.581	1771879295.899
691	300.000	0.012	300.000	1.268	4.068	1771879296.197
692	300.000	-0.012	300.001	1.299	1.296	1771879296.447
693	300.000	0.024	300.002	1.280	5.626	1771879296.763
694	300.000	-0.013	299.999	1.711	2.722	1771879297.061
695	300.000	-0.029	300.002	1.969	6.262	1771879297.312
696	300.000	-0.028	299.997	1.921	3.706	1771879297.569
697	300.000	-0.015	300.002	1.730	1.032	1771879297.803
698	300.000	0.014	300.002	1.406	5.853	1771879298.034
699	300.000	0.035	300.000	2.261	3.067	1771879298.323
700	300.000	0.065	300.002	2.405	0.447	1771879298.566
701	300.000	0.016	300.001	1.303	4.267	1771879298.832
702	300.000	-0.003	300.001	1.421	2.204	1771879299.061
703	300.000	-0.038	300.005	1.927	0.037	1771879299.333
704	300.000	-0.011	300.000	2.286	3.247	1771879299.614
705	300.000	-0.033	300.002	2.255	0.438	1771879299.879
706	300.000	0.000	299.995	1.272	4.199	1771879300.135
707	300.000	-0.022	300.001	1.142	1.546	1771879300.457
708	300.000	-0.041	299.999	1.186	5.615	1771879300.749
709	300.000	0.001	299.999	2.292	2.960	1771879300.990
710	300.000	0.015	299.998	2.341	0.372	1771879301.250
711	300.000	-0.005	300.001	1.730	3.777	1771879301.508
712	300.000	-0.061	300.001	1.506	1.274	1771879301.759
713	300.000	0.002	299.997	1.556	6.139	1771879302.004
714	300.000	0.039	299.997	2.382	3.369	1771879302.249
715	300.000	-0.001	300.003	2.342	0.534	1771879302.515
716	300.000	0.046	300.002	1.119	5.237	1771879302.757
717	300.000	0.010	300.001	2.110	2.916	1771879303.009
718	300.000	-0.048	300.000	2.246	0.278	1771879303.237
719	300.000	0.022	300.003	1.318	3.949	1771879303.507
720	300.000	-0.044	299.998	1.421	1.301	1771879303.767
721	300.000	0.043	299.999	1.511	6.004	1771879304.069
722	300.000	-0.003	299.999	2.218	2.984	1771879304.303
723	300.000	0.005	299.998	2.338	0.445	1771879304.573
724	300.000	0.009	299.998	1.316	4.166	1771879304.814
725	300.000	0.030	300.000	1.543	2.391	1771879305.063
726	300.000	0.011	299.999	1.843	0.058	1771879305.315
727	300.000	-0.014	300.002	1.986	3.558	1771879305.541
728	300.000	-0.005	300.003	1.719	1.052	1771879305.818
729	300.000	-0.030	300.004	1.272	5.910	1771879306.050
730	300.000	-0.049	299.996	2.311	3.138	1771879306.340
731	300.000	0.033	299.999	2.111	0.238	1771879306.634
732	300.000	0.043	300.000	2.150	3.616	1771879306.892
733	300.000	0.072	299.999	1.659	0.972	1771879307.134
734	300.000	0.011	300.000	1.247	5.837	1771879307.393
735	300.000	0.031	300.003	2.223	3.115	1771879307.654
736	300.000	-0.040	300.001	2.209	0.272	1771879307.942
737	300.000	-0.013	299.999	1.530	3.879	1771879308.175
738	300.000	0.007	300.004	1.415	1.347	1771879308.451
739	300.000	0.012	299.998	1.437	6.071	1771879308.681
740	300.000	0.012	300.001	2.366	3.351	1771879308.958
741	300.000	-0.017	300.000	2.219	0.445	1771879309.240
742	300.000	-0.009	299.999	1.346	4.163	1771879309.496
743	300.000	-0.037	300.001	1.415	2.168	1771879309.721
744	300.000	-0.014	299.998	1.707	6.253	1771879310.020
745	300.000	0.048	299.995	2.131	3.096	1771879310.320
746	300.000	-0.017	300.000	2.418	0.407	1771879310.585
747	300.000	-0.024	299.999	1.583	3.835	1771879310.885
748	300.000	0.021	300.003	1.509	1.189	1771879311.108
749	300.000	-0.025	300.000	1.461	6.127	1771879311.369
750	300.000	0.003	299.999	2.250	3.164	1771879311.630
751	300.000	-0.005	300.003	2.337	0.644	1771879311.878
752	300.000	-0.057	300.001	0.984	4.693	1771879312.134
753	300.000	0.047	300.002	1.630	2.623	1771879312.373
754	300.000	-0.035	300.001	2.134	0.180	1771879312.624
755	300.000	0.027	300.000	1.854	3.711	1771879312.861
756	300.000	-0.009	300.000	1.297	1.328	1771879313.124
757	300.000	-0.025	300.001	1.565	6.103	1771879313.359
758	300.000	-0.063	300.000	2.291	3.137	1771879313.642
759	300.000	0.008	299.999	2.458	0.497	1771879313.873
760	300.000	-0.010	300.002	1.089	5.134	1771879314.121
761	300.000	-0.074	299.999	1.708	2.685	1771879314.373
762	300.000	0.013	299.999	2.197	0.208	1771879314.641
763	300.000	0.011	299.999	1.705	3.698	1771879314.887
764	300.000	0.034	299.999	1.473	1.149	1771879315.117
765	300.000	-0.051	300.001	1.456	6.010	1771879315.381
766	300.000	-0.001	300.001	2.341	3.253	1771879315.606
767	300.000	-0.013	300.000	2.095	0.601	1771879315.882
768	300.000	-0.060	300.005	0.997	4.479	1771879316.136
769	300.000	-0.063	299.999	1.806	2.720	1771879316.375
770	300.000	-0.032	300.001	2.143	0.173	1771879316.626
771	300.000	0.033	299.999	1.869	3.605	1771879316.871
772	300.000	0.041	300.000	1.793	1.108	1771879317.130
773	300.000	-0.000	299.998	1.369	5.994	1771879317.349
774	300.000	0.056	300.000	2.189	3.175	1771879317.631
775	300.000	0.010	300.002	2.425	0.512	1771879317.885
776	300.000	0.015	300.002	1.225	4.483	1771879318.136
777	300.000	0.021	299.998	1.411	2.152	1771879318.391
778	300.000	-0.033	299.999	2.053	0.089	1771879318.628
779	300.000	-0.028	299.999	2.041	3.498	1771879318.883
780	300.000	0.009	299.998	1.773	0.868	1771879319.126
781	300.000	-0.007	300.001	1.122	5.566	1771879319.392
782	300.000	-0.014	300.001	2.128	2.958	1771879319.636
783	300.000	-0.014	299.998	2.541	0.404	1771879319.883
784	300.000	0.021	300.000	1.250	4.198	1771879320.121
785	300.000	0.034	299.998	1.395	2.184	1771879320.363
786	300.000	-0.018	300.002	2.150	0.205	1771879320.614
787	300.000	-0.007	300.000	1.797	3.632	1771879320.859
788	300.000	0.005	299.997	1.637	1.133	1771879321.135
789	300.000	0.012	300.001	1.071	5.540	1771879321.397
790	300.000	0.008	300.000	1.763	2.920	1771879321.702
791	300.000	-0.045	299.999	2.312	0.280	1771879321.924
792	300.000	-0.010	299.999	1.737	3.834	1771879322.196
793	300.000	-0.029	300.000	1.671	1.154	1771879322.421
794	300.000	-0.002	300.005	1.398	6.111	1771879322.693
795	300.000	-0.018	300.000	2.137	3.081	1771879322.948
796	300.000	-0.002	299.996	2.447	0.510	1771879323.181
797	300.000	0.007	299.999	1.261	4.244	1771879323.466
798	300.000	0.012	300.001	1.366	2.028	1771879323.722
799	300.000	-0.004	299.993	1.812	0.107	1771879323.962
800	300.000	-0.011	300.004	2.172	3.449	1771879324.198
801	300.000	-0.034	300.001	1.985	0.751	1771879324.444
802	300.000	-0.003	299.998	1.079	5.755	1771879324.705
803	300.000	0.015	299.998	2.023	3.025	1771879324.971
804	300.000	0.019	300.002	2.559	0.422	1771879325.210
805	300.000	-0.004	300.002	1.297	4.184	1771879325.437
806	300.000	0.002	300.000	1.208	2.119	1771879325.706
807	300.000	-0.012	299.998	2.070	0.219	1771879325.944
808	300.000	0.034	299.998	1.944	3.555	1771879326.201
809	300.000	-0.018	299.997	2.064	0.715	1771879326.449
810	300.000	0.048	299.999	0.996	5.658	1771879326.713
811	300.000	0.002	299.999	2.008	2.955	1771879326.947
812	300.000	0.000	300.002	2.547	0.419	1771879327.207
813	300.000	0.007	299.999	1.403	3.899	1771879327.469
814	300.000	0.004	300.000	1.270	1.847	1771879327.704
815	300.000	-0.031	300.002	1.987	0.221	1771879327.960
816	300.000	0.044	299.996	2.245	3.343	1771879328.183
817	300.000	0.004	300.003	1.844	0.740	1771879328.452
818	300.000	-0.023	300.002	0.900	5.189	1771879328.702
819	300.000	-0.053	299.999	2.059	3.045	1771879328.959
820	300.000	0.022	300.001	2.430	0.315	1771879329.219
821	300.000	-0.011	300.002	1.762	3.536	1771879329.508
822	300.000	-0.024	299.999	2.113	0.711	1771879329.770
823	300.000	0.018	300.001	0.999	5.557	1771879330.027
824	300.000	0.040	300.000	2.029	2.996	1771879330.267
825	300.000	-0.024	300.000	2.518	0.371	1771879330.531
826	300.000	-0.021	299.999	1.328	4.096	1771879330.768
827	300.000	-0.029	299.999	1.269	1.999	1771879330.995
828	300.000	0.017	300.000	2.016	0.111	1771879331.261
829	300.000	-0.006	300.000	2.132	3.469	1771879331.506
830	300.000	-0.034	300.003	2.034	0.696	1771879331.794
831	300.000	0.054	299.999	0.860	4.654	1771879332.085
832	300.000	-0.028	300.003	1.523	2.453	1771879332.323
833	300.000	-0.010	299.997	2.138	0.267	1771879332.598
834	300.000	-0.011	300.001	2.014	3.574	1771879332.840
835	300.000	0.046	300.003	1.762	0.919	1771879333.061
836	300.000	-0.039	299.997	1.193	5.808	1771879333.339
837	300.000	-0.018	300.003	2.126	3.178	1771879333.596
838	300.000	-0.036	299.997	2.459	0.426	1771879333.849
839	300.000	0.035	300.008	1.336	3.974	1771879334.165
840	300.000	-0.049	300.002	1.628	0.793	1771879334.462
841	300.000	-0.003	300.000	0.904	4.327	1771879334.771
842	300.000	-0.039	300.003	1.187	1.975	1771879335.009
843	300.000	-0.039	299.997	2.124	0.184	1771879335.261
844	300.000	0.018	299.997	2.009	3.523	1771879335.504
845	300.000	-0.004	299.996	1.805	0.818	1771879335.774
846	300.000	-0.014	300.000	1.107	5.793	1771879336.006
847	300.000	0.059	300.001	2.137	3.102	1771879336.284
848	300.000	-0.036	300.000	2.364	0.337	1771879336.526
849	300.000	0.002	300.001	1.243	4.029	1771879336.800
850	300.000	-0.021	300.002	1.330	1.032	1771879337.088
851	300.000	-0.009	300.002	0.792	5.422	1771879337.406
852	300.000	-0.051	299.998	1.852	2.693	1771879337.628
853	300.000	-0.025	300.002	2.280	0.339	1771879337.894
854	300.000	-0.010	299.998	1.599	3.806	1771879338.125
855	300.000	0.018	299.998	1.166	1.592	1771879338.390
856	300.000	0.032	300.000	1.482	6.205	1771879338.632
857	300.000	-0.019	300.000	2.302	3.259	1771879338.907
858	300.000	0.013	299.998	2.339	0.464	1771879339.192
859	300.000	0.015	300.003	1.179	4.076	1771879339.463
860	300.000	0.010	299.999	1.232	1.785	1771879339.687
861	300.000	0.005	300.003	1.716	0.143	1771879339.963
862	300.000	0.019	299.998	2.267	3.333	1771879340.191
863	300.000	0.048	300.001	1.874	0.849	1771879340.465
864	300.000	-0.007	300.003	0.818	5.568	1771879340.725
865	300.000	0.007	299.999	1.520	2.718	1771879341.028
866	300.000	-0.001	299.997	1.890	0.169	1771879341.329
867	300.000	0.010	299.999	2.088	3.266	1771879341.583
868	300.000	-0.038	300.001	2.346	0.571	1771879341.832
869	300.000	0.014	300.000	0.632	4.955	1771879342.112
870	300.000	0.020	299.998	1.205	2.259	1771879342.408
871	300.000	-0.013	300.001	1.918	0.160	1771879342.644
872	300.000	0.000	300.003	1.970	3.471	1771879342.908
873	300.000	-0.028	300.000	2.115	0.654	1771879343.139
874	300.000	-0.032	300.001	0.756	5.558	1771879343.396
875	300.000	-0.034	299.999	1.599	2.815	1771879343.648
876	300.000	-0.001	299.999	2.661	0.413	1771879343.876
877	300.000	-0.012	299.996	0.820	4.406	1771879344.146
878	300.000	-0.027	300.000	1.441	2.493	1771879344.399
879	300.000	0.010	299.999	1.916	0.136	1771879344.702
880	300.000	-0.007	300.001	2.233	3.270	1771879344.935
881	300.000	-0.036	299.995	2.456	0.459	1771879345.218
882	300.000	-0.014	300.000	0.832	4.380	1771879345.449
883	300.000	-0.004	299.997	1.359	2.540	1771879345.708
884	300.000	-0.021	300.004	2.139	0.282	1771879345.962
885	300.000	0.006	299.999	1.674	3.517	1771879346.210
886	300.000	0.010	300.002	1.532	0.931	1771879346.454
887	300.000	-0.029	299.997	1.469	6.272	1771879346.684
888	300.000	0.009	299.997	2.133	3.185	1771879346.964
889	300.000	0.011	300.001	2.455	0.458	1771879347.198
890	300.000	-0.034	300.001	1.098	3.889	1771879347.528
891	300.000	0.040	300.001	1.460	1.056	1771879347.758
892	300.000	-0.011	300.002	1.478	6.093	1771879348.016
893	300.000	0.029	299.999	2.153	3.186	1771879348.244
894	300.000	-0.009	299.998	2.260	0.507	1771879348.520
895	300.000	0.006	300.003	0.722	4.842	1771879348.749
896	300.000	-0.008	299.998	1.527	2.697	1771879349.034
897	300.000	0.011	300.002	1.742	0.119	1771879349.317
898	300.000	-0.039	300.001	2.193	3.160	1771879349.578
899	300.000	-0.030	300.002	2.233	0.516	1771879349.817
900	300.000	-0.004	300.000	0.770	5.011	1771879350.092
901	300.000	0.029	299.999	1.538	2.533	1771879350.316
902	300.000	0.036	300.003	2.439	0.305	1771879350.581
903	300.000	-0.073	300.001	1.670	3.445	1771879350.866
904	300.000	-0.042	299.997	2.064	0.525	1771879351.162
905	300.000	0.036	299.999	0.909	4.034	1771879351.456
906	300.000	0.003	300.001	1.131	1.348	1771879351.709
907	300.000	0.041	300.003	1.788	0.102	1771879351.927
908	300.000	-0.025	299.998	2.039	3.346	1771879352.205
909	300.000	0.023	300.002	2.149	0.603	1771879352.450
910	300.000	0.015	299.998	0.834	4.190	1771879352.776
911	300.000	0.031	300.000	1.105	2.151	1771879353.035
912	300.000	0.015	300.001	1.745	0.043	1771879353.295
913	300.000	-0.024	299.999	2.062	3.123	1771879353.594
914	300.000	-0.062	300.000	2.512	0.439	1771879353.828
915	300.000	0.027	299.998	0.730	4.256	1771879354.083
916	300.000	0.005	299.999	1.089	1.880	1771879354.332
917	300.000	0.017	300.004	1.890	0.116	1771879354.598
918	300.000	0.051	299.999	1.913	3.248	1771879354.875
919	300.000	-0.014	300.001	2.339	0.515	1771879355.122
920	300.000	-0.013	300.000	0.678	4.906	1771879355.379
921	300.000	0.022	300.002	1.075	2.117	1771879355.689
922	300.000	-0.007	300.002	1.776	0.100	1771879355.915
923	300.000	-0.003	299.996	1.910	3.335	1771879356.191
924	300.000	-0.045	299.999	2.331	0.511	1771879356.472
925	300.000	0.033	300.000	0.826	4.240	1771879356.741
926	300.000	-0.044	300.001	1.176	2.151	1771879356.970
927	300.000	0.032	300.000	2.179	0.245	1771879357.235
928	300.000	-0.001	300.002	1.583	3.516	1771879357.473
929	300.000	0.008	300.000	1.298	1.125	1771879357.744
930	300.000	0.022	300.000	1.061	5.979	1771879357.990
931	300.000	-0.019	300.001	2.096	3.151	1771879358.235
932	300.000	0.019	299.998	2.325	0.512	1771879358.478
933	300.000	0.029	299.999	0.743	5.021	1771879358.722
934	300.000	0.084	300.001	1.177	2.381	1771879358.999
935	300.000	0.001	300.000	2.133	0.207	1771879359.224
936	300.000	0.039	300.001	1.632	3.369	1771879359.513
937	300.000	0.017	300.000	2.295	0.460	1771879359.795
938	300.000	0.017	300.003	0.671	4.352	1771879360.056
939	300.000	0.020	300.001	1.718	2.586	1771879360.296
940	300.000	0.056	299.999	2.572	0.306	1771879360.564
941	300.000	0.050	299.998	2.122	0.271	1771879360.791
942	300.000	0.036	299.998	0.868	3.911	1771879361.053
943	300.000	-0.030	300.000	1.172	0.773	1771879361.306
944	300.000	0.008	300.000	1.042	6.065	1771879361.539
945	300.000	-0.008	300.004	1.175	2.256	1771879361.808
946	300.000	0.005	299.999	1.946	0.150	1771879362.038
947	300.000	0.017	300.002	1.664	3.440	1771879362.300
948	300.000	0.006	300.003	1.529	0.686	1771879362.547
949	300.000	0.020	300.001	1.129	6.218	1771879362.795
950	300.000	-0.009	299.999	1.985	3.017	1771879363.056
951	300.000	-0.004	300.000	2.375	0.361	1771879363.291
952	300.000	0.053	299.999	0.644	4.410	1771879363.554
953	300.000	-0.027	300.000	1.337	2.514	1771879363.785
954	300.000	0.016	300.006	2.035	0.250	1771879364.050
955	300.000	0.029	299.998	1.730	3.370	1771879364.312
956	300.000	0.045	300.001	1.846	0.539	1771879364.622
957	300.000	-0.028	300.001	0.587	5.448	1771879364.853
958	300.000	-0.001	300.001	1.756	2.879	1771879365.109
959	300.000	-0.019	300.000	2.306	0.339	1771879365.359
960	300.000	0.020	299.998	0.840	3.718	1771879365.614
961	300.000	0.031	300.001	1.111	1.139	1771879365.865
962	300.000	-0.009	300.001	1.636	0.056	1771879366.117
963	300.000	0.038	299.998	1.973	3.123	1771879366.368
964	300.000	0.010	300.000	2.198	0.473	1771879366.673
965	300.000	-0.017	300.001	0.783	3.930	1771879366.909
966	300.000	0.018	299.998	0.985	2.367	1771879367.182
967	300.000	0.015	299.999	1.474	0.168	1771879367.442
968	300.000	-0.007	300.000	1.836	3.033	1771879367.728
969	300.000	-0.034	299.999	2.406	0.410	1771879367.958
970	300.000	-0.007	299.998	0.526	4.318	1771879368.256
971	300.000	0.018	299.998	1.040	1.662	1771879368.490
972	300.000	0.030	300.003	1.763	0.178	1771879368.770
973	300.000	-0.003	300.000	2.101	3.160	1771879369.014
974	300.000	0.012	300.002	2.165	0.525	1771879369.256
975	300.000	0.087	300.000	0.984	5.951	1771879369.502
976	300.000	-0.045	299.998	1.621	2.817	1771879369.768
977	300.000	-0.003	299.999	2.364	0.318	1771879370.020
978	300.000	-0.030	300.002	1.476	3.309	1771879370.318
979	300.000	-0.023	300.001	1.964	0.589	1771879370.567
980	300.000	-0.013	299.999	1.056	6.016	1771879370.818
981	300.000	-0.031	299.999	1.840	2.887	1771879371.063
982	300.000	0.018	300.000	2.449	0.385	1771879371.295
983	300.000	0.007	300.001	0.810	3.837	1771879371.577
984	300.000	0.024	300.001	0.999	1.285	1771879371.824
985	300.000	0.025	299.999	1.692	0.150	1771879372.091
986	300.000	-0.018	300.000	1.855	3.079	1771879372.397
987	300.000	0.000	300.000	2.451	0.291	1771879372.642
988	300.000	-0.010	300.001	0.514	4.599	1771879372.848
989	300.000	-0.004	300.003	1.436	2.647	1771879373.122
990	300.000	0.012	299.999	2.131	0.234	1771879373.371
991	300.000	0.024	299.997	1.300	3.649	1771879373.628
992	300.000	0.029	299.998	1.380	0.767	1771879373.876
993	300.000	-0.005	300.004	1.072	6.152	1771879374.101
994	300.000	-0.005	300.001	1.779	2.967	1771879374.383
995	300.000	-0.031	299.999	2.444	0.366	1771879374.622
996	300.000	-0.022	300.002	0.482	4.335	1771879374.885
997	300.000	0.017	299.999	1.127	2.434	1771879375.119
998	300.000	-0.018	300.001	1.883	0.151	1771879375.395
999	300.000	0.028	299.998	1.514	3.418	1771879375.649
1000	300.000	0.004	300.001	1.989	0.530	1771879375.895
1001	300.000	-0.062	300.003	0.615	5.278	1771879376.145
1002	300.000	0.000	300.002	1.298	2.564	1771879376.413
1003	300.000	-0.012	300.001	1.713	0.111	1771879376.693
1004	300.000	-0.030	300.001	1.897	3.149	1771879376.975
1005	300.000	0.040	299.999	2.404	0.416	1771879377.212
1006	300.000	-0.015	299.999	0.657	5.420	1771879377.461
1007	300.000	-0.021	299.998	1.404	2.572	1771879377.704
1008	300.000	0.023	300.000	2.428	0.300	1771879377.956
1009	300.000	0.030	299.999	1.110	3.519	1771879378.221
1010	300.000	0.008	300.000	1.756	0.658	1771879378.519
1011	300.000	-0.009	300.002	0.695	5.702	1771879378.765
1012	300.000	-0.047	300.001	1.541	2.699	1771879379.030
1013	300.000	0.020	300.002	2.434	0.266	1771879379.263
1014	300.000	0.023	300.003	0.633	3.961	1771879379.530
1015	300.000	-0.057	300.000	0.863	1.694	1771879379.768
1016	300.000	-0.000	300.003	1.614	0.010	1771879380.031
1017	300.000	-0.015	299.999	1.991	3.230	1771879380.269
1018	300.000	0.009	299.997	2.028	0.529	1771879380.513
1019	300.000	0.017	300.000	0.915	6.050	1771879380.759
1020	300.000	0.092	299.997	1.642	2.751	1771879380.992
1021	300.000	0.000	300.004	2.514	0.375	1771879381.257
1022	300.000	-0.011	300.000	0.859	3.840	1771879381.526
1023	300.000	0.034	300.006	0.898	1.633	1771879381.747
1024	300.000	0.025	300.002	1.662	0.081	1771879382.025
1025	300.000	-0.014	300.004	1.909	3.277	1771879382.246
1026	300.000	0.009	300.005	1.688	0.543	1771879382.535
1027	300.000	-0.041	299.998	0.646	5.571	1771879382.788
1028	300.000	0.065	299.998	1.738	2.746	1771879383.056
1029	300.000	0.016	300.000	2.236	0.220	1771879383.272
1030	300.000	-0.011	300.000	1.155	3.508	1771879383.565
1031	300.000	0.027	299.999	1.400	0.756	1771879383.799
1032	300.000	0.060	300.002	1.085	6.142	1771879384.083
1033	300.000	0.039	299.998	1.443	2.825	1771879384.380
1034	300.000	-0.044	299.999	1.509	0.052	1771879384.689
1035	300.000	0.013	300.000	1.990	3.124	1771879384.933
1036	300.000	-0.014	299.996	2.189	0.470	1771879385.172
1037	300.000	0.009	300.003	0.563	5.250	1771879385.447
1038	300.000	-0.013	299.998	0.880	2.337	1771879385.748
1039	300.000	-0.021	300.002	1.904	0.065	1771879385.984
1040	300.000	0.016	299.997	1.720	3.193	1771879386.247
1041	300.000	-0.057	299.998	1.771	0.652	1771879386.490
1042	300.000	0.037	300.002	0.936	6.015	1771879386.736
1043	300.000	-0.000	300.003	1.800	2.865	1771879386.955
1044	300.000	-0.035	300.002	2.361	0.296	1771879387.236
1045	300.000	0.004	300.002	0.820	3.750	1771879387.490
1046	300.000	-0.052	299.999	0.806	1.543	1771879387.762
1047	300.000	0.053	299.998	1.587	0.020	1771879388.016
1048	300.000	0.012	300.001	1.834	3.227	1771879388.259
1049	300.000	-0.015	300.003	2.215	0.334	1771879388.506
1050	300.000	-0.058	300.000	0.740	5.603	1771879388.780
1051	300.000	-0.011	300.000	1.264	2.657	1771879389.063
1052	300.000	-0.026	300.000	1.499	6.254	1771879389.337
1053	300.000	0.001	299.999	1.822	3.071	1771879389.625
1054	300.000	0.029	299.999	2.437	0.388	1771879389.872
1055	300.000	-0.032	300.003	0.652	5.681	1771879390.114
1056	300.000	-0.012	300.004	0.936	1.996	1771879390.384
1057	300.000	0.000	300.001	1.837	0.108	1771879390.611
1058	300.000	-0.013	299.999	1.629	3.247	1771879390.879
1059	300.000	-0.017	300.002	2.276	0.460	1771879391.131
1060	300.000	-0.008	300.001	0.597	5.401	1771879391.367
1061	300.000	-0.007	300.003	2.013	3.027	1771879391.636
1062	300.000	0.001	300.001	2.367	0.263	1771879391.856
1063	300.000	-0.014	300.001	0.506	5.520	1771879392.126
1064	300.000	-0.005	300.002	1.112	1.100	1771879392.372
1065	300.000	-0.007	300.003	1.368	6.198	1771879392.639
1066	300.000	-0.013	300.001	1.934	3.049	1771879392.896
1067	300.000	-0.064	300.000	2.514	0.363	1771879393.122
1068	300.000	0.012	299.998	0.492	4.783	1771879393.392
1069	300.000	0.044	300.000	1.170	2.506	1771879393.659
1070	300.000	-0.010	299.998	2.222	0.165	1771879393.891
1071	300.000	-0.024	299.998	1.432	3.462	1771879394.119
1072	300.000	0.042	299.999	1.525	0.755	1771879394.400
1073	300.000	0.026	300.001	0.959	6.067	1771879394.646
1074	300.000	-0.051	300.001	1.398	2.718	1771879394.947
1075	300.000	-0.026	299.999	2.395	0.279	1771879395.171
1076	300.000	0.006	299.997	1.184	3.423	1771879395.455
1077	300.000	-0.011	300.001	1.282	0.879	1771879395.664
1078	300.000	-0.014	300.003	1.951	0.034	1771879395.901
1079	300.000	-0.012	300.001	1.339	3.463	1771879396.160
1080	300.000	-0.059	300.000	1.462	0.691	1771879396.445
1081	300.000	-0.016	299.999	0.566	5.607	1771879396.707
1082	300.000	-0.017	300.001	1.800	2.880	1771879396.937
1083	300.000	-0.032	299.999	2.381	0.240	1771879397.201
1084	300.000	-0.020	300.002	0.903	3.529	1771879397.455
1085	300.000	0.021	300.000	0.843	1.562	1771879397.689
1086	300.000	0.002	300.000	1.672	0.051	1771879397.935
1087	300.000	-0.027	300.002	1.745	3.188	1771879398.217
1088	300.000	-0.098	300.001	2.117	0.429	1771879398.451
1089	300.000	0.032	299.999	0.663	5.656	1771879398.712
1090	300.000	-0.004	300.002	1.192	2.508	1771879398.961
1091	300.000	0.013	299.999	2.362	0.158	1771879399.211
1092	300.000	-0.012	300.004	1.257	3.507	1771879399.469
1093	300.000	-0.007	299.999	1.134	1.119	1771879399.683
1094	300.000	0.004	300.002	1.836	0.097	1771879399.947
1095	300.000	-0.039	299.996	1.728	3.157	1771879400.190
1096	300.000	0.045	299.998	1.936	0.490	1771879400.479
1097	300.000	0.028	300.002	0.589	5.470	1771879400.705
1098	300.000	0.011	299.998	1.527	2.788	1771879400.988
1099	300.000	0.027	299.998	2.443	0.175	1771879401.213
1100	300.000	0.009	299.999	1.254	3.429	1771879401.473
1101	300.000	0.026	299.999	1.184	1.041	1771879401.726
1102	300.000	0.028	300.003	1.138	6.072	1771879401.987
1103	300.000	0.003	299.999	2.089	3.055	1771879402.220
1104	300.000	-0.037	300.002	1.027	2.091	1771879402.459
1105	300.000	-0.009	299.999	2.114	0.135	1771879402.739
1106	300.000	-0.016	300.002	0.874	5.987	1771879402.960
1107	300.000	-0.005	300.000	0.954	3.387	1771879403.226
1108	300.000	0.028	300.003	1.459	0.492	1771879403.484
1109	300.000	-0.062	299.999	0.304	4.913	1771879403.741
1110	300.000	0.005	300.001	1.534	2.719	1771879403.996
1111	300.000	-0.006	299.998	2.120	0.216	1771879404.222
1112	300.000	-0.024	300.003	0.685	3.828	1771879404.479
1113	300.000	0.008	300.000	0.802	1.696	1771879404.732
1114	300.000	0.052	299.998	1.572	0.172	1771879404.988
1115	300.000	-0.010	299.997	1.552	3.295	1771879405.233
1116	300.000	0.055	299.998	1.141	0.658	1771879405.495
1117	300.000	0.056	299.998	1.046	6.212	1771879405.728
1118	300.000	0.034	300.002	1.908	3.045	1771879405.999
1119	300.000	0.044	300.000	2.137	0.339	1771879406.229
1120	300.000	-0.007	300.000	0.404	4.492	1771879406.455
1121	300.000	0.018	299.998	1.082	2.560	1771879406.731
1122	300.000	-0.020	300.004	1.654	0.176	1771879406.978
1123	300.000	-0.029	299.995	1.399	3.228	1771879407.255
1124	300.000	0.013	300.001	1.394	0.696	1771879407.479
1125	300.000	-0.051	299.999	1.452	0.157	1771879407.721
1126	300.000	0.017	299.998	1.690	3.149	1771879408.001
1127	300.000	-0.033	300.000	1.725	0.429	1771879408.225
1128	300.000	0.083	299.997	1.098	3.319	1771879408.516
1129	300.000	0.002	299.999	1.151	0.739	1771879408.813
1130	300.000	0.018	300.000	1.685	0.182	1771879409.051
1131	300.000	0.050	299.999	1.526	3.166	1771879409.291
1132	300.000	-0.004	300.001	1.708	0.424	1771879409.565
1133	300.000	0.016	300.003	1.414	0.169	1771879409.831
1134	300.000	0.051	300.001	1.287	2.818	1771879410.124
1135	300.000	0.021	299.997	2.106	0.376	1771879410.341
1136	300.000	0.003	299.999	0.572	3.616	1771879410.620
1137	300.000	-0.011	299.997	0.741	1.474	1771879410.847
1138	300.000	0.012	300.002	1.988	0.298	1771879411.108
1139	300.000	0.063	299.997	0.694	3.606	1771879411.366
1140	300.000	-0.009	300.000	0.660	1.377	1771879411.627
1141	300.000	-0.009	300.003	1.375	0.054	1771879411.877
1142	300.000	-0.007	300.004	1.871	3.176	1771879412.089
1143	300.000	0.028	300.001	1.855	0.495	1771879412.368
1144	300.000	-0.019	300.001	0.405	5.937	1771879412.614
1145	300.000	0.014	300.000	1.192	2.694	1771879412.875
1146	300.000	0.009	300.001	1.961	0.333	1771879413.107
1147	300.000	0.016	299.998	1.513	3.255	1771879413.377
1148	300.000	0.000	300.001	1.740	0.402	1771879413.614
1149	300.000	-0.004	300.003	0.861	6.233	1771879413.870
1150	300.000	-0.035	300.002	1.559	2.979	1771879414.133
1151	300.000	0.054	300.002	2.239	0.399	1771879414.350
1152	300.000	0.010	300.000	0.200	4.793	1771879414.612
1153	300.000	0.008	300.002	0.831	2.496	1771879414.866
1154	300.000	-0.027	299.999	1.833	0.202	1771879415.120
1155	300.000	-0.032	299.996	1.646	3.281	1771879415.369
1156	300.000	0.031	300.002	0.813	0.914	1771879415.590
1157	300.000	-0.020	300.006	1.648	0.174	1771879415.862
1158	300.000	0.049	299.999	1.261	3.199	1771879416.114
1159	300.000	-0.017	300.001	1.343	0.532	1771879416.370
1160	300.000	-0.008	300.000	0.374	5.545	1771879416.620
1161	300.000	0.073	300.000	0.924	2.481	1771879416.877
1162	300.000	0.015	299.999	1.795	0.207	1771879417.119
1163	300.000	-0.002	299.996	1.543	2.981	1771879417.395
1164	300.000	-0.022	300.000	2.145	0.333	1771879417.635
1165	300.000	-0.006	300.001	1.101	6.281	1771879417.851
1166	300.000	-0.032	299.997	1.497	3.025	1771879418.140
1167	300.000	0.036	299.999	2.030	0.349	1771879418.394
1168	300.000	-0.039	300.001	0.562	6.082	1771879418.642
1169	300.000	0.003	299.998	0.798	2.541	1771879418.886
1170	300.000	-0.039	300.001	2.067	0.321	1771879419.127
1171	300.000	-0.005	300.000	1.126	3.298	1771879419.389
1172	300.000	-0.008	300.002	1.283	0.674	1771879419.633
1173	300.000	-0.024	300.000	1.275	0.160	1771879419.881
1174	300.000	0.042	299.999	1.644	3.038	1771879420.120
1175	300.000	-0.008	300.000	1.889	0.524	1771879420.382
1176	300.000	0.002	300.004	0.967	6.151	1771879420.635
1177	300.000	-0.038	300.000	1.556	3.146	1771879420.885
1178	300.000	-0.057	300.000	1.997	0.413	1771879421.135
1179	300.000	0.033	300.003	0.348	3.501	1771879421.426
1180	300.000	0.007	299.998	0.584	1.464	1771879421.658
1181	300.000	-0.002	300.004	2.040	0.408	1771879421.908
1182	300.000	0.040	299.998	0.465	3.666	1771879422.160
1183	300.000	-0.016	300.000	0.601	0.920	1771879422.396
1184	300.000	-0.016	299.999	1.995	0.458	1771879422.670
1185	300.000	-0.046	300.002	1.918	0.424	1771879422.883
1186	300.000	0.053	299.998	1.925	0.511	1771879423.149
1187	300.000	-0.039	300.004	2.044	0.502	1771879423.388
1188	300.000	-0.002	300.004	1.901	0.462	1771879423.638
1189	300.000	0.009	299.998	1.959	0.462	1771879423.894
1190	300.000	-0.023	300.003	1.969	0.442	1771879424.133
1191	300.000	-0.012	299.999	2.053	0.501	1771879424.386
1192	300.000	0.008	300.005	1.938	0.460	1771879424.641
1193	300.000	0.003	299.998	1.962	0.433	1771879424.910
1194	300.000	-0.012	299.998	1.872	0.427	1771879425.124
1195	300.000	-0.015	299.998	1.966	0.483	1771879425.407
1196	300.000	0.020	300.001	1.908	0.464	1771879425.651
1197	300.000	-0.003	299.999	1.986	0.447	1771879425.893
1198	300.000	-0.037	300.000	2.030	0.508	1771879426.156
1199	300.000	-0.004	300.000	2.001	0.470	1771879426.385
1200	300.000	-0.012	299.997	1.943	0.427	1771879426.636
1201	300.000	-0.017	300.000	2.010	0.465	1771879426.891
1202	300.000	-0.054	299.999	2.029	0.524	1771879427.156
1203	300.000	-0.010	300.001	1.942	0.474	1771879427.397
1204	300.000	-0.032	300.004	1.956	0.422	1771879427.679
1205	300.000	0.006	299.998	2.006	0.459	1771879427.930
1206	300.000	0.007	299.998	1.869	0.530	1771879428.203
1207	300.000	-0.008	300.000	1.914	0.517	1771879428.433
1208	300.000	-0.032	299.999	1.877	0.533	1771879428.675
1209	300.000	0.003	300.001	1.890	0.472	1771879428.923
1210	300.000	0.045	300.003	1.897	0.478	1771879429.163
1211	300.000	0.025	300.000	1.903	0.471	1771879429.426
1212	300.000	-0.019	299.999	1.950	0.499	1771879429.674
1213	300.000	-0.009	300.001	1.975	0.454	1771879429.931
1214	300.000	-0.004	300.003	1.886	0.439	1771879430.182
1215	300.000	0.010	300.002	1.978	0.388	1771879430.420
1216	300.000	-0.027	299.998	1.880	0.419	1771879430.678
1217	300.000	-0.000	299.997	1.939	0.460	1771879430.922
1218	300.000	0.051	300.001	1.925	0.476	1771879431.182
1219	300.000	0.011	300.001	1.921	0.416	1771879431.439
1220	300.000	-0.036	299.997	1.894	0.461	1771879431.671
1221	300.000	0.009	300.000	1.932	0.476	1771879431.935
1222	300.000	0.020	299.997	1.897	0.420	1771879432.198
1223	300.000	0.026	299.994	1.901	0.386	1771879432.438
1224	300.000	0.012	300.001	2.003	0.479	1771879432.653
1225	300.000	-0.006	300.002	1.982	0.443	1771879432.931
1226	300.000	-0.013	299.998	1.977	0.422	1771879433.171
1227	300.000	0.012	300.000	1.976	0.470	1771879433.462
1228	300.000	0.002	300.001	1.923	0.446	1771879433.714
1229	300.000	-0.020	300.002	1.809	0.429	1771879433.954
1230	300.000	0.000	299.998	1.886	0.475	1771879434.203
1231	300.000	-0.003	299.998	1.991	0.462	1771879434.480
1232	300.000	0.001	299.997	1.911	0.482	1771879434.759
1233	300.000	0.016	300.002	1.909	0.480	1771879435.036
1234	300.000	0.016	299.998	1.942	0.460	1771879435.286
1235	300.000	0.009	299.999	1.961	0.434	1771879435.572
1236	300.000	-0.023	300.001	1.919	0.445	1771879435.799
1237	300.000	0.060	300.002	1.942	0.482	1771879436.084
1238	300.000	-0.039	300.000	1.988	0.456	1771879436.349
1239	300.000	0.007	300.001	1.938	0.462	1771879436.663
1240	300.000	0.005	300.001	1.943	0.444	1771879436.939
1241	300.000	-0.001	299.999	1.981	0.432	1771879437.449
1242	300.000	-0.009	300.000	1.920	0.494	1771879437.710
1243	300.000	0.005	299.999	1.906	0.478	1771879437.966
1244	300.000	0.014	299.996	2.023	0.458	1771879438.197
1245	300.000	0.006	299.999	1.888	0.429	1771879438.435
1246	300.000	-0.020	299.997	1.977	0.433	1771879438.732
1247	300.000	0.012	300.000	1.964	0.415	1771879439.031
1248	300.000	-0.010	300.000	1.946	0.499	1771879439.349
1249	300.000	-0.022	299.998	1.890	0.423	1771879439.640
1250	300.000	-0.004	299.998	2.056	0.445	1771879439.900
1251	300.000	0.011	300.001	2.058	0.454	1771879440.146
1252	300.000	-0.001	300.000	1.938	0.481	1771879440.379
1253	300.000	0.031	300.002	1.933	0.396	1771879440.662
1254	300.000	-0.022	300.001	2.005	0.447	1771879440.963
1255	300.000	0.002	300.002	1.936	0.379	1771879441.191
1256	300.000	-0.001	300.000	1.946	0.501	1771879441.468
1257	300.000	-0.013	300.002	1.824	0.411	1771879441.731
1258	300.000	0.013	299.999	1.963	0.398	1771879442.016
1259	300.000	-0.001	300.003	1.823	0.411	1771879442.269
1260	300.000	-0.012	300.001	1.990	0.433	1771879442.519
1261	300.000	-0.026	300.000	1.994	0.460	1771879442.774
1262	300.000	0.020	299.999	1.989	0.407	1771879443.007
1263	300.000	0.010	299.998	1.991	0.489	1771879443.281
1264	300.000	-0.011	299.995	1.982	0.453	1771879443.585
1265	300.000	0.010	299.997	1.927	0.431	1771879443.836
1266	300.000	0.018	300.001	1.937	0.462	1771879444.082
1267	300.000	-0.021	300.001	1.988	0.429	1771879444.313
1268	300.000	-0.050	300.002	1.965	0.455	1771879444.553
1269	300.000	-0.014	300.000	1.988	0.463	1771879444.833
1270	300.000	0.009	299.997	1.906	0.443	1771879445.067
1271	300.000	0.013	300.002	2.008	0.481	1771879445.329
1272	300.000	-0.009	299.999	1.993	0.438	1771879445.573
1273	300.000	0.012	300.001	1.877	0.468	1771879445.831
1274	300.000	-0.016	300.001	1.986	0.408	1771879446.068
1275	300.000	-0.015	300.001	1.885	0.465	1771879446.312
1276	300.000	0.006	300.001	1.935	0.423	1771879446.576
1277	300.000	0.038	300.000	2.017	0.510	1771879446.839
1278	300.000	-0.001	299.998	2.020	0.453	1771879447.140
1279	300.000	-0.014	300.001	2.041	0.398	1771879447.387
1280	300.000	-0.007	300.001	2.001	0.432	1771879447.633
1281	300.000	0.027	300.002	2.030	0.469	1771879447.864
1282	300.000	0.028	299.998	1.976	0.440	1771879448.145
1283	300.000	0.012	299.999	1.926	0.423	1771879448.373
1284	300.000	-0.036	299.996	2.021	0.482	1771879448.646
1285	300.000	0.011	299.997	2.010	0.425	1771879448.904
1286	300.000	0.011	299.999	2.039	0.401	1771879449.151
1287	300.000	0.019	300.001	1.938	0.477	1771879449.408
1288	300.000	-0.011	300.000	1.922	0.447	1771879449.708
1289	300.000	-0.029	300.000	1.857	0.395	1771879449.935
1290	300.000	0.007	300.000	1.993	0.405	1771879450.216
1291	300.000	0.024	300.002	1.970	0.349	1771879450.462
1292	300.000	-0.060	299.997	1.986	0.362	1771879450.690
1293	300.000	-0.017	299.998	1.973	0.430	1771879450.947
1294	300.000	-0.027	300.000	1.869	0.415	1771879451.186
1295	300.000	0.020	300.001	1.936	0.436	1771879451.461
1296	300.000	-0.035	299.998	2.042	0.448	1771879451.683
1297	300.000	-0.001	299.999	1.935	0.427	1771879451.945
1298	300.000	-0.001	299.999	1.945	0.451	1771879452.219
1299	300.000	-0.001	300.002	1.918	0.471	1771879452.460
1300	300.000	0.028	299.998	1.990	0.471	1771879452.708
1301	300.000	-0.012	299.998	2.023	0.407	1771879452.948
1302	300.000	0.029	299.999	2.002	0.504	1771879453.201
1303	300.000	0.015	299.999	1.921	0.484	1771879453.449
1304	300.000	0.020	300.001	1.868	0.447	1771879453.720
1305	300.000	0.039	299.999	1.980	0.458	1771879454.028
1306	300.000	-0.009	299.997	2.016	0.490	1771879454.265
1307	300.000	-0.014	300.000	1.894	0.503	1771879454.491
1308	300.000	0.000	299.996	2.062	0.361	1771879454.765
1309	300.000	0.054	299.999	1.856	0.353	1771879455.016
1310	300.000	0.018	300.002	2.152	0.464	1771879455.284
1311	300.000	0.003	299.999	1.962	0.488	1771879455.526
1312	300.000	-0.007	300.001	1.875	0.446	1771879455.794
1313	300.000	-0.013	299.997	1.963	0.437	1771879456.045
1314	300.000	-0.005	299.996	1.834	0.419	1771879456.297
1315	300.000	0.018	300.003	1.968	0.408	1771879456.533
1316	300.000	0.007	300.003	1.943	0.398	1771879456.760
1317	300.000	-0.020	299.995	1.933	0.387	1771879457.040
1318	300.000	-0.024	300.000	1.924	0.406	1771879457.293
1319	300.000	-0.026	300.001	1.915	0.451	1771879457.546
1320	300.000	0.002	299.999	1.848	0.451	1771879457.773
1321	300.000	-0.048	299.998	1.934	0.479	1771879458.039
1322	300.000	-0.044	299.999	1.906	0.412	1771879458.290
1323	300.000	-0.037	299.999	2.001	0.463	1771879458.516
1324	300.000	-0.013	299.996	2.029	0.511	1771879458.790
1325	300.000	-0.003	300.003	2.053	0.489	1771879459.037
1326	300.000	-0.006	299.998	1.955	0.439	1771879459.272
1327	300.000	-0.025	300.001	1.987	0.440	1771879459.529
1328	300.000	-0.014	300.002	2.046	0.462	1771879459.781
1329	300.000	-0.038	299.997	1.944	0.430	1771879460.025
1330	300.000	0.010	300.003	1.960	0.431	1771879460.294
1331	300.000	-0.049	300.001	1.963	0.455	1771879460.535
1332	300.000	-0.020	300.002	1.980	0.435	1771879460.770
1333	300.000	-0.022	300.004	2.081	0.409	1771879461.028
1334	300.000	-0.000	300.001	1.942	0.420	1771879461.287
1335	300.000	0.001	300.002	1.984	0.440	1771879461.539
1336	300.000	0.012	299.999	1.990	0.421	1771879461.786
1337	300.000	-0.013	300.002	2.041	0.460	1771879461.995
1338	300.000	0.026	300.000	1.883	0.391	1771879462.274
1339	300.000	0.014	299.997	2.025	0.398	1771879462.528
1340	300.000	0.034	300.000	2.100	0.438	1771879462.786
1341	300.000	0.025	300.003	1.971	0.415	1771879463.019
1342	300.000	-0.000	300.002	1.939	0.456	1771879463.280
1343	300.000	-0.018	299.999	1.949	0.395	1771879463.540
1344	300.000	0.004	299.999	1.987	0.375	1771879463.809
1345	300.000	-0.001	299.997	1.964	0.443	1771879464.086
1346	300.000	-0.001	299.998	1.899	0.478	1771879464.365
1347	300.000	-0.004	300.003	1.930	0.458	1771879464.668
1348	300.000	0.015	300.004	1.950	0.443	1771879464.918
1349	300.000	-0.029	300.002	2.062	0.398	1771879465.151
1350	300.000	0.008	300.004	1.920	0.416	1771879465.409
1351	300.000	0.012	299.999	1.871	0.454	1771879465.645
1352	300.000	0.008	300.000	1.919	0.398	1771879465.928
1353	300.000	-0.016	300.002	1.928	0.411	1771879466.177
1354	300.000	-0.006	300.000	2.052	0.364	1771879466.434
1355	300.000	0.004	300.006	1.897	0.458	1771879466.692
1356	300.000	0.011	300.001	2.039	0.449	1771879466.990
1357	300.000	-0.002	300.002	1.959	0.453	1771879467.222
1358	300.000	0.017	299.998	2.059	0.432	1771879467.496
1359	300.000	0.026	300.002	2.022	0.504	1771879467.755
1360	300.000	0.036	299.999	1.998	0.467	1771879468.074
1361	300.000	-0.024	300.002	1.920	0.453	1771879468.376
1362	300.000	0.008	300.003	1.991	0.393	1771879468.616
1363	300.000	0.017	299.998	1.883	0.440	1771879468.869
1364	300.000	0.058	300.005	2.021	0.474	1771879469.110
1365	300.000	-0.009	299.998	1.920	0.479	1771879469.334
1366	300.000	0.079	300.001	1.918	0.428	1771879469.613
1367	300.000	-0.019	300.002	1.992	0.419	1771879469.864
1368	300.000	-0.000	299.998	1.966	0.441	1771879470.100
1369	300.000	0.010	299.999	1.904	0.378	1771879470.353
1370	300.000	0.038	299.997	2.015	0.398	1771879470.619
1371	300.000	-0.007	299.999	1.999	0.387	1771879470.870
1372	300.000	0.001	299.999	1.998	0.493	1771879471.119
1373	300.000	-0.006	300.001	2.076	0.360	1771879471.367
1374	300.000	-0.014	299.999	1.892	0.449	1771879471.594
1375	300.000	0.015	300.004	1.929	0.427	1771879471.862
1376	300.000	-0.025	299.998	1.962	0.343	1771879472.120
1377	300.000	0.033	300.000	2.054	0.406	1771879472.393
1378	300.000	0.007	300.002	1.972	0.374	1771879472.668
1379	300.000	0.017	300.001	1.975	0.353	1771879472.944
1380	300.000	-0.011	300.001	1.917	0.300	1771879473.210
1381	300.000	0.015	300.001	1.961	0.368	1771879473.473
