Point No.	Frequency Set (GHz)	THz Photocurrent (nA)	Frequency Act (GHz)	Amplitude (via StrMod)	Phase (via StrMod)	Timestamp (s)
1	300.000	0.037	300.001	0.737	0.701	1772221419.542
2	300.000	0.005	300.001	0.871	0.811	1772221419.831
3	300.000	-0.011	299.998	0.767	0.768	1772221420.074
4	300.000	0.035	300.000	0.894	0.785	1772221420.322
5	300.000	0.045	300.001	0.777	0.708	1772221420.554
6	300.000	0.017	300.003	0.797	0.763	1772221420.823
7	300.000	-0.015	300.000	0.794	0.675	1772221421.055
8	300.000	0.025	300.001	0.800	0.771	1772221421.287
9	300.000	0.035	300.001	0.810	0.818	1772221421.552
10	300.000	0.002	299.998	0.855	0.774	1772221421.811
11	300.000	-0.024	299.996	0.917	0.761	1772221422.055
12	300.000	0.026	300.004	0.896	0.759	1772221422.313
13	300.000	0.021	300.001	0.863	0.831	1772221422.561
14	300.000	-0.074	300.003	0.824	0.780	1772221422.797
15	300.000	-0.041	299.998	0.869	0.708	1772221423.074
16	300.000	-0.021	300.000	0.816	0.573	1772221423.325
17	300.000	-0.005	299.999	0.895	0.743	1772221423.541
18	300.000	0.012	300.002	0.801	0.644	1772221423.826
19	300.000	0.022	299.999	0.885	0.761	1772221424.058
20	300.000	0.009	299.998	0.802	0.696	1772221424.301
21	300.000	0.028	300.001	0.876	0.806	1772221424.545
22	300.000	-0.001	300.001	0.845	0.659	1772221424.800
23	300.000	0.024	299.998	0.793	0.823	1772221425.054
24	300.000	0.011	300.001	0.811	0.724	1772221425.297
25	300.000	0.024	299.998	0.833	0.651	1772221425.534
26	300.000	0.030	300.001	0.833	0.707	1772221425.805
27	300.000	-0.030	300.004	0.883	0.663	1772221426.044
28	300.000	-0.019	300.002	0.772	0.685	1772221426.295
29	300.000	0.035	299.997	0.787	0.695	1772221426.557
30	300.000	0.015	300.000	0.846	0.683	1772221426.851
31	300.000	-0.004	299.999	0.900	0.836	1772221427.058
32	300.000	-0.027	300.001	0.743	0.620	1772221427.337
33	300.000	0.061	300.002	0.926	0.763	1772221427.560
34	300.000	0.046	300.002	0.909	0.706	1772221427.823
35	300.000	0.001	300.000	0.894	0.809	1772221428.078
36	300.000	0.038	299.996	0.780	0.655	1772221428.332
37	300.000	-0.020	299.998	0.905	0.696	1772221428.589
38	300.000	0.008	299.997	0.763	0.688	1772221428.813
39	300.000	-0.031	299.999	0.811	0.647	1772221429.076
40	300.000	0.023	300.003	0.874	0.768	1772221429.316
41	300.000	-0.042	300.000	0.805	0.756	1772221429.573
42	300.000	-0.016	300.001	0.844	0.693	1772221429.835
43	300.000	0.011	299.997	0.898	0.748	1772221430.081
44	300.000	0.030	300.002	0.871	0.636	1772221430.311
45	300.000	0.019	299.998	0.943	0.755	1772221430.542
46	300.000	-0.003	299.999	0.907	0.771	1772221430.830
47	300.000	-0.005	300.001	0.784	0.701	1772221431.083
48	300.000	0.007	299.995	0.705	0.635	1772221431.309
49	300.000	0.005	300.000	0.843	0.781	1772221431.593
50	300.000	0.001	299.999	0.909	0.687	1772221431.813
51	300.000	0.007	300.000	0.844	0.697	1772221432.070
52	300.000	-0.029	299.998	0.885	0.690	1772221432.294
53	300.000	0.002	300.002	0.859	0.725	1772221432.582
54	300.000	0.022	299.998	0.857	0.673	1772221432.822
55	300.000	0.010	300.002	0.814	0.805	1772221433.094
56	300.000	0.002	300.000	0.728	0.835	1772221433.310
57	300.000	-0.037	300.002	0.776	0.685	1772221433.581
58	300.000	0.014	299.996	0.901	0.665	1772221433.834
59	300.000	0.008	299.999	0.759	0.709	1772221434.048
60	300.000	-0.041	300.000	0.874	0.666	1772221434.328
61	300.000	0.028	300.002	0.844	0.711	1772221434.566
62	300.000	0.005	300.000	0.391	1.404	1772221434.837
63	300.000	-0.015	300.003	0.209	0.497	1772221435.080
64	300.000	0.012	300.004	0.318	0.882	1772221435.314
65	300.000	0.046	300.000	0.249	0.753	1772221435.579
66	300.000	-0.003	300.001	0.235	1.016	1772221435.809
67	300.000	-0.008	300.000	0.089	6.019	1772221436.076
68	300.000	-0.021	299.999	0.256	1.209	1772221436.330
69	300.000	0.043	300.001	0.288	1.114	1772221436.579
70	300.000	0.026	300.002	0.391	0.944	1772221436.815
71	300.000	-0.022	299.996	0.086	1.160	1772221437.090
72	300.000	-0.008	300.004	0.174	0.134	1772221437.344
73	300.000	-0.009	299.998	0.184	0.145	1772221437.568
74	300.000	-0.012	300.001	0.356	1.462	1772221437.812
75	300.000	-0.027	300.002	0.233	1.265	1772221438.065
76	300.000	-0.025	299.999	0.127	0.620	1772221438.337
77	300.000	0.003	300.001	0.139	1.144	1772221438.582
78	300.000	-0.039	299.998	0.213	0.846	1772221438.828
79	300.000	0.034	299.999	0.237	0.638	1772221439.086
80	300.000	0.021	300.000	0.032	5.228	1772221439.313
81	300.000	-0.020	299.999	0.461	1.612	1772221439.557
82	300.000	0.032	300.002	0.307	1.255	1772221439.834
83	300.000	0.011	300.002	0.107	6.216	1772221440.055
84	300.000	0.005	300.002	0.289	1.722	1772221440.342
85	300.000	0.004	300.000	0.225	1.484	1772221440.552
86	300.000	-0.034	299.998	0.172	1.342	1772221440.837
87	300.000	0.010	299.999	0.272	1.875	1772221441.070
88	300.000	-0.002	300.001	0.266	1.144	1772221441.336
89	300.000	0.042	300.005	0.144	1.699	1772221441.575
90	300.000	-0.022	300.002	0.137	1.609	1772221441.824
91	300.000	0.034	299.999	0.235	1.443	1772221442.079
92	300.000	0.012	300.001	0.216	1.729	1772221442.318
93	300.000	-0.000	300.001	0.110	1.010	1772221442.586
94	300.000	0.046	299.998	0.255	1.776	1772221442.795
95	300.000	0.007	300.001	0.341	1.286	1772221442.989
96	300.000	0.006	300.004	0.179	1.557	1772221443.264
97	300.000	0.010	300.000	0.149	0.650	1772221443.479
98	300.000	-0.034	299.998	0.252	1.537	1772221443.681
99	300.000	-0.018	299.999	0.326	1.568	1772221443.962
100	300.000	0.040	300.000	0.141	0.860	1772221444.190
101	300.000	-0.001	300.001	0.323	1.442	1772221444.432
102	300.000	-0.029	300.002	0.197	1.686	1772221444.687
103	300.000	0.027	300.001	0.146	1.601	1772221444.959
104	300.000	-0.011	300.002	0.125	2.404	1772221445.201
105	300.000	0.023	299.999	0.158	1.094	1772221445.428
106	300.000	-0.014	300.000	0.148	1.318	1772221445.678
107	300.000	0.043	299.998	0.243	1.394	1772221445.925
108	300.000	-0.030	300.000	0.226	1.961	1772221446.203
109	300.000	0.054	299.999	0.221	0.766	1772221446.452
110	300.000	0.011	300.000	0.256	1.724	1772221446.705
111	300.000	0.001	300.002	0.093	2.031	1772221446.951
112	300.000	-0.012	300.001	0.266	1.823	1772221447.204
113	300.000	-0.006	299.995	0.152	2.528	1772221447.446
114	300.000	-0.018	300.001	0.108	5.553	1772221447.704
115	300.000	-0.001	300.001	0.165	2.419	1772221447.935
116	300.000	-0.015	300.001	0.096	3.202	1772221448.213
117	300.000	0.017	299.998	0.132	2.607	1772221448.442
118	300.000	-0.013	300.001	0.190	1.452	1772221448.694
119	300.000	-0.008	300.002	0.165	1.647	1772221448.923
120	300.000	0.008	300.000	0.066	1.062	1772221449.210
121	300.000	-0.009	300.000	0.183	2.008	1772221449.429
122	300.000	0.031	300.002	0.248	1.143	1772221449.686
123	300.000	-0.007	299.997	0.096	5.219	1772221449.933
124	300.000	0.003	299.999	0.081	5.306	1772221450.202
125	300.000	0.007	300.000	0.091	1.434	1772221450.439
126	300.000	-0.001	300.000	0.054	0.046	1772221450.699
127	300.000	0.027	300.002	0.132	1.112	1772221450.957
128	300.000	-0.029	300.002	0.198	5.491	1772221451.237
129	300.000	-0.022	300.000	0.137	1.066	1772221451.476
130	300.000	0.020	299.998	0.073	0.946	1772221451.721
131	300.000	-0.007	299.998	0.064	1.724	1772221451.969
132	300.000	0.016	299.997	0.119	0.740	1772221452.210
133	300.000	0.009	300.000	0.147	0.366	1772221452.463
134	300.000	0.008	300.002	0.227	5.810	1772221452.733
135	300.000	-0.016	300.000	0.103	5.767	1772221452.952
136	300.000	0.028	300.000	0.065	6.026	1772221453.196
137	300.000	-0.018	299.999	0.193	5.525	1772221453.449
138	300.000	0.019	299.998	0.101	0.153	1772221453.717
139	300.000	-0.018	300.004	0.132	0.043	1772221453.985
140	300.000	-0.025	300.000	0.232	5.349	1772221454.276
141	300.000	0.035	300.001	0.359	5.102	1772221454.496
142	300.000	-0.040	299.999	0.289	5.463	1772221454.771
143	300.000	-0.009	300.003	0.780	5.277	1772221455.016
144	300.000	0.038	300.000	0.691	5.279	1772221455.264
145	300.000	-0.005	299.997	0.747	5.328	1772221455.525
146	300.000	-0.015	299.998	0.716	5.407	1772221455.772
147	300.000	0.008	300.001	0.734	5.341	1772221456.016
148	300.000	-0.007	300.000	0.781	5.384	1772221456.261
149	300.000	0.022	299.998	0.780	5.259	1772221456.528
150	300.000	0.008	299.999	0.754	5.266	1772221456.750
151	300.000	-0.002	300.001	0.754	5.259	1772221457.027
152	300.000	-0.010	300.001	0.323	0.406	1772221457.272
153	300.000	-0.013	300.000	0.634	1.781	1772221457.498
154	300.000	-0.019	299.999	0.323	4.193	1772221457.764
155	300.000	-0.036	299.999	0.789	5.256	1772221458.038
156	300.000	-0.012	300.002	0.225	0.919	1772221458.302
157	300.000	-0.002	299.999	0.749	1.811	1772221458.575
158	300.000	-0.005	299.998	0.566	4.836	1772221458.824
159	300.000	-0.023	300.001	0.675	5.408	1772221459.103
160	300.000	-0.011	299.999	0.311	1.662	1772221459.330
161	300.000	-0.027	300.000	0.313	2.198	1772221459.557
162	300.000	-0.011	299.999	0.556	5.109	1772221459.808
163	300.000	-0.038	299.999	0.640	5.240	1772221460.093
164	300.000	0.034	300.001	0.353	1.717	1772221460.318
165	300.000	0.001	299.999	0.449	1.760	1772221460.583
166	300.000	-0.003	300.000	0.690	4.812	1772221460.825
167	300.000	0.005	299.999	0.635	5.467	1772221461.084
168	300.000	0.007	299.999	0.598	1.563	1772221461.325
169	300.000	-0.038	300.000	0.448	1.804	1772221461.580
170	300.000	0.002	300.000	0.582	4.862	1772221461.825
171	300.000	0.055	300.002	0.672	5.201	1772221462.073
172	300.000	-0.011	300.001	0.511	1.658	1772221462.329
173	300.000	0.041	300.003	0.293	2.211	1772221462.573
174	300.000	0.031	300.003	0.630	5.082	1772221462.806
175	300.000	-0.018	299.997	0.649	5.300	1772221463.058
176	300.000	-0.010	299.997	0.590	1.580	1772221463.327
177	300.000	0.022	300.005	0.236	2.508	1772221463.551
178	300.000	0.021	300.002	0.626	5.197	1772221463.830
179	300.000	0.015	300.000	0.508	5.606	1772221464.068
180	300.000	0.004	300.002	0.519	1.776	1772221464.326
181	300.000	0.012	300.000	0.239	2.274	1772221464.572
182	300.000	0.017	300.004	0.780	5.067	1772221464.823
183	300.000	-0.013	300.001	0.530	5.405	1772221465.056
184	300.000	-0.031	300.001	0.636	1.654	1772221465.302
185	300.000	0.025	300.002	0.221	2.526	1772221465.572
186	300.000	0.034	299.996	0.784	5.109	1772221465.834
187	300.000	-0.017	300.001	0.430	5.638	1772221466.100
188	300.000	0.001	300.001	0.746	1.721	1772221466.336
189	300.000	-0.022	300.001	0.101	3.507	1772221466.564
190	300.000	0.006	300.001	0.804	5.096	1772221466.852
191	300.000	-0.001	300.000	0.307	5.890	1772221467.077
192	300.000	0.002	299.999	0.691	1.816	1772221467.322
193	300.000	-0.015	300.004	0.183	3.230	1772221467.579
194	300.000	-0.026	299.998	0.881	5.092	1772221467.835
195	300.000	0.053	299.999	0.297	5.797	1772221468.069
196	300.000	0.019	300.000	0.675	1.801	1772221468.290
197	300.000	-0.033	299.999	0.101	2.732	1772221468.561
198	300.000	-0.016	300.002	0.812	5.178	1772221468.803
199	300.000	-0.011	300.001	0.487	5.437	1772221469.009
200	300.000	-0.009	299.999	0.663	1.647	1772221469.283
201	300.000	0.049	300.000	0.233	2.444	1772221469.510
202	300.000	-0.018	299.998	0.817	5.065	1772221469.787
203	300.000	0.049	299.999	0.538	5.641	1772221470.031
204	300.000	0.010	299.999	0.628	1.784	1772221470.283
205	300.000	-0.012	299.997	0.139	1.574	1772221470.536
206	300.000	-0.012	300.000	0.734	5.183	1772221470.778
207	300.000	-0.022	300.002	0.446	5.631	1772221471.023
208	300.000	0.009	300.003	0.546	1.702	1772221471.273
209	300.000	0.042	299.998	0.164	2.709	1772221471.521
210	300.000	0.015	299.998	0.799	5.155	1772221471.748
211	300.000	-0.039	300.002	0.423	5.925	1772221472.019
212	300.000	-0.018	300.004	0.732	1.747	1772221472.294
213	300.000	0.018	300.001	0.105	3.591	1772221472.498
214	300.000	0.021	300.000	0.862	5.100	1772221472.783
215	300.000	0.008	300.001	0.327	5.921	1772221473.037
216	300.000	-0.000	299.998	0.620	1.679	1772221473.300
217	300.000	0.006	300.001	0.268	4.256	1772221473.525
218	300.000	-0.020	300.003	0.898	5.063	1772221473.776
219	300.000	-0.017	300.001	0.234	6.008	1772221474.030
220	300.000	-0.050	299.998	0.676	1.607	1772221474.282
221	300.000	0.025	300.000	0.200	3.749	1772221474.526
222	300.000	0.011	300.001	0.860	5.107	1772221474.758
223	300.000	-0.030	299.999	0.359	5.877	1772221475.014
224	300.000	0.024	299.998	0.726	1.703	1772221475.245
225	300.000	-0.003	299.998	0.214	4.037	1772221475.533
226	300.000	0.018	299.997	0.740	5.280	1772221475.792
227	300.000	-0.030	299.998	0.306	6.036	1772221475.994
228	300.000	-0.026	299.997	0.633	2.064	1772221476.226
229	300.000	-0.000	300.001	0.207	3.421	1772221476.482
230	300.000	-0.009	299.996	0.815	5.114	1772221476.744
231	300.000	-0.009	299.999	0.346	5.676	1772221476.996
232	300.000	0.014	300.002	0.602	1.948	1772221477.194
233	300.000	-0.017	300.000	0.152	2.593	1772221477.509
234	300.000	0.020	299.996	0.958	5.087	1772221477.714
235	300.000	0.049	299.999	0.390	5.583	1772221477.987
236	300.000	0.002	300.000	0.626	1.879	1772221478.231
237	300.000	0.009	299.999	0.139	2.851	1772221478.496
238	300.000	0.033	299.997	0.756	5.270	1772221478.726
239	300.000	-0.015	300.000	0.469	5.524	1772221478.975
240	300.000	0.002	300.001	0.625	1.922	1772221479.245
241	300.000	-0.027	300.001	0.172	3.668	1772221479.477
242	300.000	-0.014	299.998	0.896	5.143	1772221479.733
243	300.000	0.054	300.001	0.433	5.597	1772221479.991
244	300.000	0.028	299.995	0.682	1.964	1772221480.231
245	300.000	-0.004	299.999	0.224	3.398	1772221480.472
246	300.000	0.013	299.998	0.750	5.227	1772221480.746
247	300.000	0.025	300.000	0.239	6.080	1772221481.002
248	300.000	0.066	299.998	0.705	2.000	1772221481.234
249	300.000	0.005	299.998	0.201	4.434	1772221481.514
250	300.000	-0.011	299.999	0.913	5.165	1772221481.722
251	300.000	0.025	300.001	0.323	6.121	1772221481.999
252	300.000	0.016	299.998	0.725	1.972	1772221482.245
253	300.000	-0.017	299.996	0.234	4.501	1772221482.505
254	300.000	0.022	300.001	0.813	5.192	1772221482.767
255	300.000	0.030	300.000	0.340	0.380	1772221482.959
256	300.000	-0.015	300.001	0.865	1.820	1772221483.176
257	300.000	-0.060	299.999	0.169	2.623	1772221483.429
258	300.000	0.037	299.999	0.788	5.186	1772221483.654
259	300.000	-0.028	300.000	0.522	5.673	1772221483.935
260	300.000	0.026	300.000	0.602	1.909	1772221484.168
261	300.000	-0.001	300.002	0.228	3.014	1772221484.455
262	300.000	0.011	300.000	0.779	5.208	1772221484.699
263	300.000	-0.026	299.997	0.392	5.728	1772221484.936
264	300.000	-0.032	300.004	0.727	1.838	1772221485.178
265	300.000	0.024	300.000	0.206	3.296	1772221485.450
266	300.000	0.010	300.000	0.770	5.210	1772221485.683
267	300.000	0.007	300.000	0.470	6.119	1772221485.909
268	300.000	-0.012	300.002	0.622	1.846	1772221486.181
269	300.000	-0.048	299.999	0.225	4.098	1772221486.436
270	300.000	0.029	299.997	0.795	5.345	1772221486.692
271	300.000	0.019	300.001	0.382	0.266	1772221486.938
272	300.000	-0.001	299.999	0.657	1.864	1772221487.180
273	300.000	0.008	300.001	0.036	4.452	1772221487.428
274	300.000	0.001	300.006	0.711	5.280	1772221487.695
275	300.000	-0.037	300.000	0.395	0.215	1772221487.950
276	300.000	0.037	300.003	0.652	1.885	1772221488.187
277	300.000	0.008	300.000	0.162	4.731	1772221488.424
278	300.000	-0.022	299.999	0.835	5.164	1772221488.689
279	300.000	-0.083	299.999	0.248	6.179	1772221488.920
280	300.000	0.010	300.001	0.703	1.790	1772221489.193
281	300.000	0.016	299.997	0.102	4.424	1772221489.423
282	300.000	0.003	299.999	0.773	5.131	1772221489.707
283	300.000	-0.019	299.998	0.193	0.803	1772221489.926
284	300.000	-0.006	299.999	0.732	1.812	1772221490.191
285	300.000	0.029	300.003	0.246	4.733	1772221490.420
286	300.000	-0.046	299.999	0.785	5.154	1772221490.673
287	300.000	-0.024	300.001	0.308	0.567	1772221490.934
288	300.000	-0.037	299.999	0.815	1.824	1772221491.156
289	300.000	-0.039	300.000	0.229	4.570	1772221491.439
290	300.000	0.009	299.999	0.851	5.477	1772221491.695
291	300.000	0.020	300.001	0.298	0.669	1772221491.931
292	300.000	0.004	300.002	0.627	2.000	1772221492.213
293	300.000	0.000	300.001	0.374	5.076	1772221492.433
294	300.000	0.015	299.998	0.865	5.355	1772221492.706
295	300.000	0.029	300.001	0.253	0.885	1772221492.951
296	300.000	0.039	300.003	0.690	1.928	1772221493.217
297	300.000	0.016	299.999	0.314	5.142	1772221493.435
298	300.000	0.043	300.002	0.825	5.347	1772221493.702
299	300.000	-0.015	300.000	0.295	1.424	1772221493.953
300	300.000	0.005	299.999	0.593	1.930	1772221494.200
301	300.000	0.018	300.000	0.358	4.968	1772221494.435
302	300.000	-0.003	300.003	0.919	5.283	1772221494.748
303	300.000	-0.003	299.998	0.330	1.663	1772221495.003
304	300.000	0.004	300.000	0.394	2.182	1772221495.272
305	300.000	0.028	299.996	0.755	5.280	1772221495.537
306	300.000	0.001	300.000	0.566	5.388	1772221495.804
307	300.000	0.002	300.003	0.639	1.733	1772221496.039
308	300.000	-0.021	299.999	0.258	2.196	1772221496.311
309	300.000	-0.005	300.001	0.807	5.263	1772221496.567
310	300.000	0.027	299.997	0.663	5.505	1772221496.780
311	300.000	-0.016	300.003	0.519	1.867	1772221497.035
312	300.000	-0.015	300.001	0.308	2.013	1772221497.281
313	300.000	0.003	299.999	0.665	5.199	1772221497.548
314	300.000	-0.025	300.000	0.593	5.681	1772221497.777
315	300.000	-0.008	300.000	0.596	1.856	1772221498.044
316	300.000	-0.035	299.999	0.225	2.431	1772221498.271
317	300.000	-0.023	300.002	0.576	5.259	1772221498.544
318	300.000	0.025	300.000	0.652	5.555	1772221498.795
319	300.000	0.018	299.998	0.703	1.854	1772221499.028
320	300.000	-0.039	300.000	0.276	2.161	1772221499.273
321	300.000	0.024	300.002	0.717	5.249	1772221499.530
322	300.000	0.028	300.000	0.509	5.412	1772221499.796
323	300.000	-0.015	300.001	0.573	1.973	1772221500.051
324	300.000	-0.002	300.001	0.272	2.091	1772221500.295
325	300.000	-0.022	300.001	0.688	5.299	1772221500.552
326	300.000	-0.074	299.999	0.557	5.462	1772221500.781
327	300.000	0.033	300.000	0.634	2.030	1772221501.050
328	300.000	-0.013	300.003	0.238	2.312	1772221501.265
329	300.000	-0.011	300.000	0.526	5.279	1772221501.500
330	300.000	-0.003	299.998	0.743	5.683	1772221501.747
331	300.000	-0.033	300.000	0.429	1.953	1772221501.975
332	300.000	-0.003	299.998	0.501	2.290	1772221502.231
333	300.000	-0.024	299.999	0.515	5.445	1772221502.488
334	300.000	-0.016	300.003	0.607	5.609	1772221502.755
335	300.000	0.002	300.000	0.492	1.800	1772221502.977
336	300.000	-0.022	300.002	0.596	2.303	1772221503.207
337	300.000	-0.017	299.999	0.626	5.152	1772221503.493
338	300.000	0.030	300.002	0.658	5.792	1772221503.712
339	300.000	-0.007	299.999	0.327	1.935	1772221503.989
340	300.000	0.018	300.001	0.449	2.520	1772221504.215
341	300.000	-0.018	299.998	0.470	5.187	1772221504.456
342	300.000	0.009	299.999	0.718	5.589	1772221504.724
343	300.000	0.024	299.998	0.535	2.134	1772221504.963
344	300.000	0.004	300.002	0.500	2.382	1772221505.220
345	300.000	-0.006	300.001	0.713	5.302	1772221505.477
346	300.000	-0.042	300.000	0.607	5.841	1772221505.734
347	300.000	0.026	300.003	0.661	1.945	1772221505.996
348	300.000	0.005	300.000	0.422	2.557	1772221506.233
349	300.000	0.005	300.003	0.687	5.254	1772221506.487
350	300.000	-0.016	299.999	0.555	6.008	1772221506.720
351	300.000	0.022	299.999	0.606	2.152	1772221506.986
352	300.000	0.018	300.001	0.354	2.904	1772221507.238
353	300.000	0.002	299.998	0.643	5.374	1772221507.488
354	300.000	-0.033	300.000	0.587	5.675	1772221507.742
355	300.000	0.027	300.003	0.667	1.862	1772221507.987
356	300.000	-0.020	300.002	0.334	2.257	1772221508.229
357	300.000	0.009	300.000	0.665	5.404	1772221508.483
358	300.000	0.014	300.000	0.569	5.822	1772221508.734
359	300.000	-0.032	299.999	0.687	1.851	1772221508.953
360	300.000	-0.037	299.999	0.303	2.490	1772221509.259
361	300.000	-0.012	299.998	0.751	5.477	1772221509.486
362	300.000	0.013	299.998	0.538	6.083	1772221509.725
363	300.000	0.035	299.997	0.647	2.001	1772221509.975
364	300.000	-0.015	299.999	0.303	3.067	1772221510.255
365	300.000	-0.032	299.999	0.824	5.405	1772221510.468
366	300.000	0.004	299.995	0.404	6.178	1772221510.715
367	300.000	0.018	300.000	0.662	2.046	1772221510.962
368	300.000	-0.006	300.004	0.234	2.737	1772221511.218
369	300.000	-0.012	300.001	0.596	5.511	1772221511.474
370	300.000	0.022	299.996	0.618	5.916	1772221511.729
371	300.000	0.006	300.000	0.677	2.058	1772221511.946
372	300.000	-0.006	300.000	0.386	2.374	1772221512.166
373	300.000	-0.003	300.001	0.577	5.246	1772221512.443
374	300.000	-0.036	300.001	0.620	5.629	1772221512.660
375	300.000	-0.013	299.997	0.577	1.828	1772221512.920
376	300.000	0.041	300.001	0.413	2.388	1772221513.162
377	300.000	-0.016	299.999	0.513	5.285	1772221513.394
378	300.000	-0.012	299.996	0.574	5.809	1772221513.675
379	300.000	0.037	300.000	0.607	2.156	1772221513.917
380	300.000	0.011	300.001	0.400	2.395	1772221514.195
381	300.000	-0.022	300.001	0.696	5.158	1772221514.395
382	300.000	0.008	299.999	0.588	5.904	1772221514.655
383	300.000	-0.012	299.999	0.615	1.994	1772221514.900
384	300.000	0.036	300.001	0.412	2.619	1772221515.158
385	300.000	0.009	299.999	0.760	5.170	1772221515.427
386	300.000	-0.011	299.997	0.560	5.577	1772221515.670
387	300.000	-0.019	300.001	0.581	2.221	1772221515.914
388	300.000	-0.029	299.999	0.246	2.515	1772221516.147
389	300.000	0.016	300.000	0.658	5.177	1772221516.424
390	300.000	-0.068	299.997	0.457	5.866	1772221516.666
391	300.000	0.022	300.002	0.754	2.050	1772221516.918
392	300.000	0.023	300.001	0.343	2.376	1772221517.152
393	300.000	0.005	300.000	0.640	5.298	1772221517.429
394	300.000	-0.040	299.999	0.303	6.085	1772221517.717
395	300.000	0.031	299.997	0.708	2.015	1772221517.915
396	300.000	0.008	300.001	0.292	2.716	1772221518.186
397	300.000	-0.014	300.003	0.690	5.385	1772221518.426
398	300.000	0.004	300.002	0.402	5.748	1772221518.690
399	300.000	0.031	300.001	0.709	1.976	1772221518.917
400	300.000	-0.041	299.998	0.271	2.435	1772221519.188
401	300.000	-0.035	299.999	0.777	5.549	1772221519.448
402	300.000	-0.050	299.998	0.488	5.965	1772221519.675
403	300.000	0.008	300.000	0.740	2.096	1772221519.922
404	300.000	0.010	299.999	0.305	2.652	1772221520.159
405	300.000	0.004	299.999	0.765	5.397	1772221520.431
406	300.000	0.034	300.001	0.443	6.146	1772221520.657
407	300.000	0.005	300.000	0.773	2.136	1772221520.930
408	300.000	0.023	299.999	0.277	3.441	1772221521.189
409	300.000	0.012	300.002	0.804	5.431	1772221521.442
410	300.000	-0.004	299.999	0.375	6.209	1772221521.678
411	300.000	-0.025	300.000	0.805	2.074	1772221521.936
412	300.000	-0.030	300.002	0.153	2.444	1772221522.156
413	300.000	-0.009	299.999	0.823	5.356	1772221522.441
414	300.000	-0.082	300.005	0.340	5.964	1772221522.681
415	300.000	-0.030	299.998	0.820	2.121	1772221522.943
416	300.000	0.029	299.998	0.263	3.532	1772221523.162
417	300.000	-0.044	300.003	0.862	5.567	1772221523.448
418	300.000	0.009	300.000	0.298	6.210	1772221523.667
419	300.000	-0.001	300.000	0.725	2.200	1772221523.953
420	300.000	-0.011	300.001	0.206	4.079	1772221524.171
421	300.000	-0.037	300.004	0.814	5.396	1772221524.444
422	300.000	0.012	300.002	0.182	0.939	1772221524.686
423	300.000	0.010	300.001	0.735	2.330	1772221524.950
424	300.000	-0.002	299.997	0.347	4.340	1772221525.192
425	300.000	0.016	299.999	0.745	5.379	1772221525.464
426	300.000	-0.014	299.999	0.261	0.809	1772221525.680
427	300.000	0.033	299.995	0.722	2.194	1772221525.938
428	300.000	0.024	299.998	0.314	4.397	1772221526.185
429	300.000	-0.031	300.004	0.747	5.471	1772221526.441
430	300.000	0.018	300.001	0.299	1.237	1772221526.671
431	300.000	-0.024	299.998	0.724	2.204	1772221526.933
432	300.000	0.004	299.999	0.340	4.491	1772221527.169
433	300.000	0.014	299.999	0.765	5.322	1772221527.431
434	300.000	0.041	299.998	0.225	1.090	1772221527.662
435	300.000	-0.018	299.999	0.771	2.099	1772221527.928
436	300.000	-0.000	300.000	0.286	4.975	1772221528.188
437	300.000	-0.007	300.000	0.798	5.353	1772221528.411
438	300.000	0.013	300.000	0.367	1.509	1772221528.695
439	300.000	-0.059	300.000	0.690	2.158	1772221528.932
440	300.000	-0.033	299.999	0.378	4.989	1772221529.183
441	300.000	-0.024	300.002	0.838	5.318	1772221529.411
442	300.000	0.003	300.001	0.181	1.143	1772221529.666
443	300.000	-0.053	300.002	0.712	2.201	1772221529.939
444	300.000	0.019	300.000	0.361	5.123	1772221530.217
445	300.000	-0.017	300.000	0.836	5.700	1772221530.432
446	300.000	0.007	299.997	0.323	1.434	1772221530.674
447	300.000	-0.019	300.001	0.659	2.222	1772221530.928
448	300.000	-0.005	299.996	0.461	4.914	1772221531.175
449	300.000	-0.017	299.999	0.872	5.499	1772221531.451
450	300.000	0.006	300.000	0.422	1.732	1772221531.682
451	300.000	-0.009	300.002	0.700	2.148	1772221531.918
452	300.000	0.001	299.997	0.445	5.136	1772221532.202
453	300.000	0.065	299.999	0.805	5.740	1772221532.420
454	300.000	0.008	300.000	0.391	1.534	1772221532.679
455	300.000	-0.028	299.999	0.612	2.437	1772221532.923
456	300.000	0.035	300.000	0.439	4.897	1772221533.179
457	300.000	0.034	299.999	0.725	5.527	1772221533.438
458	300.000	-0.002	300.003	0.393	1.697	1772221533.662
459	300.000	0.039	300.002	0.690	2.332	1772221533.914
460	300.000	-0.013	300.001	0.475	4.876	1772221534.114
461	300.000	-0.013	300.000	0.814	5.644	1772221534.386
462	300.000	0.003	299.999	0.220	1.271	1772221534.612
463	300.000	-0.026	299.998	0.767	2.337	1772221534.884
464	300.000	-0.028	299.997	0.272	4.652	1772221535.132
465	300.000	-0.038	300.005	0.812	5.579	1772221535.354
466	300.000	-0.011	300.000	0.325	1.190	1772221535.627
467	300.000	-0.021	300.000	0.795	2.330	1772221535.858
468	300.000	-0.028	299.996	0.508	4.766	1772221536.126
469	300.000	-0.018	300.000	0.852	5.692	1772221536.369
470	300.000	0.012	300.002	0.389	1.416	1772221536.622
471	300.000	0.002	299.999	0.747	2.403	1772221536.865
472	300.000	0.004	299.997	0.384	4.586	1772221537.103
473	300.000	-0.002	300.000	0.734	5.556	1772221537.377
474	300.000	-0.005	299.997	0.363	1.584	1772221537.616
475	300.000	-0.018	300.004	0.799	2.237	1772221537.855
476	300.000	0.005	299.996	0.403	4.948	1772221538.116
477	300.000	-0.004	300.003	0.848	5.580	1772221538.361
478	300.000	0.023	300.003	0.349	1.618	1772221538.637
479	300.000	0.026	299.997	0.672	2.285	1772221538.838
480	300.000	-0.029	300.006	0.319	4.497	1772221539.052
481	300.000	-0.040	299.999	0.931	5.320	1772221539.285
482	300.000	0.018	299.997	0.327	0.013	1772221539.520
483	300.000	-0.042	299.999	0.834	2.193	1772221539.759
484	300.000	0.008	300.000	0.277	3.844	1772221540.015
485	300.000	0.011	299.999	0.771	5.409	1772221540.248
486	300.000	-0.003	300.000	0.307	0.403	1772221540.530
487	300.000	0.018	300.000	0.844	2.092	1772221540.745
488	300.000	0.021	299.998	0.240	3.617	1772221541.018
489	300.000	-0.017	300.000	0.779	5.491	1772221541.259
490	300.000	-0.008	300.002	0.423	6.087	1772221541.505
491	300.000	0.012	300.002	0.760	2.055	1772221541.768
492	300.000	0.011	300.003	0.232	3.466	1772221542.014
493	300.000	-0.025	300.001	0.879	5.358	1772221542.270
494	300.000	-0.018	300.002	0.210	0.061	1772221542.490
495	300.000	0.014	299.998	0.887	1.986	1772221542.755
496	300.000	0.007	299.997	0.114	3.065	1772221542.997
497	300.000	-0.002	299.999	0.785	5.444	1772221543.280
498	300.000	0.011	300.000	0.352	0.892	1772221543.531
499	300.000	0.013	300.000	0.806	2.257	1772221543.788
500	300.000	0.032	299.999	0.279	5.245	1772221544.080
501	300.000	0.007	299.999	0.800	5.692	1772221544.342
502	300.000	-0.018	299.998	0.476	1.800	1772221544.572
503	300.000	0.029	300.001	0.732	2.350	1772221544.830
504	300.000	0.019	300.001	0.450	4.801	1772221545.062
505	300.000	-0.025	300.000	0.737	5.687	1772221545.308
506	300.000	0.010	299.997	0.269	1.693	1772221545.587
507	300.000	0.030	299.998	0.732	2.247	1772221545.824
508	300.000	-0.028	300.003	0.419	5.326	1772221546.072
509	300.000	-0.023	299.999	0.806	5.550	1772221546.308
510	300.000	-0.001	300.003	0.314	1.589	1772221546.570
511	300.000	-0.009	300.000	0.636	2.302	1772221546.816
512	300.000	0.026	299.999	0.452	4.788	1772221547.062
513	300.000	-0.006	300.001	0.721	5.573	1772221547.322
514	300.000	-0.033	300.003	0.539	1.472	1772221547.548
515	300.000	0.013	299.998	0.884	2.262	1772221547.816
516	300.000	0.039	299.998	0.370	5.314	1772221548.067
517	300.000	0.024	300.001	0.781	5.603	1772221548.320
518	300.000	0.006	300.001	0.463	1.732	1772221548.580
519	300.000	0.018	300.000	0.668	2.236	1772221548.825
520	300.000	-0.046	299.999	0.466	5.137	1772221549.089
521	300.000	0.018	300.000	0.623	5.756	1772221549.298
522	300.000	0.018	300.003	0.424	1.628	1772221549.569
523	300.000	-0.038	300.004	0.580	2.421	1772221549.802
524	300.000	-0.034	300.002	0.425	4.945	1772221550.090
525	300.000	-0.019	300.000	0.622	5.840	1772221550.320
526	300.000	-0.013	300.002	0.480	1.534	1772221550.572
527	300.000	0.042	300.000	0.576	2.493	1772221550.831
528	300.000	0.016	299.997	0.486	5.152	1772221551.094
529	300.000	0.014	299.999	0.742	5.781	1772221551.332
530	300.000	-0.014	300.002	0.552	1.620	1772221551.556
531	300.000	0.008	300.000	0.525	2.749	1772221551.834
532	300.000	-0.040	300.001	0.511	5.224	1772221552.061
533	300.000	-0.003	300.002	0.750	5.573	1772221552.317
534	300.000	0.010	300.000	0.600	1.984	1772221552.586
535	300.000	0.010	299.995	0.475	2.637	1772221552.831
536	300.000	0.013	300.000	0.558	5.260	1772221553.080
537	300.000	-0.008	300.000	0.668	5.918	1772221553.336
538	300.000	0.028	299.995	0.618	1.890	1772221553.575
539	300.000	0.005	299.998	0.536	2.447	1772221553.807
540	300.000	0.030	300.000	0.500	5.383	1772221554.076
541	300.000	0.005	300.001	0.640	5.884	1772221554.329
542	300.000	-0.001	300.002	0.591	1.826	1772221554.558
543	300.000	-0.021	299.999	0.489	2.492	1772221554.841
544	300.000	-0.043	300.001	0.585	5.175	1772221555.092
545	300.000	-0.010	300.001	0.538	5.797	1772221555.338
546	300.000	0.044	300.004	0.617	1.951	1772221555.577
547	300.000	-0.029	299.999	0.489	2.519	1772221555.829
548	300.000	0.013	300.000	0.667	5.154	1772221556.071
549	300.000	-0.029	299.999	0.679	6.022	1772221556.340
550	300.000	-0.022	300.002	0.702	1.989	1772221556.572
551	300.000	-0.023	300.001	0.457	2.402	1772221556.847
552	300.000	0.031	300.000	0.559	5.246	1772221557.079
553	300.000	-0.016	300.000	0.664	5.911	1772221557.305
554	300.000	0.012	300.004	0.508	2.074	1772221557.567
555	300.000	0.055	299.996	0.496	2.843	1772221557.832
556	300.000	0.009	300.002	0.547	5.185	1772221558.083
557	300.000	-0.002	300.001	0.565	5.893	1772221558.334
558	300.000	-0.027	299.998	0.620	2.105	1772221558.596
559	300.000	0.005	300.000	0.467	2.833	1772221558.857
560	300.000	-0.017	300.000	0.687	5.257	1772221559.100
561	300.000	-0.012	299.999	0.431	5.989	1772221559.346
562	300.000	-0.032	299.999	0.659	2.239	1772221559.570
563	300.000	0.047	300.000	0.360	2.842	1772221559.847
564	300.000	-0.007	300.000	0.680	5.134	1772221560.070
565	300.000	0.009	299.997	0.534	5.953	1772221560.337
566	300.000	0.006	299.999	0.820	2.138	1772221560.598
567	300.000	-0.005	299.996	0.392	2.695	1772221560.852
568	300.000	-0.002	300.001	0.686	5.406	1772221561.079
569	300.000	-0.034	300.004	0.400	6.221	1772221561.328
570	300.000	-0.008	300.001	0.766	2.007	1772221561.585
571	300.000	-0.042	299.998	0.442	2.984	1772221561.826
572	300.000	0.014	299.999	0.741	5.453	1772221562.103
573	300.000	-0.049	299.999	0.445	0.468	1772221562.330
574	300.000	0.046	300.002	0.748	2.166	1772221562.591
575	300.000	-0.001	300.000	0.376	3.414	1772221562.851
576	300.000	0.023	300.002	0.748	5.340	1772221563.081
577	300.000	-0.015	300.000	0.351	5.963	1772221563.326
578	300.000	0.021	300.000	0.821	2.199	1772221563.574
579	300.000	0.000	299.998	0.317	3.074	1772221563.851
580	300.000	0.026	299.996	0.845	5.482	1772221564.089
581	300.000	0.005	300.000	0.365	6.246	1772221564.340
582	300.000	0.025	299.999	0.895	2.060	1772221564.596
583	300.000	0.026	299.997	0.335	3.581	1772221564.819
584	300.000	0.021	300.001	0.747	5.421	1772221565.100
585	300.000	0.024	300.003	0.384	0.742	1772221565.329
586	300.000	0.013	300.000	0.802	2.117	1772221565.602
587	300.000	0.015	300.003	0.364	4.045	1772221565.840
588	300.000	0.001	299.998	0.896	5.410	1772221566.090
589	300.000	-0.001	300.001	0.317	0.205	1772221566.325
590	300.000	0.019	300.001	0.792	2.103	1772221566.566
591	300.000	-0.002	300.000	0.352	3.362	1772221566.824
592	300.000	0.058	299.998	0.673	5.523	1772221567.078
593	300.000	0.025	299.999	0.393	0.467	1772221567.336
594	300.000	-0.021	300.003	0.837	2.386	1772221567.579
595	300.000	-0.023	300.005	0.283	3.637	1772221567.776
596	300.000	-0.001	299.997	0.801	5.579	1772221568.062
597	300.000	0.028	299.999	0.353	0.334	1772221568.326
598	300.000	0.006	299.999	0.923	2.202	1772221568.547
599	300.000	-0.038	299.998	0.381	3.909	1772221568.834
600	300.000	-0.001	300.001	0.732	5.515	1772221569.077
601	300.000	0.007	299.999	0.267	0.915	1772221569.305
602	300.000	0.030	299.999	0.792	2.421	1772221569.532
603	300.000	-0.011	299.999	0.325	3.864	1772221569.816
604	300.000	0.019	300.001	0.761	5.587	1772221570.058
605	300.000	-0.040	300.003	0.432	0.691	1772221570.321
606	300.000	-0.020	300.001	0.746	2.320	1772221570.530
607	300.000	-0.018	300.001	0.331	3.560	1772221570.794
608	300.000	0.059	299.997	0.777	5.514	1772221571.041
609	300.000	-0.036	299.999	0.544	0.714	1772221571.297
610	300.000	0.041	300.001	0.786	2.321	1772221571.546
611	300.000	0.002	300.002	0.347	4.091	1772221571.815
612	300.000	0.027	299.998	0.737	5.741	1772221572.056
613	300.000	-0.038	300.001	0.493	1.393	1772221572.326
614	300.000	0.031	300.001	0.788	2.354	1772221572.591
615	300.000	0.017	300.004	0.464	4.628	1772221572.815
616	300.000	-0.015	299.998	0.649	5.883	1772221573.098
617	300.000	-0.014	299.999	0.602	1.588	1772221573.323
618	300.000	-0.020	300.003	0.757	2.353	1772221573.553
619	300.000	-0.024	299.999	0.379	4.336	1772221573.821
620	300.000	0.049	299.999	0.689	5.604	1772221574.073
621	300.000	0.021	300.002	0.581	1.541	1772221574.323
622	300.000	0.021	299.997	0.708	2.401	1772221574.590
623	300.000	0.028	300.002	0.414	4.881	1772221574.818
624	300.000	0.018	300.003	0.624	5.845	1772221575.074
625	300.000	0.044	300.000	0.576	1.563	1772221575.344
626	300.000	0.054	299.998	0.599	2.448	1772221575.590
627	300.000	-0.045	300.000	0.434	4.799	1772221575.826
628	300.000	-0.014	300.001	0.698	5.707	1772221576.077
629	300.000	0.004	299.998	0.612	1.825	1772221576.300
630	300.000	0.002	299.997	0.551	2.529	1772221576.591
631	300.000	-0.008	300.002	0.640	4.980	1772221576.824
632	300.000	0.013	299.999	0.668	6.061	1772221577.098
633	300.000	-0.007	299.997	0.754	1.639	1772221577.325
634	300.000	-0.009	300.000	0.551	2.602	1772221577.592
635	300.000	0.015	299.999	0.449	5.142	1772221577.822
636	300.000	0.012	299.998	0.691	5.633	1772221578.051
637	300.000	-0.019	299.997	0.750	1.715	1772221578.318
638	300.000	-0.004	300.000	0.639	2.638	1772221578.565
639	300.000	-0.011	300.001	0.492	5.037	1772221578.807
640	300.000	-0.026	300.001	0.640	6.104	1772221579.077
641	300.000	-0.014	300.002	0.709	1.914	1772221579.310
642	300.000	0.009	299.999	0.511	2.534	1772221579.591
643	300.000	0.008	299.997	0.560	5.063	1772221579.827
644	300.000	-0.021	300.000	0.510	6.220	1772221580.078
645	300.000	-0.010	300.002	0.712	1.887	1772221580.312
646	300.000	0.016	299.995	0.620	2.737	1772221580.546
647	300.000	-0.003	299.997	0.551	4.950	1772221580.832
648	300.000	0.033	300.001	0.501	6.038	1772221581.067
649	300.000	0.021	300.000	0.780	1.829	1772221581.344
650	300.000	0.027	300.002	0.556	2.550	1772221581.558
651	300.000	0.007	299.998	0.528	5.016	1772221581.834
652	300.000	0.017	299.999	0.557	6.123	1772221582.072
653	300.000	0.044	299.998	0.813	1.941	1772221582.296
654	300.000	-0.001	300.002	0.507	2.752	1772221582.563
655	300.000	0.013	300.000	0.666	5.080	1772221582.814
656	300.000	-0.017	300.001	0.440	0.004	1772221583.092
657	300.000	0.016	299.998	0.744	1.964	1772221583.329
658	300.000	-0.010	299.999	0.432	2.893	1772221583.604
659	300.000	0.028	300.000	0.673	5.163	1772221583.835
660	300.000	0.023	300.002	0.404	0.182	1772221584.108
661	300.000	0.064	300.003	0.911	2.095	1772221584.355
662	300.000	0.056	300.001	0.359	2.921	1772221584.604
663	300.000	0.008	300.001	0.725	5.344	1772221584.843
664	300.000	-0.006	299.996	0.415	0.126	1772221585.071
665	300.000	-0.011	300.002	0.960	1.840	1772221585.350
666	300.000	-0.041	300.003	0.367	2.986	1772221585.586
667	300.000	0.016	300.001	0.764	5.241	1772221585.862
668	300.000	-0.002	300.002	0.273	0.332	1772221586.081
669	300.000	-0.016	300.003	0.802	2.010	1772221586.323
670	300.000	0.007	299.999	0.377	2.874	1772221586.580
671	300.000	-0.032	300.002	0.702	5.364	1772221586.819
672	300.000	0.006	299.998	0.475	0.243	1772221587.063
673	300.000	0.066	299.997	0.808	2.074	1772221587.306
674	300.000	0.003	299.999	0.466	2.854	1772221587.539
675	300.000	-0.023	300.004	0.598	5.237	1772221587.793
676	300.000	-0.010	300.000	0.498	6.160	1772221588.023
677	300.000	0.028	300.000	0.809	1.969	1772221588.305
678	300.000	-0.008	299.999	0.489	2.901	1772221588.567
679	300.000	0.004	299.999	0.718	5.310	1772221588.853
680	300.000	-0.003	299.998	0.419	0.751	1772221589.092
681	300.000	-0.016	299.997	0.833	2.097	1772221589.371
682	300.000	-0.033	299.998	0.394	3.450	1772221589.593
683	300.000	0.005	300.001	0.717	5.348	1772221589.841
684	300.000	0.035	300.003	0.432	0.360	1772221590.101
685	300.000	-0.018	299.998	0.850	2.093	1772221590.362
686	300.000	-0.016	300.003	0.337	3.772	1772221590.601
687	300.000	0.001	300.000	0.727	5.427	1772221590.825
688	300.000	-0.042	300.000	0.476	0.219	1772221591.024
689	300.000	-0.004	299.997	0.826	2.022	1772221591.295
690	300.000	-0.041	300.001	0.444	2.715	1772221591.551
691	300.000	-0.017	300.001	0.597	5.279	1772221591.790
692	300.000	-0.023	300.002	0.469	0.152	1772221592.027
693	300.000	0.017	300.001	0.821	2.040	1772221592.283
694	300.000	0.008	300.002	0.491	2.910	1772221592.545
695	300.000	-0.008	300.000	0.664	5.204	1772221592.766
696	300.000	0.002	300.003	0.528	6.228	1772221593.040
697	300.000	0.003	299.999	0.942	2.016	1772221593.301
698	300.000	0.009	300.000	0.374	2.811	1772221593.557
699	300.000	0.023	300.000	0.681	5.261	1772221593.807
700	300.000	-0.014	300.002	0.431	6.256	1772221594.020
701	300.000	-0.019	300.000	0.838	2.035	1772221594.297
702	300.000	-0.019	299.998	0.356	2.942	1772221594.535
703	300.000	0.006	300.001	0.631	5.317	1772221594.820
704	300.000	-0.018	300.001	0.352	0.229	1772221595.021
705	300.000	-0.023	299.999	0.908	1.743	1772221595.222
706	300.000	0.003	300.001	0.568	2.593	1772221595.495
707	300.000	0.027	300.002	0.589	5.275	1772221595.725
708	300.000	0.046	300.001	0.627	6.066	1772221595.983
709	300.000	-0.008	300.000	0.804	1.879	1772221596.235
710	300.000	-0.008	300.004	0.492	2.217	1772221596.469
711	300.000	0.008	299.999	0.565	5.141	1772221596.732
712	300.000	-0.018	299.999	0.551	5.955	1772221596.977
713	300.000	-0.018	300.000	0.839	1.801	1772221597.234
714	300.000	-0.012	299.999	0.624	2.647	1772221597.465
715	300.000	-0.026	300.000	0.559	5.114	1772221597.748
716	300.000	0.011	300.001	0.508	6.196	1772221597.976
717	300.000	-0.012	300.000	0.867	1.864	1772221598.198
718	300.000	0.030	300.000	0.522	2.705	1772221598.481
719	300.000	0.014	300.002	0.614	5.290	1772221598.732
720	300.000	0.017	299.998	0.444	6.252	1772221598.972
721	300.000	0.015	299.997	0.903	1.987	1772221599.218
722	300.000	-0.016	300.003	0.460	2.803	1772221599.464
723	300.000	-0.008	300.001	0.609	5.295	1772221599.737
724	300.000	0.049	300.001	0.504	6.141	1772221599.990
725	300.000	0.013	300.000	0.937	2.057	1772221600.241
726	300.000	-0.060	299.996	0.245	2.880	1772221600.518
727	300.000	0.040	299.998	0.778	5.365	1772221600.748
728	300.000	-0.039	300.004	0.362	0.392	1772221600.988
729	300.000	0.003	300.002	0.868	1.950	1772221601.246
730	300.000	0.014	300.000	0.312	2.392	1772221601.495
731	300.000	0.033	299.998	0.647	5.406	1772221601.772
732	300.000	-0.059	300.000	0.435	0.224	1772221602.002
733	300.000	-0.022	300.004	0.940	2.039	1772221602.239
734	300.000	-0.006	300.003	0.418	3.126	1772221602.498
735	300.000	0.001	300.000	0.600	5.361	1772221602.743
736	300.000	-0.004	300.000	0.379	0.108	1772221603.007
737	300.000	0.037	299.999	0.986	2.157	1772221603.223
738	300.000	0.021	299.998	0.480	2.747	1772221603.495
739	300.000	-0.006	300.003	0.638	5.515	1772221603.727
740	300.000	0.001	299.998	0.409	0.406	1772221603.994
741	300.000	-0.026	300.001	1.081	1.990	1772221604.238
742	300.000	0.015	299.999	0.421	3.148	1772221604.492
743	300.000	-0.006	299.999	0.709	5.412	1772221604.741
744	300.000	0.042	299.995	0.329	0.664	1772221604.988
745	300.000	-0.031	300.000	0.912	2.012	1772221605.244
746	300.000	-0.032	300.001	0.401	3.077	1772221605.498
747	300.000	0.019	300.002	0.759	5.445	1772221605.756
748	300.000	-0.014	300.003	0.399	0.874	1772221606.011
749	300.000	0.017	299.998	0.981	2.044	1772221606.234
750	300.000	0.029	299.999	0.307	3.351	1772221606.484
751	300.000	-0.002	300.000	0.663	5.584	1772221606.739
752	300.000	-0.007	300.003	0.347	0.915	1772221606.995
753	300.000	0.004	299.999	1.079	2.078	1772221607.230
754	300.000	0.014	299.998	0.367	3.408	1772221607.516
755	300.000	-0.002	300.002	0.688	5.647	1772221607.736
756	300.000	-0.003	300.001	0.408	0.937	1772221607.995
757	300.000	0.047	300.000	0.965	2.316	1772221608.251
758	300.000	0.010	299.996	0.326	3.498	1772221608.478
759	300.000	0.007	299.998	0.733	5.495	1772221608.734
760	300.000	0.040	300.001	0.400	0.470	1772221608.966
761	300.000	-0.016	300.004	1.018	2.020	1772221609.247
762	300.000	0.020	300.006	0.438	3.516	1772221609.475
763	300.000	-0.018	300.000	0.727	5.395	1772221609.745
764	300.000	-0.038	300.002	0.410	1.118	1772221610.007
765	300.000	-0.013	299.998	0.876	2.177	1772221610.258
766	300.000	-0.010	300.002	0.325	3.711	1772221610.500
767	300.000	-0.010	299.996	0.738	5.594	1772221610.715
768	300.000	0.021	300.002	0.429	0.567	1772221610.936
769	300.000	-0.001	299.999	0.957	2.090	1772221611.185
770	300.000	-0.013	300.007	0.401	3.092	1772221611.425
771	300.000	0.002	300.000	0.726	5.403	1772221611.677
772	300.000	-0.057	299.998	0.398	0.462	1772221611.927
773	300.000	0.008	300.001	0.970	2.072	1772221612.180
774	300.000	0.011	300.000	0.336	3.318	1772221612.446
775	300.000	-0.023	299.995	0.730	5.364	1772221612.697
776	300.000	-0.019	300.002	0.440	0.420	1772221612.940
777	300.000	0.053	300.002	0.973	2.093	1772221613.165
778	300.000	-0.025	300.001	0.409	3.071	1772221613.438
779	300.000	-0.008	299.997	0.729	5.396	1772221613.675
780	300.000	0.027	300.000	0.467	0.698	1772221613.945
781	300.000	0.020	300.001	0.970	2.011	1772221614.170
782	300.000	0.011	300.002	0.424	2.685	1772221614.435
783	300.000	0.024	299.996	0.684	5.485	1772221614.660
784	300.000	-0.034	300.002	0.381	0.604	1772221614.906
785	300.000	-0.039	300.001	1.048	2.064	1772221615.184
786	300.000	-0.021	299.997	0.294	3.096	1772221615.435
787	300.000	0.007	300.001	0.756	5.562	1772221615.715
788	300.000	0.033	299.996	0.463	1.104	1772221615.928
789	300.000	-0.021	300.000	0.971	2.058	1772221616.197
790	300.000	-0.040	300.000	0.276	3.582	1772221616.449
791	300.000	0.035	300.002	0.823	5.457	1772221616.706
792	300.000	0.001	299.999	0.524	1.232	1772221616.951
793	300.000	0.013	299.999	0.946	2.248	1772221617.188
794	300.000	-0.014	300.001	0.230	3.454	1772221617.433
795	300.000	0.019	299.999	0.683	5.598	1772221617.692
796	300.000	-0.008	299.996	0.479	1.028	1772221617.944
797	300.000	0.011	300.003	0.921	2.162	1772221618.189
798	300.000	-0.000	300.000	0.262	3.858	1772221618.437
799	300.000	0.000	300.002	0.827	5.658	1772221618.714
800	300.000	0.014	299.999	0.577	1.336	1772221618.947
801	300.000	-0.072	299.999	0.866	2.225	1772221619.218
802	300.000	0.012	299.998	0.308	4.668	1772221619.450
803	300.000	0.002	300.002	0.746	5.544	1772221619.714
804	300.000	-0.034	299.998	0.618	1.652	1772221619.958
805	300.000	0.005	299.995	0.885	2.337	1772221620.196
806	300.000	-0.025	300.001	0.299	4.225	1772221620.439
807	300.000	-0.030	300.000	0.695	5.641	1772221620.678
808	300.000	0.005	300.000	0.601	1.380	1772221620.955
809	300.000	-0.042	299.998	0.841	2.249	1772221621.209
810	300.000	-0.025	300.001	0.232	4.348	1772221621.436
811	300.000	0.003	300.004	0.775	5.652	1772221621.689
812	300.000	0.009	300.000	0.515	1.423	1772221621.938
813	300.000	0.020	299.999	0.955	2.247	1772221622.192
814	300.000	-0.057	300.004	0.419	4.474	1772221622.432
815	300.000	0.057	299.997	0.765	5.795	1772221622.693
816	300.000	-0.023	300.001	0.714	1.704	1772221622.950
817	300.000	0.060	299.999	0.787	2.327	1772221623.197
818	300.000	0.001	300.002	0.449	4.916	1772221623.459
819	300.000	-0.002	299.998	0.779	5.747	1772221623.700
820	300.000	-0.031	300.002	0.739	1.717	1772221623.932
821	300.000	0.017	300.002	0.828	2.152	1772221624.165
822	300.000	0.012	300.000	0.364	4.285	1772221624.428
823	300.000	0.006	300.000	0.798	5.927	1772221624.678
824	300.000	-0.018	300.000	0.557	1.507	1772221624.921
825	300.000	0.004	300.002	0.821	2.269	1772221625.152
826	300.000	0.054	300.002	0.346	4.577	1772221625.407
827	300.000	0.062	299.996	0.738	5.800	1772221625.673
828	300.000	-0.033	300.000	0.666	1.645	1772221625.917
829	300.000	-0.003	300.002	0.821	2.239	1772221626.161
830	300.000	0.005	300.003	0.310	4.418	1772221626.397
831	300.000	-0.014	300.003	0.728	5.791	1772221626.643
832	300.000	0.005	299.998	0.647	1.656	1772221626.906
833	300.000	-0.047	300.002	0.755	2.308	1772221627.174
834	300.000	0.015	300.000	0.449	4.786	1772221627.424
835	300.000	0.008	299.999	0.632	5.734	1772221627.679
836	300.000	-0.008	299.995	0.773	1.795	1772221627.911
837	300.000	-0.029	300.003	0.718	2.417	1772221628.192
838	300.000	-0.008	300.003	0.431	4.965	1772221628.400
839	300.000	0.017	300.000	0.740	6.024	1772221628.669
840	300.000	-0.008	300.002	0.774	1.835	1772221628.899
841	300.000	-0.009	300.001	0.779	2.423	1772221629.162
842	300.000	-0.018	300.000	0.397	5.072	1772221629.433
843	300.000	-0.003	299.999	0.652	6.003	1772221629.655
844	300.000	0.026	300.002	0.797	1.767	1772221629.922
845	300.000	0.041	300.000	0.731	2.421	1772221630.146
846	300.000	-0.026	300.000	0.391	4.852	1772221630.411
847	300.000	0.007	300.000	0.816	5.995	1772221630.633
848	300.000	-0.036	300.003	0.650	1.531	1772221630.842
849	300.000	-0.025	299.998	0.874	2.324	1772221631.142
850	300.000	-0.012	299.999	0.359	4.815	1772221631.370
851	300.000	0.013	299.997	0.691	5.932	1772221631.621
852	300.000	0.030	300.002	0.713	1.692	1772221631.856
853	300.000	0.023	300.006	0.919	2.334	1772221632.111
854	300.000	0.015	300.001	0.243	4.634	1772221632.377
855	300.000	-0.016	299.999	0.646	5.906	1772221632.575
856	300.000	-0.015	300.001	0.615	1.604	1772221632.868
857	300.000	0.024	299.999	0.878	2.332	1772221633.093
858	300.000	0.017	299.998	0.336	4.407	1772221633.378
859	300.000	-0.014	300.001	0.673	5.954	1772221633.608
860	300.000	0.033	299.998	0.747	1.582	1772221633.839
861	300.000	0.014	300.003	0.927	2.237	1772221634.088
862	300.000	0.006	300.000	0.321	4.384	1772221634.359
863	300.000	-0.016	300.000	0.625	6.003	1772221634.610
864	300.000	-0.003	299.996	0.764	1.770	1772221634.828
865	300.000	0.041	300.000	0.955	2.335	1772221635.101
866	300.000	0.024	300.003	0.302	4.673	1772221635.358
867	300.000	-0.035	299.999	0.704	5.831	1772221635.605
868	300.000	-0.069	299.999	0.657	1.744	1772221635.853
869	300.000	-0.007	299.999	0.832	2.336	1772221636.087
870	300.000	-0.029	300.004	0.409	4.846	1772221636.380
871	300.000	-0.004	299.997	0.655	5.919	1772221636.602
872	300.000	-0.009	300.000	0.803	1.546	1772221636.863
873	300.000	0.014	300.002	0.981	2.212	1772221637.088
874	300.000	0.035	300.003	0.280	4.426	1772221637.341
875	300.000	-0.014	299.997	0.757	5.719	1772221637.614
876	300.000	0.013	300.000	0.940	1.783	1772221637.850
877	300.000	0.055	300.001	0.737	2.319	1772221638.114
878	300.000	-0.019	299.999	0.453	4.761	1772221638.335
879	300.000	-0.027	300.000	0.632	6.073	1772221638.597
880	300.000	0.042	300.000	0.759	1.769	1772221638.857
881	300.000	-0.006	299.997	0.713	2.449	1772221639.100
882	300.000	0.018	299.997	0.315	5.018	1772221639.344
883	300.000	-0.015	300.003	0.603	5.917	1772221639.618
884	300.000	-0.045	300.000	0.832	1.903	1772221639.865
885	300.000	0.000	300.002	0.736	2.448	1772221640.078
886	300.000	-0.018	299.994	0.433	4.889	1772221640.340
887	300.000	-0.009	300.000	0.609	5.999	1772221640.623
888	300.000	0.028	299.998	0.916	2.122	1772221640.909
889	300.000	-0.027	300.001	0.519	2.516	1772221641.144
890	300.000	0.011	299.998	0.585	5.315	1772221641.420
891	300.000	-0.002	300.001	0.495	0.268	1772221641.648
892	300.000	-0.028	299.998	0.906	2.061	1772221641.915
893	300.000	-0.008	300.003	0.388	2.867	1772221642.172
894	300.000	0.019	300.004	0.642	5.391	1772221642.442
895	300.000	0.028	300.002	0.474	0.614	1772221642.672
896	300.000	0.071	300.000	0.970	2.082	1772221642.909
897	300.000	0.013	300.000	0.459	2.568	1772221643.174
898	300.000	0.013	299.999	0.644	5.558	1772221643.421
899	300.000	0.016	299.998	0.337	0.599	1772221643.667
900	300.000	0.011	300.000	0.989	2.029	1772221643.903
901	300.000	-0.040	299.995	0.479	2.668	1772221644.180
902	300.000	-0.025	300.001	0.648	5.262	1772221644.411
903	300.000	-0.013	300.001	0.453	0.242	1772221644.631
904	300.000	0.016	300.003	1.040	2.004	1772221644.902
905	300.000	0.003	299.999	0.346	2.976	1772221645.149
906	300.000	-0.014	300.002	0.538	5.418	1772221645.430
907	300.000	0.026	300.000	0.287	0.419	1772221645.668
908	300.000	-0.021	300.000	0.945	2.091	1772221645.920
909	300.000	-0.013	299.999	0.513	3.231	1772221646.179
910	300.000	-0.004	299.998	0.663	5.290	1772221646.423
911	300.000	-0.027	300.001	0.497	0.768	1772221646.673
912	300.000	-0.020	299.999	1.005	2.066	1772221646.896
913	300.000	0.037	300.001	0.495	3.118	1772221647.169
914	300.000	-0.047	300.001	0.655	5.383	1772221647.417
915	300.000	-0.016	300.003	0.369	0.506	1772221647.671
916	300.000	-0.017	299.998	1.000	2.092	1772221647.904
917	300.000	-0.013	300.005	0.347	3.179	1772221648.152
918	300.000	-0.017	299.998	0.654	5.414	1772221648.427
919	300.000	-0.014	299.997	0.400	0.594	1772221648.656
920	300.000	0.021	300.003	0.899	2.133	1772221648.934
921	300.000	-0.014	300.000	0.326	3.131	1772221649.173
922	300.000	-0.020	299.999	0.697	5.409	1772221649.422
923	300.000	0.023	300.003	0.325	0.767	1772221649.673
924	300.000	-0.035	299.999	0.949	2.201	1772221649.933
925	300.000	0.050	299.998	0.426	3.381	1772221650.148
926	300.000	-0.045	300.001	0.566	5.266	1772221650.405
927	300.000	0.034	300.002	0.406	0.172	1772221650.662
928	300.000	-0.024	299.997	1.005	2.104	1772221650.915
929	300.000	-0.001	299.998	0.373	3.377	1772221651.158
930	300.000	-0.018	300.002	0.727	5.413	1772221651.409
931	300.000	-0.003	300.001	0.428	0.786	1772221651.656
932	300.000	0.017	300.005	1.015	2.225	1772221651.938
933	300.000	0.024	299.999	0.266	3.127	1772221652.129
934	300.000	0.053	300.000	0.638	5.299	1772221652.374
935	300.000	-0.023	300.001	0.424	0.167	1772221652.598
936	300.000	-0.011	300.000	0.914	1.998	1772221652.844
937	300.000	0.009	300.002	0.568	2.367	1772221653.102
938	300.000	0.022	299.997	0.621	5.221	1772221653.365
939	300.000	0.009	300.000	0.358	0.076	1772221653.623
940	300.000	0.020	300.000	0.992	2.068	1772221653.872
941	300.000	0.030	300.007	0.486	2.683	1772221654.101
942	300.000	0.009	300.000	0.714	5.115	1772221654.357
943	300.000	-0.036	300.001	0.463	6.064	1772221654.590
944	300.000	0.013	300.001	1.008	1.931	1772221654.873
945	300.000	-0.030	300.002	0.460	2.727	1772221655.086
946	300.000	-0.042	299.997	0.624	5.198	1772221655.363
947	300.000	0.015	299.998	0.353	0.224	1772221655.606
948	300.000	0.034	300.001	0.946	2.039	1772221655.874
949	300.000	-0.003	299.999	0.424	2.617	1772221656.111
950	300.000	0.021	300.000	0.645	5.291	1772221656.333
951	300.000	0.015	299.995	0.527	0.117	1772221656.607
952	300.000	-0.012	300.001	0.992	1.962	1772221656.859
953	300.000	0.001	299.999	0.500	2.729	1772221657.109
954	300.000	-0.008	300.000	0.655	5.519	1772221657.358
955	300.000	0.005	299.996	0.320	0.539	1772221657.635
956	300.000	0.015	299.998	1.072	2.198	1772221657.887
957	300.000	-0.001	300.003	0.301	2.904	1772221658.158
958	300.000	0.016	299.998	0.689	5.723	1772221658.382
959	300.000	-0.035	299.998	0.412	0.321	1772221658.609
960	300.000	0.013	300.002	1.050	2.089	1772221658.894
961	300.000	0.045	300.000	0.319	3.302	1772221659.117
962	300.000	0.007	300.001	0.640	5.495	1772221659.377
963	300.000	-0.028	300.000	0.365	0.888	1772221659.635
964	300.000	-0.003	300.001	0.905	2.122	1772221659.889
965	300.000	0.015	300.001	0.204	3.590	1772221660.129
966	300.000	-0.027	299.997	0.761	5.600	1772221660.362
967	300.000	-0.026	300.001	0.454	0.443	1772221660.629
968	300.000	-0.023	300.000	0.965	2.159	1772221660.882
969	300.000	-0.025	299.999	0.249	3.289	1772221661.151
970	300.000	-0.007	299.997	0.766	5.594	1772221661.404
971	300.000	0.002	300.003	0.496	1.052	1772221661.626
972	300.000	-0.033	300.000	1.058	2.163	1772221661.884
973	300.000	0.056	299.999	0.408	3.413	1772221662.132
974	300.000	0.037	299.997	0.756	5.568	1772221662.393
975	300.000	-0.023	300.003	0.482	0.810	1772221662.623
976	300.000	0.002	299.997	0.994	2.088	1772221662.894
977	300.000	0.016	300.002	0.375	3.654	1772221663.130
978	300.000	0.036	300.003	0.755	5.668	1772221663.406
979	300.000	0.009	299.998	0.514	1.144	1772221663.632
980	300.000	-0.007	299.998	1.006	2.302	1772221663.900
981	300.000	0.022	300.000	0.297	3.934	1772221664.124
982	300.000	-0.065	300.003	0.820	5.458	1772221664.373
983	300.000	-0.028	300.002	0.452	1.165	1772221664.638
984	300.000	-0.010	300.002	0.930	2.128	1772221664.873
985	300.000	-0.002	299.997	0.289	3.898	1772221665.137
986	300.000	-0.009	300.000	0.758	5.754	1772221665.396
987	300.000	-0.061	299.997	0.636	1.165	1772221665.637
988	300.000	0.026	299.998	0.921	2.293	1772221665.877
989	300.000	-0.025	299.997	0.196	3.681	1772221666.121
990	300.000	-0.002	300.001	0.773	5.734	1772221666.390
991	300.000	0.020	300.000	0.542	1.611	1772221666.639
992	300.000	-0.047	299.996	0.985	2.242	1772221666.912
993	300.000	-0.003	300.000	0.315	4.536	1772221667.142
994	300.000	0.055	299.997	0.793	5.644	1772221667.384
995	300.000	-0.004	299.996	0.593	1.715	1772221667.639
996	300.000	-0.015	299.999	1.063	2.297	1772221667.866
997	300.000	-0.020	299.999	0.151	3.949	1772221668.147
998	300.000	0.008	300.000	0.798	5.657	1772221668.386
999	300.000	-0.043	300.002	0.701	1.487	1772221668.639
1000	300.000	-0.031	300.000	0.962	2.248	1772221668.877
1001	300.000	-0.008	299.997	0.424	4.536	1772221669.132
1002	300.000	0.014	300.001	0.711	5.811	1772221669.381
1003	300.000	0.023	299.997	0.709	1.631	1772221669.652
1004	300.000	0.029	300.002	1.035	2.222	1772221669.891
1005	300.000	0.038	300.001	0.357	4.738	1772221670.101
1006	300.000	0.047	300.001	0.682	5.715	1772221670.384
1007	300.000	-0.014	300.000	0.665	1.636	1772221670.632
1008	300.000	-0.017	299.999	0.909	2.326	1772221670.901
1009	300.000	0.028	299.997	0.331	4.828	1772221671.164
1010	300.000	0.038	300.000	0.622	6.047	1772221671.429
1011	300.000	0.025	299.998	0.903	2.042	1772221671.658
1012	300.000	0.003	300.000	0.698	2.320	1772221671.919
1013	300.000	0.036	300.000	0.381	5.236	1772221672.180
1014	300.000	-0.025	300.001	0.605	6.149	1772221672.408
1015	300.000	0.001	299.998	0.903	1.899	1772221672.662
1016	300.000	-0.042	299.998	0.707	2.357	1772221672.910
1017	300.000	-0.006	299.998	0.479	5.149	1772221673.182
1018	300.000	-0.039	300.000	0.573	5.991	1772221673.425
1019	300.000	-0.038	300.001	0.953	1.949	1772221673.662
1020	300.000	-0.045	299.999	0.839	2.245	1772221673.883
1021	300.000	0.010	300.003	0.442	4.879	1772221674.137
1022	300.000	0.023	299.999	0.817	5.757	1772221674.380
1023	300.000	0.004	300.003	0.816	1.752	1772221674.634
1024	300.000	0.043	299.999	0.852	2.319	1772221674.901
1025	300.000	-0.003	300.002	0.346	5.004	1772221675.146
1026	300.000	-0.033	299.998	0.795	5.770	1772221675.381
1027	300.000	-0.007	299.997	0.719	1.583	1772221675.651
1028	300.000	0.010	299.998	0.784	2.347	1772221675.876
1029	300.000	-0.010	300.002	0.317	4.928	1772221676.146
1030	300.000	-0.036	300.000	0.680	5.893	1772221676.395
1031	300.000	0.064	300.003	0.923	1.781	1772221676.630
1032	300.000	-0.059	300.000	0.828	2.321	1772221676.890
1033	300.000	0.014	300.003	0.293	5.145	1772221677.126
1034	300.000	-0.062	300.000	0.688	6.010	1772221677.395
1035	300.000	-0.051	299.998	0.859	1.783	1772221677.621
1036	300.000	-0.056	299.999	0.732	2.399	1772221677.889
1037	300.000	0.023	300.001	0.604	5.160	1772221678.145
1038	300.000	-0.038	300.002	0.772	5.847	1772221678.378
1039	300.000	0.016	299.999	0.893	1.827	1772221678.640
1040	300.000	0.000	300.001	0.721	2.332	1772221678.867
1041	300.000	0.012	299.995	0.386	5.184	1772221679.153
1042	300.000	-0.015	300.002	0.730	6.091	1772221679.393
1043	300.000	0.012	300.003	1.040	1.850	1772221679.650
1044	300.000	0.001	299.998	0.568	2.406	1772221679.892
1045	300.000	0.015	300.000	0.420	4.953	1772221680.135
1046	300.000	-0.009	300.001	0.634	6.111	1772221680.391
1047	300.000	0.038	300.002	0.785	1.829	1772221680.618
1048	300.000	-0.012	300.000	0.775	2.293	1772221680.877
1049	300.000	0.007	300.000	0.450	5.070	1772221681.123
1050	300.000	0.025	299.998	0.574	5.805	1772221681.405
1051	300.000	0.023	299.996	0.812	1.963	1772221681.615
1052	300.000	0.030	300.002	0.664	2.553	1772221681.882
1053	300.000	-0.020	300.002	0.433	4.970	1772221682.138
1054	300.000	-0.012	299.999	0.684	6.056	1772221682.387
1055	300.000	0.018	300.000	0.885	1.733	1772221682.648
1056	300.000	-0.009	299.996	0.710	2.415	1772221682.878
1057	300.000	-0.007	299.999	0.502	4.956	1772221683.127
1058	300.000	-0.026	299.998	0.659	6.066	1772221683.375
1059	300.000	-0.007	300.001	0.740	1.814	1772221683.622
1060	300.000	-0.002	300.001	0.571	2.344	1772221683.900
1061	300.000	0.010	300.002	0.438	5.090	1772221684.105
1062	300.000	-0.003	300.001	0.717	5.960	1772221684.389
1063	300.000	-0.002	299.999	0.815	1.777	1772221684.628
1064	300.000	0.039	300.000	0.576	2.502	1772221684.903
1065	300.000	-0.025	300.002	0.629	5.075	1772221685.134
1066	300.000	0.013	299.997	0.595	6.070	1772221685.401
1067	300.000	-0.024	300.001	0.901	1.778	1772221685.645
1068	300.000	-0.013	299.999	0.605	2.280	1772221685.887
1069	300.000	0.011	300.001	0.492	5.097	1772221686.147
1070	300.000	0.004	300.000	0.746	6.039	1772221686.372
1071	300.000	0.018	299.998	0.830	1.797	1772221686.648
1072	300.000	-0.037	300.000	0.653	2.333	1772221686.872
1073	300.000	-0.005	299.999	0.343	5.065	1772221687.138
1074	300.000	0.012	299.997	0.710	6.159	1772221687.396
1075	300.000	-0.027	299.998	0.907	1.788	1772221687.631
1076	300.000	-0.010	299.998	0.760	2.278	1772221687.873
1077	300.000	-0.026	300.006	0.435	4.869	1772221688.115
1078	300.000	0.027	299.998	0.741	6.001	1772221688.379
1079	300.000	-0.028	300.001	0.868	1.787	1772221688.642
1080	300.000	0.010	300.002	0.615	2.248	1772221688.895
1081	300.000	0.033	299.997	0.516	5.104	1772221689.149
1082	300.000	-0.010	300.000	0.582	6.035	1772221689.389
1083	300.000	0.010	299.997	0.900	1.822	1772221689.636
1084	300.000	-0.021	299.999	0.782	2.369	1772221689.891
1085	300.000	-0.027	300.000	0.492	5.336	1772221690.131
1086	300.000	-0.010	299.999	0.697	6.212	1772221690.386
1087	300.000	-0.026	299.998	0.992	1.841	1772221690.641
1088	300.000	-0.020	300.002	0.628	2.351	1772221690.873
1089	300.000	-0.008	300.001	0.400	5.247	1772221691.141
1090	300.000	0.048	299.997	0.646	0.083	1772221691.391
1091	300.000	-0.056	300.001	0.880	1.841	1772221691.634
1092	300.000	0.047	300.001	0.635	2.218	1772221691.878
1093	300.000	0.021	300.002	0.530	5.081	1772221692.102
1094	300.000	0.042	300.005	0.620	6.030	1772221692.392
1095	300.000	0.003	299.999	0.972	1.785	1772221692.634
1096	300.000	-0.006	300.002	0.521	2.613	1772221692.910
1097	300.000	0.002	300.000	0.528	5.216	1772221693.146
1098	300.000	0.019	299.997	0.607	0.303	1772221693.382
1099	300.000	-0.025	299.998	0.917	1.967	1772221693.631
1100	300.000	-0.001	299.999	0.671	2.489	1772221693.899
1101	300.000	0.047	300.004	0.524	5.147	1772221694.143
1102	300.000	0.047	299.998	0.621	0.009	1772221694.372
1103	300.000	0.009	299.999	0.876	1.855	1772221694.624
1104	300.000	0.053	300.002	0.543	2.318	1772221694.881
1105	300.000	-0.013	300.001	0.546	5.228	1772221695.157
1106	300.000	-0.003	300.000	0.608	0.243	1772221695.391
1107	300.000	0.018	300.003	0.988	1.698	1772221695.639
1108	300.000	0.019	300.004	0.493	2.501	1772221695.879
1109	300.000	0.033	300.000	0.585	5.011	1772221696.131
1110	300.000	-0.039	300.002	0.598	0.229	1772221696.388
1111	300.000	0.045	300.001	1.141	1.894	1772221696.646
1112	300.000	-0.016	299.998	0.521	2.583	1772221696.905
1113	300.000	-0.009	300.000	0.592	5.554	1772221697.142
1114	300.000	-0.025	299.997	0.473	0.143	1772221697.423
1115	300.000	-0.016	300.000	1.139	1.906	1772221697.655
1116	300.000	-0.014	300.000	0.350	2.619	1772221697.877
1117	300.000	0.041	300.002	0.558	5.286	1772221698.152
1118	300.000	0.036	299.997	0.560	0.260	1772221698.380
1119	300.000	0.010	300.002	1.117	1.906	1772221698.667
1120	300.000	0.018	300.003	0.408	2.631	1772221698.873
1121	300.000	0.002	300.001	0.532	5.394	1772221699.163
1122	300.000	0.032	300.000	0.512	0.784	1772221699.400
1123	300.000	-0.049	299.999	1.038	1.999	1772221699.674
1124	300.000	0.003	300.000	0.293	2.880	1772221699.926
1125	300.000	-0.015	299.999	0.702	5.106	1772221700.173
1126	300.000	-0.071	299.999	0.550	0.653	1772221700.415
1127	300.000	-0.005	300.000	1.037	2.009	1772221700.687
1128	300.000	-0.009	300.005	0.269	3.401	1772221700.928
1129	300.000	0.052	300.001	0.647	5.445	1772221701.155
1130	300.000	-0.014	300.002	0.503	0.500	1772221701.418
1131	300.000	-0.015	300.002	1.024	1.971	1772221701.683
1132	300.000	0.036	299.998	0.378	3.275	1772221701.907
1133	300.000	-0.003	299.999	0.670	5.459	1772221702.156
1134	300.000	0.032	299.998	0.572	0.884	1772221702.430
1135	300.000	0.001	299.997	1.065	2.027	1772221702.682
1136	300.000	-0.013	299.999	0.255	3.728	1772221702.933
1137	300.000	-0.013	300.000	0.818	5.589	1772221703.219
1138	300.000	-0.022	299.998	0.651	1.269	1772221703.442
1139	300.000	-0.004	300.001	0.950	2.031	1772221703.686
1140	300.000	-0.010	300.001	0.345	4.000	1772221703.942
1141	300.000	-0.056	299.997	0.750	5.770	1772221704.205
1142	300.000	0.004	299.999	0.718	1.461	1772221704.453
1143	300.000	-0.013	299.999	0.939	2.153	1772221704.691
1144	300.000	0.001	300.000	0.233	4.035	1772221704.949
1145	300.000	0.027	300.000	0.645	5.700	1772221705.195
1146	300.000	0.007	299.998	0.845	1.300	1772221705.443
1147	300.000	-0.023	300.000	0.887	2.110	1772221705.695
1148	300.000	-0.007	299.998	0.380	4.312	1772221705.950
1149	300.000	-0.031	300.002	0.688	5.704	1772221706.213
1150	300.000	0.015	300.001	0.669	1.612	1772221706.460
1151	300.000	0.032	300.003	0.956	2.253	1772221706.709
1152	300.000	-0.003	300.000	0.342	3.977	1772221706.952
1153	300.000	-0.048	300.000	0.657	5.916	1772221707.214
1154	300.000	0.045	299.998	0.644	1.487	1772221707.450
1155	300.000	0.028	299.998	0.851	2.250	1772221707.708
1156	300.000	0.006	299.999	0.384	4.861	1772221707.946
1157	300.000	0.016	300.001	0.619	5.901	1772221708.187
1158	300.000	-0.013	300.000	0.739	1.462	1772221708.438
1159	300.000	0.018	300.004	0.925	2.250	1772221708.665
1160	300.000	-0.019	300.002	0.442	3.818	1772221708.895
1161	300.000	0.026	300.001	0.719	5.713	1772221709.148
1162	300.000	0.011	300.001	0.449	1.094	1772221709.398
1163	300.000	-0.004	300.002	0.978	2.076	1772221709.638
1164	300.000	-0.033	299.998	0.425	3.477	1772221709.877
1165	300.000	-0.006	300.000	0.643	5.478	1772221710.144
1166	300.000	0.012	300.004	0.406	0.940	1772221710.384
1167	300.000	0.020	300.000	1.101	1.968	1772221710.631
1168	300.000	-0.002	300.002	0.284	3.911	1772221710.890
1169	300.000	-0.002	299.996	0.713	5.565	1772221711.137
1170	300.000	-0.010	300.000	0.561	1.212	1772221711.404
1171	300.000	0.010	300.001	1.000	2.158	1772221711.648
1172	300.000	-0.022	300.002	0.386	3.936	1772221711.883
1173	300.000	0.056	300.000	0.647	5.619	1772221712.119
1174	300.000	-0.013	299.998	0.537	1.110	1772221712.393
1175	300.000	0.031	299.995	0.911	2.056	1772221712.639
1176	300.000	0.001	300.002	0.312	3.758	1772221712.890
1177	300.000	0.010	300.002	0.799	5.488	1772221713.136
1178	300.000	-0.005	299.998	0.575	1.184	1772221713.372
1179	300.000	-0.013	300.000	0.928	2.115	1772221713.622
1180	300.000	0.016	300.002	0.303	4.033	1772221713.869
1181	300.000	0.008	300.002	0.716	5.642	1772221714.123
1182	300.000	-0.056	300.002	0.589	1.161	1772221714.382
1183	300.000	-0.013	300.001	0.827	2.180	1772221714.661
1184	300.000	-0.029	300.001	0.319	4.416	1772221714.894
1185	300.000	0.022	300.002	0.715	5.731	1772221715.132
1186	300.000	-0.028	299.998	0.629	1.353	1772221715.382
1187	300.000	0.033	300.001	0.892	2.174	1772221715.631
1188	300.000	-0.000	299.998	0.410	4.120	1772221715.890
1189	300.000	-0.010	299.998	0.704	6.030	1772221716.106
1190	300.000	0.017	299.999	0.543	0.842	1772221716.297
1191	300.000	-0.032	300.002	0.967	1.975	1772221716.597
1192	300.000	0.010	300.001	0.362	3.688	1772221716.808
1193	300.000	0.006	300.001	0.521	5.505	1772221717.086
1194	300.000	0.013	300.000	0.549	0.761	1772221717.324
1195	300.000	0.013	300.001	0.999	2.006	1772221717.557
1196	300.000	0.011	299.998	0.433	3.184	1772221717.789
1197	300.000	-0.011	300.003	0.704	5.239	1772221718.028
1198	300.000	-0.046	299.999	0.483	0.202	1772221718.278
1199	300.000	0.005	300.001	1.100	1.859	1772221718.521
1200	300.000	0.002	300.003	0.548	2.942	1772221718.751
1201	300.000	0.010	299.998	0.516	5.196	1772221719.018
1202	300.000	-0.024	300.002	0.531	0.311	1772221719.252
1203	300.000	-0.006	300.001	0.999	1.901	1772221719.532
1204	300.000	0.040	299.998	0.442	3.105	1772221719.756
1205	300.000	-0.030	299.997	0.537	5.318	1772221719.999
1206	300.000	0.061	299.998	0.472	0.124	1772221720.258
1207	300.000	0.012	300.003	1.001	1.824	1772221720.527
1208	300.000	-0.020	300.000	0.402	3.023	1772221720.752
1209	300.000	0.000	300.003	0.622	5.134	1772221720.993
1210	300.000	0.024	300.001	0.527	0.184	1772221721.258
1211	300.000	-0.012	299.999	1.024	1.907	1772221721.513
1212	300.000	-0.055	300.001	0.453	3.137	1772221721.767
1213	300.000	-0.033	300.000	0.624	5.245	1772221722.002
1214	300.000	-0.014	300.000	0.643	0.622	1772221722.269
1215	300.000	-0.026	300.001	1.082	1.874	1772221722.516
1216	300.000	0.036	300.000	0.424	2.937	1772221722.745
1217	300.000	0.012	300.002	0.630	5.352	1772221723.014
1218	300.000	0.042	300.001	0.544	0.734	1772221723.248
1219	300.000	-0.016	299.999	1.090	1.767	1772221723.518
1220	300.000	-0.062	299.999	0.471	3.213	1772221723.751
1221	300.000	0.005	299.999	0.660	5.278	1772221723.988
1222	300.000	-0.000	300.000	0.564	0.378	1772221724.246
1223	300.000	-0.036	299.998	1.040	1.812	1772221724.499
1224	300.000	-0.006	300.002	0.391	2.847	1772221724.772
1225	300.000	0.014	299.999	0.514	5.333	1772221725.007
1226	300.000	-0.018	300.001	0.509	0.396	1772221725.266
1227	300.000	0.008	299.999	1.060	1.883	1772221725.521
1228	300.000	-0.001	300.000	0.344	3.481	1772221725.769
1229	300.000	0.001	300.002	0.598	5.403	1772221726.008
1230	300.000	-0.056	299.998	0.523	0.528	1772221726.230
1231	300.000	-0.075	300.002	1.011	1.764	1772221726.511
1232	300.000	-0.047	300.000	0.449	3.217	1772221726.750
1233	300.000	0.009	300.000	0.541	5.213	1772221727.046
1234	300.000	-0.005	299.998	0.432	0.297	1772221727.242
1235	300.000	-0.028	299.999	1.147	1.862	1772221727.530
1236	300.000	-0.022	299.999	0.345	3.360	1772221727.772
1237	300.000	-0.043	300.000	0.621	5.282	1772221728.000
1238	300.000	0.028	300.001	0.458	0.642	1772221728.258
1239	300.000	-0.019	299.997	1.152	1.817	1772221728.489
1240	300.000	0.040	300.002	0.344	2.765	1772221728.765
1241	300.000	-0.008	299.999	0.702	5.118	1772221729.016
1242	300.000	-0.002	300.000	0.586	0.469	1772221729.261
1243	300.000	0.007	300.000	0.962	1.779	1772221729.489
1244	300.000	0.009	299.999	0.344	3.044	1772221729.751
1245	300.000	-0.011	300.003	0.658	5.099	1772221729.992
1246	300.000	0.042	299.999	0.505	0.317	1772221730.239
1247	300.000	0.007	300.002	1.018	1.761	1772221730.529
1248	300.000	0.019	300.000	0.381	3.599	1772221730.767
1249	300.000	-0.016	299.998	0.658	5.149	1772221731.037
1250	300.000	0.017	299.999	0.565	0.741	1772221731.278
1251	300.000	0.018	300.001	1.177	1.834	1772221731.518
1252	300.000	0.028	300.000	0.444	3.398	1772221731.774
1253	300.000	-0.019	300.001	0.663	5.259	1772221732.036
1254	300.000	-0.060	299.998	0.568	0.606	1772221732.299
1255	300.000	-0.020	300.000	1.212	1.827	1772221732.486
1256	300.000	0.012	299.999	0.448	2.572	1772221732.685
1257	300.000	-0.036	300.004	0.494	4.697	1772221732.903
1258	300.000	0.004	299.995	0.637	6.047	1772221733.167
1259	300.000	0.017	300.001	1.010	1.728	1772221733.381
1260	300.000	-0.012	300.001	0.831	2.117	1772221733.605
1261	300.000	-0.006	299.999	0.387	4.413	1772221733.859
1262	300.000	0.015	300.001	0.677	5.792	1772221734.088
1263	300.000	-0.037	299.999	0.783	1.489	1772221734.362
1264	300.000	0.020	300.001	0.881	1.981	1772221734.588
1265	300.000	-0.011	300.001	0.492	4.564	1772221734.862
1266	300.000	-0.022	299.999	0.658	5.771	1772221735.113
1267	300.000	-0.030	300.002	0.739	1.466	1772221735.352
1268	300.000	0.008	300.000	0.792	2.248	1772221735.613
1269	300.000	-0.009	299.997	0.521	4.338	1772221735.848
1270	300.000	0.005	300.000	0.700	5.719	1772221736.090
1271	300.000	-0.030	300.000	0.773	1.481	1772221736.344
1272	300.000	-0.008	300.001	0.756	2.280	1772221736.611
1273	300.000	0.039	300.001	0.434	4.576	1772221736.866
1274	300.000	-0.003	300.002	0.720	5.866	1772221737.100
1275	300.000	0.021	300.000	0.814	1.449	1772221737.339
1276	300.000	-0.045	300.004	0.856	2.111	1772221737.596
1277	300.000	-0.009	300.000	0.441	4.374	1772221737.850
1278	300.000	0.000	299.998	0.645	5.677	1772221738.096
1279	300.000	-0.012	300.000	0.864	1.613	1772221738.392
1280	300.000	-0.030	299.999	0.797	2.316	1772221738.626
1281	300.000	-0.027	300.001	0.509	4.383	1772221738.880
1282	300.000	-0.034	300.001	0.669	5.956	1772221739.118
1283	300.000	0.017	300.001	0.844	1.656	1772221739.351
1284	300.000	0.021	300.002	0.665	2.158	1772221739.618
1285	300.000	-0.009	300.000	0.455	4.535	1772221739.870
1286	300.000	0.006	300.003	0.610	5.853	1772221740.128
1287	300.000	-0.034	300.000	0.953	1.624	1772221740.348
1288	300.000	-0.026	299.995	0.830	2.104	1772221740.616
1289	300.000	-0.026	300.001	0.542	4.633	1772221740.867
1290	300.000	0.001	299.999	0.736	5.821	1772221741.138
1291	300.000	0.011	300.001	0.846	1.494	1772221741.387
1292	300.000	-0.010	300.003	0.782	2.069	1772221741.616
1293	300.000	-0.000	300.003	0.569	4.757	1772221741.864
1294	300.000	-0.030	300.001	0.656	6.135	1772221742.119
1295	300.000	-0.031	300.000	0.915	1.595	1772221742.376
1296	300.000	0.023	300.000	0.647	2.190	1772221742.636
1297	300.000	0.007	300.001	0.611	4.868	1772221742.837
1298	300.000	0.024	300.002	0.766	5.666	1772221743.057
1299	300.000	-0.026	299.999	0.808	1.332	1772221743.290
1300	300.000	0.009	300.003	0.924	1.933	1772221743.540
1301	300.000	-0.025	299.997	0.442	4.198	1772221743.811
1302	300.000	-0.018	300.000	0.763	5.529	1772221744.055
1303	300.000	-0.011	300.003	0.691	1.447	1772221744.314
1304	300.000	-0.020	300.002	0.821	2.104	1772221744.552
1305	300.000	-0.013	300.004	0.428	4.093	1772221744.792
1306	300.000	0.022	300.002	0.675	5.682	1772221745.044
1307	300.000	0.016	300.000	0.716	1.450	1772221745.342
1308	300.000	0.009	300.002	0.703	2.135	1772221745.620
1309	300.000	0.041	300.001	0.439	4.690	1772221745.862
1310	300.000	-0.009	299.997	0.621	5.991	1772221746.134
1311	300.000	-0.031	300.000	0.993	1.698	1772221746.354
1312	300.000	-0.020	300.001	0.708	2.285	1772221746.617
1313	300.000	-0.007	299.999	0.500	4.570	1772221746.845
1314	300.000	-0.004	299.999	0.659	6.040	1772221747.129
1315	300.000	0.029	299.997	0.965	1.596	1772221747.371
1316	300.000	-0.004	300.002	0.693	2.217	1772221747.631
1317	300.000	-0.005	300.002	0.595	4.781	1772221747.849
1318	300.000	-0.021	300.000	0.874	5.843	1772221748.084
1319	300.000	-0.008	300.006	0.842	1.379	1772221748.321
1320	300.000	-0.021	299.997	0.956	2.048	1772221748.593
1321	300.000	0.031	300.003	0.401	4.627	1772221748.849
1322	300.000	-0.014	299.997	0.687	5.780	1772221749.060
1323	300.000	0.050	299.999	0.705	1.373	1772221749.335
1324	300.000	-0.025	299.999	0.707	2.199	1772221749.578
1325	300.000	0.015	300.001	0.490	4.735	1772221749.825
1326	300.000	0.002	300.003	0.769	5.932	1772221750.074
1327	300.000	0.007	299.999	0.893	1.442	1772221750.343
1328	300.000	-0.005	300.000	0.829	2.168	1772221750.592
1329	300.000	-0.055	300.002	0.494	4.448	1772221750.799
1330	300.000	-0.001	300.001	0.625	5.895	1772221751.044
1331	300.000	-0.015	300.000	0.819	1.385	1772221751.319
1332	300.000	0.006	299.998	0.689	2.280	1772221751.582
1333	300.000	0.019	299.997	0.508	4.810	1772221751.829
1334	300.000	0.007	300.005	0.588	5.943	1772221752.064
1335	300.000	0.036	299.999	0.799	1.431	1772221752.312
1336	300.000	-0.036	300.002	0.653	2.244	1772221752.596
1337	300.000	0.005	299.999	0.470	4.748	1772221752.838
1338	300.000	0.031	299.999	0.642	5.996	1772221753.092
1339	300.000	0.014	300.002	1.037	1.671	1772221753.323
1340	300.000	0.010	299.997	0.551	2.461	1772221753.586
1341	300.000	0.012	299.998	0.509	4.643	1772221753.834
1342	300.000	-0.015	299.999	0.634	0.061	1772221754.104
1343	300.000	-0.019	299.997	1.021	1.757	1772221754.339
1344	300.000	-0.038	300.000	0.435	2.506	1772221754.602
1345	300.000	0.006	300.003	0.683	4.934	1772221754.848
1346	300.000	-0.032	300.002	0.663	0.049	1772221755.070
1347	300.000	-0.022	299.998	1.079	1.707	1772221755.343
1348	300.000	0.027	300.000	0.459	2.587	1772221755.592
1349	300.000	-0.012	299.997	0.601	5.009	1772221755.851
1350	300.000	-0.028	300.000	0.589	6.254	1772221756.096
1351	300.000	-0.026	299.999	1.026	1.651	1772221756.339
1352	300.000	-0.038	300.003	0.393	2.542	1772221756.595
1353	300.000	-0.019	299.999	0.558	4.989	1772221756.817
1354	300.000	0.043	300.001	0.630	6.268	1772221757.076
1355	300.000	-0.042	300.001	0.924	1.717	1772221757.309
1356	300.000	0.010	300.002	0.580	2.407	1772221757.553
1357	300.000	0.014	300.000	0.606	4.782	1772221757.799
1358	300.000	0.005	300.001	0.653	6.171	1772221758.043
1359	300.000	0.024	300.003	0.981	1.646	1772221758.313
1360	300.000	-0.002	300.001	0.959	1.988	1772221758.543
1361	300.000	-0.013	300.001	0.292	4.051	1772221758.824
1362	300.000	-0.007	300.002	0.635	5.681	1772221759.055
1363	300.000	0.008	300.001	0.873	1.163	1772221759.293
1364	300.000	-0.030	300.000	0.997	1.849	1772221759.542
1365	300.000	0.007	300.003	0.608	4.747	1772221759.837
1366	300.000	-0.018	300.002	0.632	6.243	1772221760.062
1367	300.000	-0.020	300.004	1.149	1.672	1772221760.286
1368	300.000	0.027	299.998	0.669	2.123	1772221760.542
1369	300.000	-0.056	300.000	0.523	4.813	1772221760.789
1370	300.000	0.011	299.999	0.694	5.958	1772221761.061
1371	300.000	0.000	300.004	1.225	1.720	1772221761.319
1372	300.000	0.032	299.997	0.436	2.378	1772221761.567
1373	300.000	-0.027	299.999	0.675	5.081	1772221761.815
1374	300.000	0.049	300.001	0.653	6.272	1772221762.042
1375	300.000	0.047	300.003	1.168	1.641	1772221762.311
1376	300.000	-0.027	300.003	0.297	2.502	1772221762.548
1377	300.000	0.014	300.001	0.644	5.138	1772221762.805
1378	300.000	-0.046	299.996	0.703	0.304	1772221763.066
1379	300.000	0.008	300.000	1.092	1.826	1772221763.312
1380	300.000	-0.011	299.997	0.203	2.680	1772221763.534
1381	300.000	-0.026	300.002	0.728	5.107	1772221763.789
1382	300.000	0.002	300.001	0.514	0.179	1772221764.062
1383	300.000	0.016	300.001	1.074	1.748	1772221764.305
1384	300.000	0.001	299.999	0.366	2.836	1772221764.575
1385	300.000	-0.004	300.002	0.700	5.080	1772221764.802
1386	300.000	0.021	300.006	0.675	0.176	1772221765.065
1387	300.000	-0.029	300.004	1.157	1.735	1772221765.308
1388	300.000	-0.050	299.998	0.352	2.957	1772221765.581
1389	300.000	0.025	299.999	0.717	4.893	1772221765.802
1390	300.000	0.026	300.000	0.674	6.125	1772221766.064
1391	300.000	-0.020	300.000	1.206	1.666	1772221766.297
1392	300.000	-0.018	300.002	0.342	2.524	1772221766.552
1393	300.000	0.019	300.001	0.650	5.012	1772221766.814
1394	300.000	0.040	300.001	0.570	0.139	1772221767.077
1395	300.000	-0.016	300.002	1.133	1.794	1772221767.304
1396	300.000	0.026	300.000	0.352	2.913	1772221767.563
1397	300.000	0.045	300.000	0.572	4.853	1772221767.793
1398	300.000	0.026	299.999	0.647	0.127	1772221768.050
1399	300.000	-0.024	299.999	1.036	1.773	1772221768.299
1400	300.000	0.007	300.000	0.287	3.083	1772221768.595
1401	300.000	0.022	299.997	0.815	5.341	1772221768.823
1402	300.000	0.012	300.004	0.641	0.467	1772221769.067
1403	300.000	-0.017	300.003	1.070	1.725	1772221769.320
1404	300.000	-0.029	299.999	0.428	2.765	1772221769.575
1405	300.000	-0.009	299.998	0.747	5.231	1772221769.827
1406	300.000	0.015	299.997	0.490	0.455	1772221770.084
1407	300.000	-0.004	299.999	1.143	1.764	1772221770.326
1408	300.000	0.045	299.998	0.305	3.130	1772221770.556
1409	300.000	0.005	299.998	0.756	5.052	1772221770.831
1410	300.000	-0.036	299.997	0.697	0.699	1772221771.106
1411	300.000	-0.009	299.997	1.183	1.854	1772221771.308
1412	300.000	-0.009	300.002	0.248	2.921	1772221771.574
1413	300.000	0.042	300.002	0.762	5.215	1772221771.832
1414	300.000	0.019	299.999	0.546	0.268	1772221772.077
1415	300.000	-0.022	300.003	1.122	1.797	1772221772.299
1416	300.000	-0.012	299.999	0.286	3.416	1772221772.569
1417	300.000	0.041	299.997	0.711	5.254	1772221772.832
1418	300.000	0.018	299.997	0.628	0.680	1772221773.087
1419	300.000	0.020	299.999	1.069	1.802	1772221773.301
1420	300.000	-0.002	300.000	0.237	3.554	1772221773.548
1421	300.000	-0.044	299.998	0.680	5.179	1772221773.820
1422	300.000	-0.022	300.003	0.593	0.630	1772221774.092
1423	300.000	-0.046	300.001	1.120	1.866	1772221774.323
1424	300.000	0.015	299.997	0.243	3.548	1772221774.589
1425	300.000	0.013	299.999	0.813	5.283	1772221774.843
1426	300.000	0.009	300.001	0.536	0.652	1772221775.094
1427	300.000	0.007	299.999	1.121	1.837	1772221775.345
1428	300.000	-0.055	299.999	0.330	3.457	1772221775.551
1429	300.000	0.017	300.000	0.839	4.991	1772221775.810
1430	300.000	0.019	300.003	0.627	0.364	1772221776.083
1431	300.000	-0.002	300.001	1.117	1.779	1772221776.322
1432	300.000	0.013	299.999	0.240	3.338	1772221776.572
1433	300.000	-0.035	300.000	0.740	5.203	1772221776.825
1434	300.000	-0.014	300.001	0.676	0.609	1772221777.079
1435	300.000	0.037	300.001	1.233	1.798	1772221777.333
1436	300.000	-0.002	300.002	0.330	4.050	1772221777.610
1437	300.000	-0.011	300.001	0.898	5.118	1772221777.824
1438	300.000	0.012	300.001	0.476	0.259	1772221778.081
1439	300.000	-0.029	300.001	1.190	1.767	1772221778.325
1440	300.000	0.058	299.997	0.393	4.218	1772221778.598
1441	300.000	-0.041	300.003	0.868	5.223	1772221778.831
1442	300.000	-0.007	300.002	0.618	0.877	1772221779.118
1443	300.000	0.034	299.998	1.143	1.819	1772221779.339
1444	300.000	-0.006	300.002	0.208	3.836	1772221779.606
1445	300.000	0.028	300.004	0.792	5.361	1772221779.836
1446	300.000	0.030	299.999	0.496	0.799	1772221780.100
1447	300.000	0.005	300.000	1.105	1.846	1772221780.340
1448	300.000	-0.013	300.000	0.169	3.853	1772221780.618
1449	300.000	-0.016	300.004	0.833	5.438	1772221780.848
1450	300.000	-0.072	300.000	0.599	1.082	1772221781.103
1451	300.000	-0.006	300.003	1.179	1.897	1772221781.357
1452	300.000	0.004	300.002	0.216	4.072	1772221781.612
1453	300.000	0.008	299.998	0.905	5.353	1772221781.859
1454	300.000	0.000	299.999	0.557	0.783	1772221782.098
1455	300.000	0.038	300.000	1.170	1.768	1772221782.340
1456	300.000	0.030	300.000	0.177	3.925	1772221782.597
1457	300.000	0.008	300.002	0.792	5.185	1772221782.850
1458	300.000	-0.027	300.001	0.705	1.081	1772221783.104
1459	300.000	0.014	300.000	1.080	1.888	1772221783.342
1460	300.000	0.008	300.000	0.429	4.389	1772221783.610
1461	300.000	0.005	300.002	0.948	5.481	1772221783.845
1462	300.000	-0.033	300.001	0.518	0.352	1772221784.107
1463	300.000	0.003	300.001	1.256	1.863	1772221784.343
1464	300.000	-0.048	299.997	0.301	3.581	1772221784.612
1465	300.000	-0.001	299.999	0.860	5.329	1772221784.876
1466	300.000	0.042	300.004	0.524	0.934	1772221785.080
1467	300.000	-0.005	299.999	0.959	1.926	1772221785.345
1468	300.000	0.033	300.000	0.180	4.096	1772221785.580
1469	300.000	-0.035	300.003	0.725	5.596	1772221785.844
1470	300.000	-0.003	299.999	0.739	1.208	1772221786.085
1471	300.000	-0.002	300.001	0.969	2.082	1772221786.354
1472	300.000	-0.004	300.001	0.460	4.436	1772221786.590
1473	300.000	0.005	300.002	0.794	5.387	1772221786.866
1474	300.000	0.054	300.001	0.636	1.026	1772221787.108
1475	300.000	0.000	300.003	1.105	1.903	1772221787.332
1476	300.000	0.030	300.002	0.336	4.448	1772221787.604
1477	300.000	-0.019	299.998	0.773	5.613	1772221787.866
1478	300.000	-0.007	299.999	0.691	1.397	1772221788.133
1479	300.000	-0.065	299.998	0.952	1.954	1772221788.350
1480	300.000	-0.022	300.001	0.526	4.713	1772221788.571
1481	300.000	-0.018	300.000	0.969	5.255	1772221788.791
1482	300.000	0.026	299.999	0.561	0.934	1772221789.060
1483	300.000	-0.004	299.999	1.068	1.992	1772221789.296
1484	300.000	0.056	300.005	0.370	4.312	1772221789.546
1485	300.000	-0.040	300.002	0.909	5.505	1772221789.804
1486	300.000	-0.025	299.999	0.623	1.097	1772221790.058
1487	300.000	-0.001	300.000	1.088	1.986	1772221790.279
1488	300.000	-0.050	299.999	0.230	4.109	1772221790.532
1489	300.000	0.050	300.000	0.832	5.433	1772221790.785
1490	300.000	0.058	300.000	0.620	1.232	1772221791.048
1491	300.000	-0.006	300.000	1.012	1.947	1772221791.295
1492	300.000	-0.024	300.001	0.263	4.475	1772221791.516
1493	300.000	0.012	300.002	0.813	5.611	1772221791.799
1494	300.000	-0.052	300.001	0.736	1.229	1772221792.043
1495	300.000	0.047	300.002	1.012	1.914	1772221792.287
1496	300.000	-0.009	299.998	0.504	4.514	1772221792.534
1497	300.000	-0.001	300.003	0.805	5.550	1772221792.790
1498	300.000	0.025	299.999	0.490	0.862	1772221793.045
1499	300.000	-0.061	300.002	1.169	1.903	1772221793.277
1500	300.000	-0.031	299.999	0.326	4.394	1772221793.526
1501	300.000	0.007	300.003	0.839	5.447	1772221793.785
1502	300.000	0.032	299.998	0.815	1.223	1772221794.030
1503	300.000	-0.011	300.001	0.906	1.951	1772221794.284
1504	300.000	0.030	300.000	0.392	4.389	1772221794.515
1505	300.000	0.009	300.001	0.876	5.642	1772221794.800
1506	300.000	0.007	300.002	0.871	1.404	1772221795.023
1507	300.000	0.028	299.997	0.996	1.975	1772221795.304
1508	300.000	0.058	300.000	0.615	4.840	1772221795.559
1509	300.000	-0.020	300.001	0.721	5.798	1772221795.793
1510	300.000	0.018	299.999	0.933	1.471	1772221796.051
1511	300.000	0.017	300.001	0.898	1.945	1772221796.281
1512	300.000	0.079	299.997	0.603	4.707	1772221796.546
1513	300.000	0.037	300.000	0.792	5.824	1772221796.771
1514	300.000	0.082	300.001	0.832	1.445	1772221797.038
1515	300.000	-0.043	299.996	0.818	2.010	1772221797.294
1516	300.000	-0.024	300.001	0.511	4.717	1772221797.547
1517	300.000	0.031	299.998	0.782	5.596	1772221797.777
1518	300.000	0.027	300.000	0.916	1.582	1772221798.036
1519	300.000	-0.009	299.999	0.856	2.058	1772221798.297
1520	300.000	0.025	300.001	0.511	4.876	1772221798.530
1521	300.000	0.014	300.000	0.770	5.897	1772221798.803
1522	300.000	-0.019	299.998	1.005	1.555	1772221799.029
1523	300.000	-0.007	300.001	0.813	2.063	1772221799.302
1524	300.000	-0.006	300.004	0.710	4.780	1772221799.561
1525	300.000	-0.015	299.999	0.754	5.845	1772221799.778
1526	300.000	0.057	300.001	0.839	1.470	1772221800.055
1527	300.000	-0.026	299.999	0.731	2.122	1772221800.295
1528	300.000	0.026	299.999	0.734	4.817	1772221800.547
1529	300.000	-0.022	299.998	0.744	5.541	1772221800.763
1530	300.000	0.005	300.007	0.877	1.392	1772221801.035
1531	300.000	-0.057	299.997	0.811	1.992	1772221801.283
1532	300.000	-0.032	300.001	0.584	4.802	1772221801.542
1533	300.000	-0.003	300.000	0.806	5.828	1772221801.800
1534	300.000	0.001	299.998	0.992	1.357	1772221802.026
1535	300.000	-0.003	299.999	0.721	2.061	1772221802.276
1536	300.000	0.009	300.000	0.642	4.809	1772221802.528
1537	300.000	-0.005	299.999	0.860	5.623	1772221802.806
1538	300.000	0.047	300.002	1.118	1.568	1772221803.054
1539	300.000	-0.012	300.000	0.531	2.223	1772221803.313
1540	300.000	-0.046	300.000	0.803	4.827	1772221803.569
1541	300.000	-0.003	300.000	0.715	5.957	1772221803.839
1542	300.000	0.029	300.000	1.000	1.634	1772221804.057
1543	300.000	-0.004	300.004	0.625	2.067	1772221804.285
1544	300.000	-0.016	299.999	0.786	4.791	1772221804.556
1545	300.000	-0.009	299.997	0.780	5.903	1772221804.803
1546	300.000	-0.016	300.000	0.967	1.487	1772221805.071
1547	300.000	0.007	299.995	0.756	2.068	1772221805.294
1548	300.000	-0.001	300.000	0.589	4.674	1772221805.564
1549	300.000	-0.002	299.998	0.773	5.825	1772221805.801
1550	300.000	0.030	300.001	1.004	1.658	1772221806.058
1551	300.000	-0.008	300.001	0.398	2.126	1772221806.319
1552	300.000	0.045	299.997	0.850	4.946	1772221806.571
1553	300.000	0.013	299.999	0.640	5.865	1772221806.814
1554	300.000	-0.028	300.002	1.099	1.703	1772221807.038
1555	300.000	0.033	299.998	0.335	2.116	1772221807.314
1556	300.000	0.016	300.002	0.873	5.015	1772221807.563
1557	300.000	-0.005	299.997	0.745	6.201	1772221807.805
1558	300.000	0.004	300.000	1.143	1.724	1772221808.069
1559	300.000	-0.075	299.998	0.354	2.198	1772221808.301
1560	300.000	-0.000	300.001	0.806	5.059	1772221808.545
1561	300.000	-0.029	300.006	0.633	5.980	1772221808.800
1562	300.000	0.030	300.003	1.215	1.878	1772221809.074
1563	300.000	-0.048	300.001	0.245	4.655	1772221809.304
1564	300.000	0.007	299.997	0.906	5.283	1772221809.555
1565	300.000	0.024	300.001	0.561	0.799	1772221809.809
1566	300.000	0.028	299.999	1.186	1.791	1772221810.036
1567	300.000	-0.006	300.001	0.295	4.437	1772221810.315
1568	300.000	-0.000	300.001	0.944	5.427	1772221810.546
1569	300.000	0.026	300.002	0.603	0.760	1772221810.824
1570	300.000	-0.040	299.997	1.028	1.983	1772221811.049
1571	300.000	-0.017	300.002	0.305	4.639	1772221811.321
1572	300.000	0.003	300.001	0.940	5.356	1772221811.540
1573	300.000	0.024	300.003	0.602	0.882	1772221811.809
1574	300.000	0.022	300.003	1.081	1.907	1772221812.063
1575	300.000	0.000	299.998	0.273	4.421	1772221812.310
1576	300.000	0.008	300.000	0.900	5.319	1772221812.571
1577	300.000	0.025	299.999	0.685	0.984	1772221812.791
1578	300.000	0.018	300.000	1.107	1.907	1772221813.058
1579	300.000	-0.023	299.999	0.348	4.515	1772221813.309
1580	300.000	-0.004	299.999	0.883	5.510	1772221813.563
1581	300.000	-0.005	299.998	0.602	0.839	1772221813.803
1582	300.000	0.018	300.001	1.012	1.894	1772221814.066
1583	300.000	0.005	300.001	0.288	4.438	1772221814.309
1584	300.000	-0.027	300.001	1.037	5.334	1772221814.550
1585	300.000	0.024	300.000	0.569	0.695	1772221814.810
1586	300.000	0.016	300.001	0.933	1.919	1772221815.078
1587	300.000	0.033	300.002	0.380	4.489	1772221815.276
1588	300.000	0.054	299.997	0.813	5.405	1772221815.569
1589	300.000	-0.034	299.997	0.655	0.983	1772221815.783
1590	300.000	-0.025	299.999	1.126	1.724	1772221816.051
1591	300.000	0.023	299.997	0.383	4.609	1772221816.289
1592	300.000	-0.000	299.998	0.895	5.328	1772221816.571
1593	300.000	0.001	300.003	0.737	1.007	1772221816.829
1594	300.000	-0.009	300.000	1.092	1.924	1772221817.074
1595	300.000	-0.040	299.996	0.353	4.613	1772221817.329
1596	300.000	-0.008	300.001	0.933	5.424	1772221817.566
1597	300.000	-0.028	300.003	0.612	1.052	1772221817.840
1598	300.000	-0.001	299.998	0.901	1.907	1772221818.060
1599	300.000	0.003	299.999	0.505	4.594	1772221818.340
1600	300.000	0.019	300.002	0.944	5.536	1772221818.558
1601	300.000	0.039	300.003	0.769	1.118	1772221818.833
1602	300.000	-0.010	300.000	1.069	1.954	1772221819.051
1603	300.000	-0.000	300.003	0.347	4.482	1772221819.315
1604	300.000	-0.017	300.000	0.820	5.579	1772221819.587
1605	300.000	0.029	300.001	0.892	0.987	1772221819.800
1606	300.000	-0.009	299.998	1.097	1.804	1772221820.079
1607	300.000	0.048	300.001	0.480	4.569	1772221820.298
1608	300.000	0.040	299.998	0.965	5.422	1772221820.561
1609	300.000	0.006	300.000	0.882	1.316	1772221820.829
1610	300.000	0.017	299.999	0.964	1.916	1772221821.061
1611	300.000	0.018	299.999	0.542	4.541	1772221821.312
1612	300.000	-0.005	300.002	0.837	5.411	1772221821.564
1613	300.000	0.006	300.003	0.902	1.163	1772221821.851
1614	300.000	-0.037	299.997	0.866	2.031	1772221822.122
1615	300.000	-0.022	300.000	0.588	4.891	1772221822.364
1616	300.000	-0.023	299.998	0.835	5.705	1772221822.597
1617	300.000	0.001	300.002	0.916	1.322	1772221822.845
1618	300.000	0.012	299.999	0.861	2.031	1772221823.109
1619	300.000	-0.001	300.001	0.598	4.792	1772221823.357
1620	300.000	-0.041	300.000	0.884	5.802	1772221823.596
1621	300.000	-0.009	300.003	1.062	1.438	1772221823.854
1622	300.000	-0.036	299.999	0.771	2.113	1772221824.101
1623	300.000	0.014	300.004	0.711	4.647	1772221824.332
1624	300.000	-0.034	300.001	0.843	5.663	1772221824.592
1625	300.000	-0.020	299.998	0.831	1.433	1772221824.829
1626	300.000	0.007	300.001	0.923	1.905	1772221825.045
1627	300.000	-0.059	300.000	0.415	4.315	1772221825.299
1628	300.000	0.002	300.002	0.939	5.187	1772221825.530
1629	300.000	0.044	300.000	0.677	0.520	1772221825.778
1630	300.000	-0.046	299.998	0.828	1.904	1772221826.040
1631	300.000	-0.004	299.999	0.685	4.945	1772221826.311
1632	300.000	-0.006	299.998	0.840	5.677	1772221826.543
1633	300.000	0.035	299.999	0.876	1.332	1772221826.806
1634	300.000	0.001	299.996	0.725	2.013	1772221827.080
1635	300.000	0.019	300.001	0.727	4.957	1772221827.309
1636	300.000	-0.035	300.000	0.766	5.669	1772221827.551
1637	300.000	-0.016	299.997	1.042	1.450	1772221827.801
1638	300.000	0.048	300.000	0.728	1.954	1772221828.052
1639	300.000	-0.008	300.002	0.791	4.925	1772221828.332
1640	300.000	0.023	299.998	0.766	5.991	1772221828.558
1641	300.000	0.006	300.006	1.163	1.424	1772221828.811
1642	300.000	0.026	300.001	0.570	1.914	1772221829.060
1643	300.000	0.020	300.001	0.730	4.832	1772221829.318
1644	300.000	0.018	300.003	0.746	5.817	1772221829.549
1645	300.000	0.003	299.998	0.950	1.479	1772221829.777
1646	300.000	0.015	299.999	0.758	1.920	1772221830.055
1647	300.000	-0.003	300.003	0.741	4.931	1772221830.301
1648	300.000	0.009	300.000	0.830	5.757	1772221830.576
1649	300.000	0.002	299.996	0.987	1.488	1772221830.818
1650	300.000	0.037	299.999	0.609	2.034	1772221831.077
1651	300.000	0.008	300.000	0.903	4.955	1772221831.301
1652	300.000	0.028	300.002	0.718	5.995	1772221831.581
1653	300.000	-0.038	300.001	1.031	1.393	1772221831.811
1654	300.000	-0.019	300.003	0.609	2.058	1772221832.062
1655	300.000	0.006	300.000	0.766	4.797	1772221832.313
1656	300.000	-0.001	300.000	0.862	5.593	1772221832.572
1657	300.000	-0.009	300.002	1.037	1.359	1772221832.817
1658	300.000	0.007	300.001	0.660	1.926	1772221833.053
1659	300.000	-0.030	300.001	0.645	4.969	1772221833.280
1660	300.000	-0.018	299.999	0.741	5.737	1772221833.580
1661	300.000	-0.000	299.999	1.152	1.582	1772221833.817
1662	300.000	-0.002	299.998	0.604	2.043	1772221834.046
1663	300.000	0.010	300.003	0.806	4.936	1772221834.290
1664	300.000	0.014	300.003	0.809	5.846	1772221834.566
1665	300.000	0.002	300.000	1.110	1.505	1772221834.823
1666	300.000	-0.000	299.998	0.706	2.146	1772221835.058
1667	300.000	-0.021	300.001	0.785	4.918	1772221835.317
1668	300.000	0.037	299.999	0.842	5.793	1772221835.544
1669	300.000	0.004	300.000	1.042	1.441	1772221835.814
1670	300.000	0.021	300.004	0.607	1.906	1772221836.051
1671	300.000	0.029	299.997	0.755	4.866	1772221836.298
1672	300.000	-0.006	300.005	0.722	5.879	1772221836.567
1673	300.000	0.027	300.000	1.141	1.451	1772221836.821
1674	300.000	0.012	299.997	0.536	2.093	1772221837.081
1675	300.000	-0.026	300.001	0.873	5.056	1772221837.305
1676	300.000	-0.022	299.998	0.718	5.892	1772221837.549
1677	300.000	0.002	300.002	1.060	1.531	1772221837.796
1678	300.000	-0.017	300.003	0.739	2.044	1772221838.056
1679	300.000	-0.008	300.004	0.847	5.001	1772221838.313
1680	300.000	-0.012	300.002	0.711	6.170	1772221838.541
1681	300.000	0.046	299.997	1.155	1.547	1772221838.828
1682	300.000	0.021	299.998	0.519	1.915	1772221839.037
1683	300.000	0.002	300.000	0.848	4.969	1772221839.296
1684	300.000	0.004	299.997	0.643	6.217	1772221839.555
1685	300.000	0.020	300.003	1.217	1.591	1772221839.825
1686	300.000	-0.011	299.997	0.371	2.220	1772221840.049
1687	300.000	-0.040	300.001	1.009	5.124	1772221840.300
1688	300.000	0.038	300.000	0.669	6.245	1772221840.551
1689	300.000	0.038	299.997	1.228	1.596	1772221840.792
1690	300.000	-0.028	300.003	0.473	1.920	1772221841.060
1691	300.000	0.003	299.998	0.812	4.993	1772221841.299
1692	300.000	0.009	300.002	0.708	5.892	1772221841.500
1693	300.000	0.004	299.998	1.047	1.480	1772221841.757
1694	300.000	-0.001	299.999	0.523	2.013	1772221842.011
1695	300.000	-0.027	299.999	0.789	5.074	1772221842.286
1696	300.000	-0.059	299.998	0.779	5.944	1772221842.522
1697	300.000	-0.004	299.997	1.059	1.487	1772221842.757
1698	300.000	-0.026	300.001	0.569	1.932	1772221843.001
1699	300.000	-0.011	299.999	0.729	4.890	1772221843.263
1700	300.000	0.033	300.002	0.825	5.742	1772221843.511
1701	300.000	0.003	300.001	1.032	1.476	1772221843.746
1702	300.000	-0.013	300.002	0.738	1.984	1772221844.036
1703	300.000	0.017	299.999	0.902	5.084	1772221844.272
1704	300.000	-0.005	299.999	0.656	5.933	1772221844.508
1705	300.000	-0.024	300.000	1.072	1.596	1772221844.747
1706	300.000	-0.035	299.998	0.952	1.861	1772221844.984
1707	300.000	-0.066	299.999	0.446	4.860	1772221845.270
1708	300.000	-0.025	300.001	0.835	5.741	1772221845.497
1709	300.000	0.044	299.998	0.993	1.440	1772221845.779
1710	300.000	-0.005	300.003	0.604	1.958	1772221846.012
1711	300.000	0.006	300.000	0.867	4.995	1772221846.283
1712	300.000	-0.008	300.001	0.615	0.267	1772221846.535
1713	300.000	0.006	299.999	1.239	1.769	1772221846.788
1714	300.000	0.020	299.996	0.099	2.269	1772221847.023
1715	300.000	0.017	299.999	1.063	5.196	1772221847.306
1716	300.000	-0.016	300.002	0.476	0.517	1772221847.536
1717	300.000	0.005	299.998	1.190	1.753	1772221847.762
1718	300.000	0.043	300.000	0.175	2.288	1772221848.035
1719	300.000	0.022	300.001	1.016	5.210	1772221848.277
1720	300.000	0.010	300.002	0.554	0.131	1772221848.512
1721	300.000	-0.033	300.002	1.147	1.743	1772221848.776
1722	300.000	0.013	299.999	0.221	3.444	1772221849.008
1723	300.000	0.001	299.998	0.958	5.192	1772221849.293
1724	300.000	-0.006	300.004	0.682	6.019	1772221849.516
1725	300.000	0.008	300.002	1.170	1.649	1772221849.792
1726	300.000	0.021	300.003	0.127	4.561	1772221850.016
1727	300.000	0.019	299.999	1.061	5.263	1772221850.276
1728	300.000	-0.020	299.999	0.548	0.357	1772221850.534
1729	300.000	0.036	299.998	1.056	1.809	1772221850.806
1730	300.000	-0.019	299.997	0.202	4.363	1772221851.037
1731	300.000	-0.037	300.006	0.908	5.149	1772221851.262
1732	300.000	0.005	300.001	0.682	6.129	1772221851.533
1733	300.000	-0.031	300.000	0.875	1.289	1772221851.762
1734	300.000	0.043	300.003	1.041	1.856	1772221852.032
1735	300.000	0.013	299.998	0.710	5.051	1772221852.279
1736	300.000	-0.024	300.000	0.924	5.624	1772221852.523
1737	300.000	-0.037	299.998	0.927	1.439	1772221852.787
1738	300.000	0.004	299.999	0.189	3.972	1772221853.019
1739	300.000	-0.002	300.002	1.003	5.217	1772221853.272
1740	300.000	0.002	300.000	0.622	0.371	1772221853.525
1741	300.000	0.027	300.000	1.113	1.560	1772221853.787
1742	300.000	0.023	300.000	0.536	2.140	1772221854.026
1743	300.000	-0.026	300.000	0.452	4.395	1772221854.287
1744	300.000	-0.041	300.001	0.433	4.445	1772221854.551
1745	300.000	0.032	300.000	0.686	4.932	1772221854.787
1746	300.000	-0.025	299.999	0.946	5.678	1772221855.058
1747	300.000	-0.005	299.999	0.857	0.145	1772221855.300
1748	300.000	0.009	299.999	0.812	0.384	1772221855.552
1749	300.000	0.022	300.002	0.811	0.174	1772221855.773
1750	300.000	-0.046	300.001	0.871	0.410	1772221856.051
1751	300.000	0.004	300.003	0.888	0.213	1772221856.298
1752	300.000	-0.019	300.000	0.781	0.393	1772221856.517
1753	300.000	-0.019	300.003	0.844	0.322	1772221856.796
1754	300.000	0.020	299.999	0.784	0.340	1772221857.061
1755	300.000	0.042	299.999	0.837	0.337	1772221857.280
1756	300.000	-0.011	300.001	0.824	0.326	1772221857.527
1757	300.000	0.064	300.000	0.853	0.327	1772221857.775
1758	300.000	0.008	299.999	0.907	0.405	1772221858.048
1759	300.000	0.022	300.000	0.870	0.222	1772221858.304
1760	300.000	0.063	299.999	0.766	0.329	1772221858.554
1761	300.000	0.005	299.999	0.818	0.331	1772221858.779
1762	300.000	0.002	300.002	0.870	0.318	1772221859.050
1763	300.000	-0.018	300.001	0.779	0.400	1772221859.286
1764	300.000	0.007	300.002	0.855	0.316	1772221859.553
1765	300.000	0.010	300.001	0.814	0.225	1772221859.804
1766	300.000	-0.001	300.001	0.764	0.216	1772221860.052
1767	300.000	0.005	299.999	0.795	0.310	1772221860.306
1768	300.000	-0.014	300.001	0.864	0.273	1772221860.538
1769	300.000	-0.029	300.001	0.857	0.344	1772221860.783
1770	300.000	-0.007	300.001	0.888	0.382	1772221861.024
1771	300.000	0.012	300.000	0.783	0.350	1772221861.308
1772	300.000	0.012	300.003	0.867	0.471	1772221861.541
1773	300.000	0.037	300.000	0.843	0.268	1772221861.791
1774	300.000	0.061	300.002	0.877	0.371	1772221862.017
1775	300.000	-0.010	300.000	0.922	0.411	1772221862.300
1776	300.000	-0.010	300.001	0.846	0.321	1772221862.553
1777	300.000	-0.007	299.998	0.842	0.259	1772221862.804
1778	300.000	-0.029	299.999	0.794	0.220	1772221863.067
1779	300.000	0.054	299.997	0.758	0.363	1772221863.301
1780	300.000	-0.011	300.002	0.763	0.193	1772221863.479
1781	300.000	-0.017	300.001	0.803	0.358	1772221863.768
1782	300.000	-0.009	300.005	0.875	0.378	1772221864.005
1783	300.000	-0.021	300.000	0.807	0.233	1772221864.261
1784	300.000	0.017	300.001	0.824	0.349	1772221864.520
1785	300.000	-0.025	299.999	0.821	0.153	1772221864.766
1786	300.000	-0.006	300.000	0.852	0.317	1772221865.047
1787	300.000	-0.006	300.004	0.895	0.262	1772221865.269
1788	300.000	0.040	300.000	0.839	0.353	1772221865.529
1789	300.000	0.006	299.999	0.733	0.310	1772221865.742
1790	300.000	-0.017	300.002	0.757	0.247	1772221866.038
1791	300.000	-0.026	300.003	0.785	0.235	1772221866.267
1792	300.000	-0.016	299.997	0.785	0.220	1772221866.544
1793	300.000	0.015	300.002	0.918	0.269	1772221866.775
1794	300.000	0.008	299.999	0.811	0.289	1772221867.009
1795	300.000	-0.034	300.000	0.902	0.375	1772221867.279
1796	300.000	0.028	299.999	0.890	0.361	1772221867.536
1797	300.000	0.025	299.998	0.860	0.194	1772221867.776
1798	300.000	-0.004	299.997	0.871	0.309	1772221868.044
1799	300.000	0.004	300.000	0.923	0.314	1772221868.275
1800	300.000	-0.024	300.000	0.819	0.238	1772221868.535
1801	300.000	-0.013	300.001	0.825	0.440	1772221868.768
1802	300.000	0.022	300.002	0.737	0.202	1772221869.017
1803	300.000	-0.027	300.002	0.857	0.238	1772221869.250
1804	300.000	-0.043	300.004	0.802	0.268	1772221869.527
1805	300.000	0.036	299.999	0.893	0.410	1772221869.755
1806	300.000	-0.022	300.000	0.943	0.366	1772221870.025
1807	300.000	0.005	300.002	0.792	0.362	1772221870.248
1808	300.000	0.016	300.002	0.815	0.273	1772221870.447
1809	300.000	-0.014	299.998	0.813	0.326	1772221870.722
1810	300.000	-0.016	300.003	0.843	0.337	1772221870.950
1811	300.000	-0.032	300.000	0.837	0.340	1772221871.222
1812	300.000	-0.029	300.001	0.816	0.334	1772221871.461
1813	300.000	0.020	300.001	0.859	0.266	1772221871.737
1814	300.000	-0.005	299.995	0.876	0.430	1772221872.002
1815	300.000	-0.011	300.000	0.859	0.414	1772221872.227
1816	300.000	-0.016	300.001	0.791	0.378	1772221872.476
1817	300.000	-0.004	300.003	0.920	0.382	1772221872.718
1818	300.000	0.004	300.001	0.839	0.299	1772221873.000
1819	300.000	-0.005	299.999	0.831	0.263	1772221873.213
1820	300.000	0.023	299.999	0.807	0.333	1772221873.481
1821	300.000	-0.035	299.999	0.754	0.186	1772221873.737
1822	300.000	0.014	299.997	0.892	0.315	1772221873.973
1823	300.000	0.018	299.999	0.846	0.265	1772221874.214
1824	300.000	-0.041	300.002	0.766	0.327	1772221874.463
1825	300.000	-0.026	300.000	0.879	0.257	1772221874.728
1826	300.000	0.042	300.001	0.844	0.327	1772221874.988
1827	300.000	-0.023	299.998	0.800	0.320	1772221875.212
1828	300.000	-0.012	300.000	0.801	0.355	1772221875.498
1829	300.000	0.009	300.007	0.857	0.302	1772221875.697
1830	300.000	0.017	299.997	0.839	0.273	1772221875.977
1831	300.000	0.048	300.001	0.936	0.281	1772221876.209
1832	300.000	-0.010	299.998	0.844	0.402	1772221876.489
1833	300.000	0.033	300.003	0.802	0.289	1772221876.722
1834	300.000	0.013	300.001	0.721	0.274	1772221876.986
1835	300.000	-0.009	299.993	0.821	0.327	1772221877.227
1836	300.000	-0.022	300.002	0.934	0.382	1772221877.450
1837	300.000	-0.009	300.000	0.849	0.426	1772221877.723
1838	300.000	-0.015	299.997	0.775	0.370	1772221878.261
1839	300.000	-0.016	300.000	0.834	0.458	1772221878.464
1840	300.000	0.019	299.999	0.735	0.316	1772221878.706
1841	300.000	-0.003	300.003	0.838	0.407	1772221878.987
1842	300.000	0.040	299.999	0.873	0.387	1772221879.230
1843	300.000	0.002	300.001	0.831	0.441	1772221879.479
1844	300.000	0.029	299.999	0.741	0.320	1772221879.717
1845	300.000	0.069	300.001	0.756	0.432	1772221879.964
1846	300.000	0.005	300.001	0.853	0.328	1772221880.223
1847	300.000	0.008	300.000	0.962	0.444	1772221880.490
1848	300.000	-0.030	299.999	0.810	0.395	1772221880.745
1849	300.000	-0.011	300.001	0.774	0.277	1772221880.972
