Point No.	Frequency Set (GHz)	THz Photocurrent (nA)	Frequency Act (GHz)	Amplitude (via StrMod)	Phase (via StrMod)	Timestamp (s)
1	500.000	0.063	499.999	0.073	4.010	1771880020.791
2	500.000	-0.015	500.000	0.134	4.198	1771880021.065
3	500.000	-0.019	500.002	0.138	4.117	1771880021.292
4	500.000	0.015	499.999	0.083	4.540	1771880021.531
5	500.000	0.003	499.999	0.009	0.689	1771880021.809
6	500.000	0.032	500.000	0.093	4.073	1771880022.061
7	500.000	0.002	500.000	0.069	5.983	1771880022.317
8	500.000	-0.029	499.999	0.058	4.483	1771880022.545
9	500.000	0.021	499.997	0.102	4.562	1771880022.784
10	500.000	-0.029	499.999	0.077	6.139	1771880023.050
11	500.000	-0.023	500.002	0.071	4.393	1771880023.307
12	500.000	0.090	500.000	0.126	5.033	1771880023.558
13	500.000	-0.077	499.997	0.113	5.284	1771880023.797
14	500.000	0.031	500.001	0.042	1.064	1771880024.060
15	500.000	-0.002	500.000	0.088	4.137	1771880024.302
16	500.000	0.008	499.999	0.125	2.348	1771880024.528
17	500.000	0.024	499.999	0.061	4.734	1771880024.794
18	500.000	0.043	500.002	0.051	4.289	1771880025.041
19	500.000	-0.009	500.002	0.066	5.308	1771880025.318
20	500.000	0.015	500.000	0.101	3.705	1771880025.550
21	500.000	0.023	500.002	0.022	4.778	1771880025.792
22	500.000	-0.028	500.000	0.009	0.667	1771880026.059
23	500.000	0.024	500.002	0.060	0.456	1771880026.288
24	500.000	0.007	500.000	0.065	4.306	1771880026.543
25	500.000	-0.048	500.001	0.073	3.783	1771880026.809
26	500.000	0.002	500.001	0.066	5.817	1771880027.056
27	500.000	-0.009	499.998	0.059	4.998	1771880027.308
28	500.000	-0.020	500.000	0.044	3.788	1771880027.558
29	500.000	-0.039	499.999	0.028	4.528	1771880027.823
30	500.000	-0.034	500.000	0.112	4.083	1771880028.026
31	500.000	0.001	500.003	0.061	3.450	1771880028.304
32	500.000	0.013	500.000	0.129	4.450	1771880028.542
33	500.000	-0.018	499.997	0.035	3.124	1771880028.811
34	500.000	0.052	500.002	0.053	3.963	1771880029.038
35	500.000	-0.001	500.001	0.009	5.168	1771880029.305
36	500.000	0.012	500.000	0.041	4.036	1771880029.562
37	500.000	-0.020	500.000	0.089	4.347	1771880029.813
38	500.000	-0.018	500.000	0.101	4.058	1771880030.043
39	500.000	0.007	499.999	0.045	4.800	1771880030.273
40	500.000	-0.005	499.999	0.060	4.351	1771880030.537
41	500.000	-0.033	500.003	0.050	3.665	1771880030.797
42	500.000	-0.004	500.000	0.107	3.802	1771880031.056
43	500.000	0.040	500.000	0.010	5.070	1771880031.288
44	500.000	-0.016	499.998	0.092	4.858	1771880031.542
45	500.000	0.023	500.001	0.137	4.157	1771880031.805
46	500.000	0.016	500.003	0.098	4.828	1771880032.075
47	500.000	0.006	499.996	0.076	4.385	1771880032.326
48	500.000	-0.034	499.999	0.028	4.391	1771880032.529
49	500.000	-0.013	500.001	0.040	4.712	1771880032.794
50	500.000	-0.040	500.000	0.079	4.276	1771880033.047
51	500.000	0.015	500.000	0.055	4.473	1771880033.309
52	500.000	0.012	500.003	0.050	0.626	1771880033.548
53	500.000	0.019	500.000	0.050	1.142	1771880033.773
54	500.000	-0.007	500.000	0.044	3.429	1771880034.053
55	500.000	0.035	500.001	0.113	4.728	1771880034.275
56	500.000	-0.029	500.001	0.053	3.388	1771880034.554
57	500.000	-0.008	500.000	0.010	4.311	1771880034.789
58	500.000	-0.007	500.001	0.048	3.494	1771880035.060
59	500.000	0.055	499.999	0.022	3.256	1771880035.289
60	500.000	0.023	500.000	0.016	4.814	1771880035.520
61	500.000	-0.013	499.999	0.077	5.165	1771880035.802
62	500.000	0.007	500.000	0.061	3.838	1771880036.062
63	500.000	-0.020	499.996	0.044	4.998	1771880036.313
64	500.000	-0.015	499.996	0.065	3.728	1771880036.531
65	500.000	-0.055	500.000	0.083	4.076	1771880036.725
66	500.000	-0.067	500.001	0.130	3.834	1771880037.005
67	500.000	-0.055	499.999	0.083	4.267	1771880037.263
68	500.000	0.053	500.003	0.089	4.303	1771880037.500
69	500.000	0.030	500.000	0.043	4.508	1771880037.760
70	500.000	0.034	499.997	0.152	4.326	1771880038.003
71	500.000	0.015	500.000	0.079	1.162	1771880038.259
72	500.000	0.019	499.999	0.014	5.124	1771880038.497
73	500.000	0.004	500.002	0.031	2.382	1771880038.759
74	500.000	0.023	500.000	0.078	4.775	1771880038.993
75	500.000	0.007	500.003	0.094	4.002	1771880039.258
76	500.000	-0.028	500.001	0.051	1.474	1771880039.526
77	500.000	-0.018	500.000	0.059	2.415	1771880039.729
78	500.000	-0.011	500.000	0.074	0.249	1771880039.984
79	500.000	-0.053	500.001	0.027	3.900	1771880040.216
80	500.000	0.000	500.004	0.070	4.367	1771880040.451
81	500.000	0.062	500.001	0.075	4.615	1771880040.726
82	500.000	0.016	499.999	0.046	3.084	1771880041.027
83	500.000	0.000	500.000	0.051	1.727	1771880041.259
84	500.000	0.024	499.998	0.065	3.172	1771880041.515
85	500.000	-0.012	500.002	0.072	4.650	1771880041.746
86	500.000	0.003	500.003	0.008	5.666	1771880041.996
87	500.000	0.020	500.002	0.097	0.182	1771880042.263
88	500.000	-0.023	499.998	0.063	3.516	1771880042.499
89	500.000	0.005	500.000	0.008	0.839	1771880042.779
90	500.000	0.028	500.001	0.084	4.677	1771880042.996
91	500.000	0.004	500.001	0.126	3.609	1771880043.240
92	500.000	0.029	500.004	0.057	3.610	1771880043.503
93	500.000	-0.019	500.000	0.082	4.427	1771880043.733
94	500.000	-0.004	500.001	0.030	2.904	1771880043.995
95	500.000	0.042	499.998	0.090	2.019	1771880044.238
96	500.000	0.042	499.996	0.074	3.921	1771880044.497
97	500.000	0.003	500.000	0.106	4.998	1771880044.753
98	500.000	0.015	499.998	0.057	2.025	1771880044.999
99	500.000	-0.021	500.000	0.123	3.853	1771880045.263
100	500.000	-0.015	499.999	0.134	4.201	1771880045.482
101	500.000	-0.064	500.001	0.131	3.672	1771880045.762
102	500.000	0.018	500.000	0.052	2.969	1771880045.982
103	500.000	0.032	500.001	0.056	2.381	1771880046.259
104	500.000	0.023	500.002	0.042	2.511	1771880046.501
105	500.000	-0.072	499.997	0.032	1.104	1771880046.754
106	500.000	-0.014	500.000	0.067	1.430	1771880047.011
107	500.000	-0.033	500.003	0.024	3.876	1771880047.285
108	500.000	0.008	500.001	0.036	3.077	1771880047.544
109	500.000	-0.017	500.000	0.040	5.948	1771880047.786
110	500.000	-0.000	499.999	0.106	2.148	1771880048.040
111	500.000	-0.001	500.003	0.064	4.264	1771880048.275
112	500.000	-0.018	499.998	0.015	3.517	1771880048.550
113	500.000	0.010	500.002	0.013	1.516	1771880048.776
114	500.000	0.025	500.002	0.042	3.704	1771880049.037
115	500.000	-0.030	499.999	0.115	4.529	1771880049.283
116	500.000	-0.022	500.000	0.066	4.552	1771880049.532
117	500.000	-0.050	500.000	0.090	4.243	1771880049.781
118	500.000	-0.017	500.002	0.092	3.715	1771880050.009
119	500.000	-0.045	499.999	0.047	4.838	1771880050.292
120	500.000	0.021	500.001	0.122	4.333	1771880050.520
121	500.000	0.054	500.000	0.044	2.574	1771880050.770
122	500.000	0.042	500.001	0.139	3.630	1771880051.022
123	500.000	-0.024	500.002	0.150	3.810	1771880051.292
124	500.000	-0.030	500.002	0.026	2.254	1771880051.514
125	500.000	0.031	500.001	0.119	3.927	1771880051.797
126	500.000	0.034	500.000	0.138	4.532	1771880052.039
127	500.000	-0.023	500.002	0.100	4.218	1771880052.271
128	500.000	0.029	500.002	0.085	4.003	1771880052.519
129	500.000	-0.020	500.004	0.068	5.248	1771880052.772
130	500.000	-0.022	500.002	0.117	4.409	1771880053.023
131	500.000	-0.020	500.000	0.090	4.062	1771880053.285
132	500.000	0.043	500.000	0.062	3.682	1771880053.525
133	500.000	-0.058	500.001	0.105	4.129	1771880053.781
134	500.000	-0.023	500.001	0.065	3.453	1771880054.025
135	500.000	-0.044	499.999	0.123	3.793	1771880054.300
136	500.000	-0.047	500.003	0.165	3.979	1771880054.523
137	500.000	-0.011	500.000	0.069	2.794	1771880054.802
138	500.000	0.001	499.998	0.106	4.295	1771880055.020
139	500.000	-0.007	500.002	0.129	4.004	1771880055.273
140	500.000	-0.001	499.998	0.112	3.499	1771880055.522
141	500.000	0.033	499.998	0.149	4.265	1771880055.790
142	500.000	-0.040	500.000	0.145	4.270	1771880056.028
143	500.000	0.044	500.002	0.071	3.462	1771880056.272
144	500.000	-0.054	500.001	0.165	4.265	1771880056.541
145	500.000	-0.021	499.998	0.153	3.875	1771880056.765
146	500.000	0.019	500.001	0.139	3.734	1771880057.024
147	500.000	0.002	500.003	0.116	3.850	1771880057.265
148	500.000	-0.015	500.002	0.176	4.978	1771880057.540
149	500.000	0.042	500.000	0.159	3.840	1771880057.788
150	500.000	0.022	500.002	0.133	3.196	1771880058.011
151	500.000	0.019	500.004	0.148	3.936	1771880058.287
152	500.000	-0.013	500.000	0.101	3.806	1771880058.538
153	500.000	-0.010	500.003	0.124	4.023	1771880058.775
154	500.000	0.044	500.003	0.061	0.124	1771880059.018
155	500.000	-0.016	499.996	0.059	3.003	1771880059.280
156	500.000	-0.050	500.000	0.039	1.620	1771880059.533
157	500.000	0.059	499.999	0.102	0.167	1771880059.787
158	500.000	-0.028	500.000	0.025	3.851	1771880060.036
159	500.000	0.015	499.999	0.084	5.766	1771880060.279
160	500.000	-0.012	500.001	0.045	3.278	1771880060.538
161	500.000	0.053	500.002	0.069	4.110	1771880060.769
162	500.000	0.038	500.000	0.057	3.407	1771880061.021
163	500.000	0.049	499.999	0.035	4.802	1771880061.299
164	500.000	0.038	499.999	0.086	4.380	1771880061.536
165	500.000	-0.019	499.999	0.087	4.491	1771880061.820
166	500.000	-0.025	499.997	0.167	4.402	1771880062.056
167	500.000	0.010	500.000	0.116	4.456	1771880062.308
168	500.000	0.016	500.002	0.183	3.803	1771880062.535
169	500.000	-0.001	499.999	0.119	4.072	1771880062.837
170	500.000	-0.028	500.001	0.134	4.125	1771880063.049
171	500.000	0.005	499.998	0.137	4.463	1771880063.282
172	500.000	-0.036	499.998	0.117	4.523	1771880063.548
173	500.000	0.014	500.002	0.185	3.891	1771880063.805
174	500.000	-0.021	500.000	0.087	3.640	1771880064.052
175	500.000	0.048	500.002	0.197	4.243	1771880064.301
176	500.000	0.031	500.002	0.038	1.339	1771880064.575
177	500.000	-0.030	500.004	0.100	4.425	1771880064.798
178	500.000	-0.091	499.999	0.042	4.077	1771880065.020
179	500.000	0.015	500.003	0.190	4.796	1771880065.243
180	500.000	0.048	500.002	0.068	2.061	1771880065.475
181	500.000	0.042	500.001	0.252	4.492	1771880065.721
182	500.000	0.019	499.999	0.070	5.239	1771880066.006
183	500.000	-0.009	500.001	0.177	4.574	1771880066.220
184	500.000	-0.042	500.004	0.060	1.960	1771880066.491
185	500.000	0.039	499.998	0.202	4.829	1771880066.742
186	500.000	-0.032	500.001	0.016	6.149	1771880066.975
187	500.000	0.011	500.004	0.123	5.684	1771880067.237
188	500.000	0.012	500.003	0.020	6.139	1771880067.472
189	500.000	-0.023	500.000	0.162	4.444	1771880067.722
190	500.000	0.022	500.001	0.018	3.885	1771880067.979
191	500.000	0.021	500.002	0.110	5.010	1771880068.259
192	500.000	0.029	500.000	0.079	2.231	1771880068.490
193	500.000	-0.009	500.000	0.129	4.463	1771880068.722
194	500.000	-0.000	500.002	0.050	1.438	1771880068.985
195	500.000	0.021	500.005	0.156	4.287	1771880069.221
196	500.000	-0.113	500.000	0.021	4.019	1771880069.482
197	500.000	-0.043	499.998	0.152	4.431	1771880069.721
198	500.000	-0.015	500.000	0.041	3.653	1771880070.001
199	500.000	0.035	500.000	0.210	4.453	1771880070.251
200	500.000	-0.084	500.000	0.070	2.794	1771880070.481
201	500.000	0.001	500.004	0.193	4.744	1771880070.731
202	500.000	0.009	500.002	0.045	0.368	1771880070.955
203	500.000	0.003	500.000	0.174	4.476	1771880071.203
204	500.000	-0.041	499.999	0.117	4.835	1771880071.446
205	500.000	-0.021	500.001	0.166	4.601	1771880071.660
206	500.000	-0.074	499.998	0.050	0.460	1771880071.858
207	500.000	-0.004	500.000	0.181	4.418	1771880072.140
208	500.000	-0.025	499.997	0.100	4.323	1771880072.354
209	500.000	-0.038	499.997	0.117	3.876	1771880072.558
210	500.000	0.023	500.002	0.112	4.854	1771880072.832
211	500.000	-0.025	500.000	0.029	4.416	1771880073.068
212	500.000	0.028	500.001	0.238	4.274	1771880073.326
213	500.000	-0.051	500.000	0.202	5.224	1771880073.589
214	500.000	-0.002	499.999	0.115	3.862	1771880073.884
215	500.000	0.015	500.001	0.143	4.530	1771880074.114
216	500.000	-0.000	499.998	0.111	3.915	1771880074.373
217	500.000	0.054	499.999	0.154	5.268	1771880074.628
218	500.000	0.011	499.999	0.129	3.241	1771880074.888
219	500.000	0.017	499.999	0.097	4.738	1771880075.151
220	500.000	0.015	499.999	0.041	4.029	1771880075.392
221	500.000	-0.002	499.998	0.126	4.792	1771880075.651
222	500.000	0.081	500.000	0.042	1.699	1771880075.893
223	500.000	-0.004	499.996	0.156	4.899	1771880076.140
224	500.000	-0.062	500.001	0.093	3.463	1771880076.362
225	500.000	-0.044	500.001	0.125	5.068	1771880076.633
226	500.000	0.013	499.999	0.047	3.597	1771880076.891
227	500.000	0.035	499.998	0.108	4.920	1771880077.134
228	500.000	0.050	499.998	0.048	6.068	1771880077.372
229	500.000	0.024	500.001	0.023	0.125	1771880077.599
230	500.000	-0.028	500.003	0.054	5.919	1771880077.885
231	500.000	-0.017	499.998	0.106	4.297	1771880078.150
232	500.000	-0.015	500.001	0.069	4.211	1771880078.395
233	500.000	0.012	500.003	0.182	4.367	1771880078.626
234	500.000	-0.028	499.998	0.020	1.169	1771880078.893
235	500.000	0.021	500.001	0.170	4.178	1771880079.154
236	500.000	0.032	499.999	0.077	3.685	1771880079.412
237	500.000	0.020	500.000	0.095	4.646	1771880079.637
238	500.000	-0.010	500.000	0.029	2.841	1771880079.870
239	500.000	0.080	500.000	0.119	4.679	1771880080.152
240	500.000	0.020	499.997	0.057	1.223	1771880080.388
241	500.000	-0.009	499.999	0.106	4.604	1771880080.666
242	500.000	0.045	500.001	0.059	4.623	1771880080.892
243	500.000	0.013	500.002	0.145	4.792	1771880081.136
244	500.000	-0.010	500.001	0.043	4.769	1771880081.392
245	500.000	0.011	500.004	0.165	4.476	1771880081.617
246	500.000	-0.028	500.002	0.068	4.979	1771880081.880
247	500.000	-0.024	499.998	0.104	4.324	1771880082.139
248	500.000	-0.006	500.000	0.027	0.890	1771880082.418
249	500.000	-0.042	500.004	0.147	4.271	1771880082.647
250	500.000	-0.028	500.000	0.056	5.905	1771880082.915
251	500.000	-0.003	500.002	0.146	3.756	1771880083.154
252	500.000	0.055	500.001	0.043	3.138	1771880083.403
253	500.000	-0.023	500.001	0.176	4.158	1771880083.661
254	500.000	-0.019	500.000	0.044	0.637	1771880083.892
255	500.000	-0.002	500.001	0.161	4.366	1771880084.147
256	500.000	0.042	499.999	0.021	3.124	1771880084.388
257	500.000	0.026	499.999	0.209	3.705	1771880084.649
258	500.000	-0.036	500.000	0.043	2.802	1771880084.887
259	500.000	-0.009	499.999	0.108	4.084	1771880085.151
260	500.000	0.023	499.999	0.122	4.885	1771880085.389
261	500.000	-0.030	500.001	0.177	4.276	1771880085.619
262	500.000	0.032	500.000	0.066	3.295	1771880085.817
263	500.000	-0.011	499.998	0.057	6.021	1771880086.091
264	500.000	0.009	499.999	0.022	3.580	1771880086.332
265	500.000	0.030	499.998	0.154	4.719	1771880086.593
266	500.000	-0.027	500.001	0.110	3.631	1771880086.823
267	500.000	-0.024	499.999	0.075	3.546	1771880087.083
268	500.000	-0.012	499.999	0.046	4.336	1771880087.336
269	500.000	0.007	499.998	0.204	4.174	1771880087.606
270	500.000	0.001	499.999	0.081	5.540	1771880087.823
271	500.000	-0.029	500.000	0.078	4.436	1771880088.084
272	500.000	0.043	500.000	0.044	5.787	1771880088.334
273	500.000	0.026	500.001	0.129	4.175	1771880088.576
274	500.000	-0.005	500.000	0.016	1.757	1771880088.832
275	500.000	0.067	500.000	0.253	4.042	1771880089.086
276	500.000	0.025	499.999	0.059	3.900	1771880089.318
277	500.000	-0.019	500.000	0.151	4.382	1771880089.600
278	500.000	0.038	500.000	0.100	0.638	1771880089.853
279	500.000	-0.023	499.996	0.215	4.083	1771880090.096
280	500.000	0.019	500.000	0.062	5.747	1771880090.335
281	500.000	-0.012	499.999	0.173	4.310	1771880090.614
282	500.000	0.009	499.999	0.067	4.336	1771880090.869
283	500.000	0.050	499.999	0.139	4.023	1771880091.119
284	500.000	0.008	499.998	0.084	0.535	1771880091.358
285	500.000	0.033	499.999	0.131	4.165	1771880091.641
286	500.000	-0.007	500.000	0.034	5.963	1771880091.861
287	500.000	-0.000	500.000	0.229	3.808	1771880092.104
288	500.000	0.023	500.002	0.133	4.829	1771880092.372
289	500.000	0.023	500.002	0.167	3.992	1771880092.621
290	500.000	0.055	500.000	0.051	4.578	1771880092.867
291	500.000	-0.023	500.002	0.197	4.044	1771880093.132
292	500.000	0.007	500.002	0.040	0.147	1771880093.364
293	500.000	0.028	500.003	0.240	3.835	1771880093.617
294	500.000	0.028	499.999	0.121	0.306	1771880093.846
295	500.000	-0.013	499.999	0.103	4.369	1771880094.123
296	500.000	0.006	499.998	0.137	5.497	1771880094.345
297	500.000	0.057	500.002	0.169	3.466	1771880094.615
298	500.000	0.013	500.000	0.037	5.341	1771880094.854
299	500.000	-0.016	500.001	0.122	4.163	1771880095.128
300	500.000	0.018	499.998	0.029	4.525	1771880095.361
301	500.000	-0.013	499.999	0.095	3.350	1771880095.590
302	500.000	-0.035	500.001	0.121	4.455	1771880095.839
303	500.000	-0.018	500.000	0.138	3.411	1771880096.114
304	500.000	0.028	500.002	0.025	6.050	1771880096.375
305	500.000	-0.024	500.002	0.128	4.014	1771880096.624
306	500.000	-0.002	499.999	0.049	0.818	1771880096.889
307	500.000	0.070	499.998	0.183	3.659	1771880097.130
308	500.000	0.017	500.001	0.050	4.717	1771880097.373
309	500.000	-0.004	499.999	0.145	3.592	1771880097.665
310	500.000	0.014	500.000	0.066	4.911	1771880097.863
311	500.000	-0.012	500.003	0.270	3.811	1771880098.136
312	500.000	-0.026	500.001	0.045	4.549	1771880098.381
313	500.000	-0.000	499.997	0.135	3.346	1771880098.659
314	500.000	-0.084	500.004	0.099	3.146	1771880098.878
315	500.000	0.040	499.996	0.208	3.943	1771880099.133
316	500.000	-0.047	499.999	0.071	4.073	1771880099.383
317	500.000	-0.034	500.000	0.240	3.919	1771880099.605
318	500.000	-0.025	500.002	0.041	5.295	1771880099.877
319	500.000	-0.015	499.998	0.284	3.811	1771880100.098
320	500.000	-0.001	499.997	0.060	4.570	1771880100.397
321	500.000	0.009	500.000	0.211	4.037	1771880100.631
322	500.000	-0.042	499.998	0.099	4.108	1771880100.870
323	500.000	0.017	499.996	0.167	3.848	1771880101.125
324	500.000	0.027	499.998	0.110	4.317	1771880101.373
325	500.000	0.014	500.001	0.178	3.923	1771880101.618
326	500.000	-0.015	499.998	0.065	2.551	1771880101.868
327	500.000	0.032	500.002	0.163	4.113	1771880102.136
328	500.000	0.003	500.000	0.084	4.228	1771880102.401
329	500.000	0.037	500.004	0.122	2.788	1771880102.660
330	500.000	-0.019	499.997	0.033	6.235	1771880102.904
331	500.000	0.011	499.999	0.257	3.923	1771880103.141
332	500.000	0.053	500.001	0.123	1.000	1771880103.388
333	500.000	-0.070	500.001	0.212	3.667	1771880103.665
334	500.000	-0.031	499.999	0.019	5.339	1771880103.927
335	500.000	-0.039	499.999	0.305	3.985	1771880104.125
336	500.000	-0.037	500.002	0.062	6.012	1771880104.388
337	500.000	0.011	499.995	0.172	3.705	1771880104.637
338	500.000	-0.043	500.001	0.031	0.381	1771880104.901
339	500.000	-0.020	500.001	0.181	3.585	1771880105.126
340	500.000	-0.008	499.999	0.059	0.624	1771880105.370
341	500.000	-0.030	499.997	0.179	3.809	1771880105.632
342	500.000	0.029	500.002	0.034	1.693	1771880105.893
343	500.000	-0.018	499.997	0.183	4.054	1771880106.137
344	500.000	0.019	500.001	0.073	3.918	1771880106.371
345	500.000	-0.026	499.999	0.146	3.836	1771880106.632
346	500.000	0.008	500.001	0.105	5.222	1771880106.883
347	500.000	0.035	499.999	0.232	3.922	1771880107.096
348	500.000	0.001	500.001	0.069	3.980	1771880107.363
349	500.000	0.018	500.000	0.093	3.895	1771880107.617
350	500.000	0.023	499.998	0.016	5.033	1771880107.874
351	500.000	-0.041	499.999	0.195	4.068	1771880108.104
352	500.000	-0.002	500.001	0.054	4.960	1771880108.325
353	500.000	0.002	500.000	0.111	3.951	1771880108.593
354	500.000	0.027	500.000	0.019	2.281	1771880108.838
355	500.000	0.010	499.998	0.112	3.815	1771880109.104
356	500.000	-0.016	500.003	0.067	5.194	1771880109.348
357	500.000	-0.020	499.999	0.240	3.835	1771880109.593
358	500.000	0.032	500.002	0.153	4.511	1771880109.852
359	500.000	-0.025	499.999	0.141	3.834	1771880110.091
360	500.000	-0.002	499.999	0.043	5.138	1771880110.338
361	500.000	-0.012	500.000	0.191	3.339	1771880110.595
362	500.000	-0.016	499.998	0.112	5.805	1771880110.852
363	500.000	0.046	500.000	0.194	3.519	1771880111.100
364	500.000	0.016	500.000	0.102	4.296	1771880111.329
365	500.000	0.023	499.998	0.214	3.531	1771880111.576
366	500.000	-0.002	499.998	0.159	3.709	1771880111.814
367	500.000	0.012	500.000	0.110	3.896	1771880112.063
368	500.000	-0.020	499.998	0.060	0.491	1771880112.306
369	500.000	-0.051	500.001	0.109	3.876	1771880112.538
370	500.000	-0.043	500.000	0.022	4.253	1771880112.807
371	500.000	-0.015	500.001	0.152	3.480	1771880113.043
372	500.000	0.009	500.001	0.077	6.138	1771880113.312
373	500.000	0.061	500.001	0.116	3.560	1771880113.558
374	500.000	-0.038	500.002	0.014	3.258	1771880113.794
375	500.000	-0.010	499.998	0.152	3.312	1771880114.050
376	500.000	0.051	499.998	0.025	4.935	1771880114.305
377	500.000	-0.006	500.000	0.140	3.860	1771880114.546
378	500.000	-0.031	499.998	0.048	3.876	1771880114.770
379	500.000	-0.005	499.997	0.070	4.000	1771880114.971
380	500.000	0.055	499.996	0.047	2.954	1771880115.236
381	500.000	-0.038	499.999	0.163	4.274	1771880115.477
382	500.000	0.021	500.000	0.042	3.981	1771880115.747
383	500.000	0.016	500.000	0.127	3.797	1771880115.984
384	500.000	0.009	499.999	0.009	4.376	1771880116.224
385	500.000	-0.026	499.998	0.043	3.266	1771880116.467
386	500.000	0.003	499.995	0.023	5.125	1771880116.751
387	500.000	-0.002	500.000	0.034	3.309	1771880117.013
388	500.000	-0.010	500.001	0.069	4.294	1771880117.240
389	500.000	0.016	500.002	0.152	4.156	1771880117.478
390	500.000	0.032	500.004	0.061	0.950	1771880117.748
391	500.000	0.031	500.003	0.155	3.741	1771880117.981
392	500.000	-0.034	499.997	0.035	5.737	1771880118.230
393	500.000	0.004	500.000	0.082	3.908	1771880118.495
394	500.000	-0.001	500.000	0.068	4.897	1771880118.736
395	500.000	-0.025	500.002	0.203	3.872	1771880118.984
396	500.000	-0.013	500.002	0.058	3.368	1771880119.232
397	500.000	0.008	500.002	0.203	3.796	1771880119.487
398	500.000	-0.003	500.000	0.055	5.447	1771880119.758
399	500.000	0.007	499.997	0.179	3.426	1771880120.013
400	500.000	-0.028	499.997	0.086	4.417	1771880120.261
401	500.000	-0.029	500.002	0.149	3.637	1771880120.510
402	500.000	-0.008	500.001	0.143	4.048	1771880120.723
403	500.000	0.042	499.999	0.132	4.052	1771880120.925
404	500.000	0.016	499.999	0.087	3.446	1771880121.190
405	500.000	-0.015	499.998	0.142	4.075	1771880121.404
406	500.000	0.004	499.998	0.091	3.760	1771880121.611
407	500.000	0.023	500.000	0.141	4.342	1771880121.882
408	500.000	0.056	500.002	0.068	2.819	1771880122.097
409	500.000	0.033	499.997	0.117	4.688	1771880122.300
410	500.000	-0.005	499.998	0.164	3.462	1771880122.575
411	500.000	0.010	499.997	0.132	3.964	1771880122.834
412	500.000	-0.010	500.000	0.184	3.520	1771880123.067
413	500.000	0.054	500.000	0.122	4.080	1771880123.313
414	500.000	0.049	499.999	0.172	3.522	1771880123.538
415	500.000	-0.023	499.997	0.084	3.777	1771880123.826
416	500.000	-0.021	499.999	0.160	3.391	1771880124.053
417	500.000	-0.017	500.001	0.018	1.827	1771880124.314
418	500.000	0.022	499.999	0.059	3.335	1771880124.567
419	500.000	0.024	499.999	0.081	4.791	1771880124.808
420	500.000	0.033	499.998	0.115	4.122	1771880125.040
421	500.000	-0.010	500.004	0.020	2.646	1771880125.262
422	500.000	-0.012	499.999	0.241	3.569	1771880125.537
423	500.000	-0.022	500.001	0.033	5.164	1771880125.768
424	500.000	0.014	500.000	0.173	3.713	1771880125.991
425	500.000	-0.057	500.000	0.115	5.110	1771880126.236
426	500.000	0.033	499.998	0.170	3.284	1771880126.498
427	500.000	0.015	500.004	0.043	5.797	1771880126.776
428	500.000	-0.001	500.001	0.115	4.044	1771880127.007
429	500.000	0.005	499.999	0.010	5.043	1771880127.249
430	500.000	0.059	500.001	0.174	3.504	1771880127.510
431	500.000	0.060	500.002	0.096	5.358	1771880127.751
432	500.000	0.024	500.000	0.114	3.352	1771880128.006
433	500.000	0.049	499.996	0.114	3.864	1771880128.238
434	500.000	0.015	500.000	0.146	3.924	1771880128.493
435	500.000	0.004	500.002	0.061	3.842	1771880128.737
436	500.000	0.036	499.999	0.161	3.468	1771880129.011
437	500.000	-0.011	499.998	0.031	4.932	1771880129.265
438	500.000	-0.016	500.000	0.249	3.575	1771880129.484
439	500.000	0.016	500.003	0.059	4.751	1771880129.760
440	500.000	0.003	500.003	0.082	3.130	1771880130.020
441	500.000	-0.012	500.000	0.047	4.965	1771880130.252
442	500.000	0.006	500.005	0.126	3.172	1771880130.502
443	500.000	0.024	499.999	0.106	3.910	1771880130.751
444	500.000	-0.034	500.000	0.166	3.320	1771880131.006
445	500.000	0.035	500.001	0.056	4.508	1771880131.244
446	500.000	0.022	500.002	0.139	3.105	1771880131.484
447	500.000	0.020	500.002	0.157	4.752	1771880131.725
448	500.000	-0.048	500.000	0.121	2.891	1771880132.012
449	500.000	-0.007	500.002	0.105	6.240	1771880132.241
450	500.000	0.020	500.001	0.157	3.247	1771880132.511
451	500.000	-0.004	499.999	0.091	3.689	1771880132.765
452	500.000	0.038	500.001	0.170	3.387	1771880132.996
453	500.000	0.035	500.002	0.061	3.790	1771880133.250
454	500.000	-0.002	500.000	0.152	2.924	1771880133.477
455	500.000	-0.021	500.003	0.145	4.284	1771880133.753
456	500.000	-0.053	500.000	0.230	3.401	1771880133.979
457	500.000	-0.010	499.999	0.137	4.232	1771880134.258
458	500.000	-0.013	500.001	0.210	3.420	1771880134.510
459	500.000	-0.008	499.996	0.052	3.701	1771880134.758
460	500.000	-0.097	500.000	0.132	3.789	1771880134.990
461	500.000	0.024	500.000	0.010	2.637	1771880135.270
462	500.000	-0.050	500.001	0.166	3.579	1771880135.522
463	500.000	-0.048	500.000	0.198	4.125	1771880135.750
464	500.000	0.033	500.002	0.121	2.888	1771880136.001
465	500.000	0.009	500.003	0.114	4.739	1771880136.247
466	500.000	-0.000	500.000	0.179	3.308	1771880136.515
467	500.000	0.059	499.998	0.049	3.150	1771880136.743
468	500.000	0.024	500.000	0.172	3.477	1771880137.011
469	500.000	-0.018	499.998	0.054	3.904	1771880137.250
470	500.000	0.016	499.996	0.149	3.718	1771880137.478
471	500.000	0.025	500.001	0.090	3.888	1771880137.739
472	500.000	0.025	500.003	0.148	2.760	1771880137.991
473	500.000	-0.040	500.006	0.017	3.358	1771880138.266
474	500.000	-0.020	500.000	0.152	3.234	1771880138.499
475	500.000	-0.030	499.999	0.110	4.238	1771880138.748
476	500.000	-0.043	499.999	0.106	2.807	1771880138.998
477	500.000	0.044	500.000	0.060	4.038	1771880139.237
478	500.000	0.033	499.998	0.199	3.078	1771880139.511
479	500.000	-0.011	499.999	0.011	3.728	1771880139.734
480	500.000	-0.008	500.000	0.119	3.264	1771880139.998
481	500.000	-0.046	500.002	0.151	3.311	1771880140.239
482	500.000	0.083	499.998	0.069	3.484	1771880140.514
483	500.000	-0.026	499.998	0.102	4.231	1771880140.760
484	500.000	0.044	500.000	0.124	3.099	1771880141.006
485	500.000	-0.009	500.000	0.084	4.453	1771880141.239
486	500.000	-0.002	500.002	0.070	2.235	1771880141.499
487	500.000	-0.005	499.997	0.095	4.030	1771880141.755
488	500.000	0.059	500.002	0.117	3.042	1771880142.008
489	500.000	0.023	500.003	0.045	4.790	1771880142.267
490	500.000	-0.005	499.999	0.087	3.478	1771880142.485
491	500.000	0.021	500.001	0.079	3.693	1771880142.761
492	500.000	0.006	499.999	0.122	2.962	1771880143.005
493	500.000	0.030	500.001	0.059	3.284	1771880143.227
494	500.000	0.038	500.004	0.228	3.760	1771880143.445
495	500.000	0.023	499.999	0.064	4.979	1771880143.699
496	500.000	0.020	500.002	0.180	3.714	1771880143.925
497	500.000	-0.034	500.003	0.150	4.160	1771880144.183
498	500.000	0.013	500.000	0.112	2.854	1771880144.433
499	500.000	-0.030	500.002	0.056	4.507	1771880144.704
500	500.000	-0.003	500.001	0.206	3.554	1771880144.955
501	500.000	0.046	500.000	0.054	3.879	1771880145.176
502	500.000	-0.024	500.001	0.107	3.494	1771880145.463
503	500.000	-0.031	500.002	0.021	1.249	1771880145.670
504	500.000	0.008	500.001	0.215	3.588	1771880145.924
505	500.000	0.002	500.002	0.044	3.457	1771880146.169
506	500.000	0.009	500.000	0.108	3.252	1771880146.439
507	500.000	0.087	500.000	0.098	3.820	1771880146.696
508	500.000	0.078	500.002	0.180	3.332	1771880146.944
509	500.000	-0.049	500.002	0.073	3.791	1771880147.195
510	500.000	-0.026	500.003	0.206	3.569	1771880147.426
511	500.000	0.022	500.001	0.112	4.107	1771880147.681
512	500.000	0.005	500.001	0.146	3.232	1771880147.941
513	500.000	-0.036	499.999	0.133	3.925	1771880148.204
514	500.000	0.056	500.001	0.150	3.307	1771880148.460
515	500.000	-0.004	500.002	0.080	4.496	1771880148.712
516	500.000	0.033	500.001	0.026	2.543	1771880148.975
517	500.000	0.013	500.000	0.131	3.313	1771880149.197
518	500.000	0.024	499.998	0.085	2.870	1771880149.453
519	500.000	0.032	500.004	0.086	3.673	1771880149.679
520	500.000	0.102	499.999	0.138	2.801	1771880149.955
521	500.000	0.015	499.999	0.041	3.101	1771880150.186
522	500.000	0.041	500.000	0.158	3.172	1771880150.440
523	500.000	-0.005	500.000	0.119	4.139	1771880150.699
524	500.000	0.002	500.001	0.093	3.197	1771880150.965
525	500.000	0.031	499.999	0.159	4.043	1771880151.182
526	500.000	-0.035	499.998	0.158	2.718	1771880151.444
527	500.000	-0.020	500.002	0.118	4.674	1771880151.682
528	500.000	-0.055	500.000	0.189	2.793	1771880151.945
529	500.000	0.080	500.001	0.063	4.606	1771880152.194
530	500.000	-0.079	499.996	0.179	3.263	1771880152.430
531	500.000	0.039	499.998	0.155	4.220	1771880152.694
532	500.000	-0.005	500.000	0.190	3.210	1771880152.942
533	500.000	-0.037	499.999	0.092	4.302	1771880153.194
534	500.000	-0.008	500.000	0.162	3.668	1771880153.432
535	500.000	-0.040	500.002	0.108	5.191	1771880153.693
536	500.000	-0.047	499.998	0.202	3.504	1771880153.940
537	500.000	0.056	499.999	0.094	4.763	1771880154.196
538	500.000	0.044	500.002	0.171	3.063	1771880154.474
539	500.000	0.003	499.999	0.118	4.326	1771880154.705
540	500.000	0.039	499.999	0.161	3.193	1771880154.965
541	500.000	0.030	500.002	0.049	3.238	1771880155.217
542	500.000	0.010	500.000	0.095	3.799	1771880155.454
543	500.000	0.019	499.999	0.066	3.717	1771880155.705
544	500.000	0.055	500.002	0.188	2.884	1771880155.941
545	500.000	-0.042	499.998	0.073	4.258	1771880156.217
546	500.000	-0.009	499.997	0.169	3.019	1771880156.462
547	500.000	0.006	499.998	0.051	4.360	1771880156.702
548	500.000	0.023	500.000	0.187	3.205	1771880156.954
549	500.000	-0.008	500.001	0.139	4.058	1771880157.219
550	500.000	-0.027	500.001	0.053	3.403	1771880157.461
551	500.000	0.026	500.002	0.112	3.669	1771880157.684
552	500.000	0.031	499.997	0.182	2.890	1771880157.969
553	500.000	0.001	499.999	0.049	3.869	1771880158.204
554	500.000	-0.002	500.001	0.202	2.803	1771880158.447
555	500.000	-0.018	499.999	0.051	3.585	1771880158.684
556	500.000	0.020	499.996	0.120	3.522	1771880158.933
557	500.000	0.012	499.998	0.085	3.874	1771880159.192
558	500.000	-0.031	500.001	0.137	2.887	1771880159.458
559	500.000	-0.022	499.999	0.054	1.497	1771880159.691
560	500.000	0.027	500.002	0.175	3.343	1771880159.934
561	500.000	0.002	499.998	0.109	3.528	1771880160.187
562	500.000	-0.005	499.997	0.111	3.352	1771880160.454
563	500.000	0.042	500.003	0.051	1.575	1771880160.691
564	500.000	-0.000	500.001	0.034	3.963	1771880160.938
565	500.000	0.003	499.999	0.119	3.434	1771880161.183
566	500.000	0.014	500.002	0.183	3.294	1771880161.471
567	500.000	-0.011	499.999	0.072	3.152	1771880161.702
568	500.000	-0.021	500.002	0.080	3.172	1771880161.944
569	500.000	0.065	500.000	0.106	2.783	1771880162.185
570	500.000	0.020	500.000	0.239	2.917	1771880162.388
571	500.000	-0.014	500.003	0.101	4.647	1771880162.665
572	500.000	-0.017	499.998	0.152	2.694	1771880162.895
573	500.000	0.001	500.000	0.033	3.320	1771880163.168
574	500.000	0.014	500.001	0.134	3.300	1771880163.397
575	500.000	0.006	499.999	0.106	4.918	1771880163.646
576	500.000	0.036	500.000	0.198	2.912	1771880163.893
577	500.000	-0.004	500.003	0.068	3.835	1771880164.145
578	500.000	-0.008	500.000	0.136	2.919	1771880164.411
579	500.000	-0.007	500.002	0.125	3.773	1771880164.653
580	500.000	-0.036	499.999	0.224	2.844	1771880164.889
581	500.000	-0.038	500.000	0.127	3.127	1771880165.153
582	500.000	0.000	499.997	0.172	3.513	1771880165.397
583	500.000	-0.010	499.996	0.125	3.349	1771880165.659
584	500.000	0.018	499.999	0.024	6.133	1771880165.889
585	500.000	0.018	500.000	0.114	2.831	1771880166.146
586	500.000	0.001	499.998	0.165	2.935	1771880166.368
587	500.000	-0.016	500.001	0.104	4.332	1771880166.637
588	500.000	0.022	499.997	0.199	3.410	1771880166.888
589	500.000	0.016	500.003	0.090	2.166	1771880167.148
590	500.000	-0.000	499.999	0.105	3.375	1771880167.402
591	500.000	0.019	500.000	0.158	4.617	1771880167.620
592	500.000	-0.017	500.003	0.167	3.578	1771880167.885
593	500.000	0.031	500.000	0.199	4.039	1771880168.132
594	500.000	-0.004	500.003	0.132	3.164	1771880168.394
595	500.000	0.014	499.999	0.121	3.504	1771880168.640
596	500.000	0.007	499.998	0.136	3.094	1771880168.896
597	500.000	0.066	500.000	0.092	4.416	1771880169.143
598	500.000	0.002	499.999	0.097	3.144	1771880169.368
599	500.000	-0.020	500.001	0.092	1.424	1771880169.646
600	500.000	-0.059	500.000	0.086	2.674	1771880169.906
601	500.000	0.014	500.002	0.063	4.198	1771880170.171
602	500.000	-0.040	500.002	0.109	2.247	1771880170.409
603	500.000	-0.016	499.997	0.151	3.607	1771880170.662
604	500.000	-0.059	500.001	0.033	4.322	1771880170.915
605	500.000	-0.024	500.001	0.068	3.485	1771880171.174
606	500.000	-0.010	500.002	0.076	4.084	1771880171.423
607	500.000	-0.008	499.999	0.116	3.720	1771880171.673
608	500.000	-0.001	499.996	0.048	4.079	1771880171.909
609	500.000	-0.003	500.003	0.147	3.192	1771880172.143
610	500.000	-0.002	499.999	0.094	3.173	1771880172.423
611	500.000	-0.037	500.000	0.048	3.234	1771880172.657
612	500.000	0.016	499.999	0.116	3.020	1771880172.896
613	500.000	-0.020	499.998	0.143	3.550	1771880173.149
614	500.000	0.041	499.998	0.114	2.813	1771880173.413
615	500.000	-0.010	500.001	0.087	3.389	1771880173.649
616	500.000	-0.009	500.000	0.121	3.088	1771880173.904
617	500.000	0.033	500.002	0.089	3.534	1771880174.186
618	500.000	-0.038	499.998	0.074	3.292	1771880174.401
619	500.000	-0.024	499.999	0.116	3.197	1771880174.666
620	500.000	0.012	500.001	0.138	3.965	1771880174.906
621	500.000	-0.016	500.000	0.093	3.727	1771880175.164
622	500.000	-0.063	499.999	0.078	3.532	1771880175.398
623	500.000	0.004	499.998	0.156	3.166	1771880175.649
624	500.000	0.009	500.001	0.085	1.882	1771880175.896
625	500.000	-0.070	499.998	0.149	2.983	1771880176.142
626	500.000	0.050	499.999	0.114	3.236	1771880176.415
627	500.000	-0.051	500.000	0.092	3.649	1771880176.658
628	500.000	0.018	499.997	0.061	3.108	1771880176.902
629	500.000	-0.054	499.999	0.162	3.373	1771880177.158
630	500.000	0.016	500.001	0.170	3.280	1771880177.408
631	500.000	0.013	499.999	0.122	3.422	1771880177.659
632	500.000	-0.022	499.998	0.079	3.229	1771880177.890
633	500.000	0.023	499.999	0.052	3.565	1771880178.168
634	500.000	-0.010	500.002	0.098	3.336	1771880178.412
635	500.000	-0.014	499.999	0.133	3.352	1771880178.671
636	500.000	0.016	500.002	0.079	4.513	1771880178.926
637	500.000	0.015	499.998	0.048	3.022	1771880179.152
638	500.000	0.010	499.998	0.118	3.180	1771880179.418
639	500.000	-0.030	499.999	0.045	1.826	1771880179.652
640	500.000	-0.017	500.000	0.078	3.371	1771880179.899
641	500.000	0.022	500.003	0.111	2.463	1771880180.163
642	500.000	0.053	500.000	0.066	3.471	1771880180.395
643	500.000	0.002	499.997	0.047	2.682	1771880180.666
644	500.000	-0.017	499.997	0.048	3.943	1771880180.925
645	500.000	0.005	499.999	0.061	4.042	1771880181.165
646	500.000	-0.005	500.001	0.097	3.282	1771880181.381
647	500.000	-0.003	500.003	0.176	3.077	1771880181.663
648	500.000	-0.018	500.003	0.078	3.068	1771880181.885
649	500.000	0.009	500.000	0.182	3.099	1771880182.158
650	500.000	0.037	500.001	0.140	3.755	1771880182.409
651	500.000	0.004	500.002	0.110	3.722	1771880182.666
652	500.000	0.021	499.999	0.144	3.910	1771880182.915
653	500.000	0.031	500.001	0.151	3.771	1771880183.142
654	500.000	-0.016	500.000	0.128	2.864	1771880183.414
655	500.000	-0.002	500.001	0.043	3.055	1771880183.651
656	500.000	0.010	499.999	0.082	2.585	1771880183.934
657	500.000	0.010	499.999	0.156	2.947	1771880184.146
658	500.000	0.018	500.001	0.108	3.100	1771880184.419
659	500.000	-0.067	500.000	0.135	2.817	1771880184.663
660	500.000	0.004	500.001	0.126	2.593	1771880184.915
661	500.000	-0.009	500.001	0.141	2.742	1771880185.161
662	500.000	0.001	500.003	0.078	2.614	1771880185.393
663	500.000	-0.030	499.999	0.149	3.710	1771880185.654
664	500.000	0.018	499.998	0.023	2.180	1771880185.886
665	500.000	-0.036	500.001	0.095	2.644	1771880186.165
666	500.000	0.015	500.001	0.141	3.527	1771880186.408
667	500.000	0.035	499.999	0.120	3.592	1771880186.659
668	500.000	0.023	500.004	0.099	3.800	1771880186.899
669	500.000	-0.023	499.996	0.021	1.202	1771880187.142
670	500.000	0.019	499.999	0.021	2.547	1771880187.414
671	500.000	-0.012	499.999	0.158	3.187	1771880187.641
672	500.000	0.013	499.997	0.096	4.562	1771880187.912
673	500.000	0.004	499.999	0.161	2.754	1771880188.157
674	500.000	0.005	499.999	0.082	3.614	1771880188.401
675	500.000	0.007	500.003	0.146	3.363	1771880188.628
676	500.000	-0.041	500.000	0.091	3.111	1771880188.887
677	500.000	0.008	499.996	0.130	3.554	1771880189.158
678	500.000	-0.004	500.000	0.054	1.988	1771880189.391
679	500.000	-0.018	499.997	0.111	3.726	1771880189.639
680	500.000	-0.037	499.998	0.063	3.175	1771880189.903
681	500.000	0.020	500.002	0.133	3.836	1771880190.188
682	500.000	-0.004	500.002	0.033	3.948	1771880190.425
683	500.000	-0.005	500.000	0.186	3.276	1771880190.654
684	500.000	0.025	499.999	0.099	2.819	1771880190.920
685	500.000	0.028	499.999	0.086	3.523	1771880191.195
686	500.000	0.024	500.000	0.073	2.260	1771880191.471
687	500.000	0.041	500.001	0.129	2.635	1771880191.740
688	500.000	0.002	499.998	0.087	4.247	1771880191.983
689	500.000	-0.032	499.999	0.199	2.921	1771880192.200
690	500.000	0.002	500.003	0.120	3.274	1771880192.494
691	500.000	-0.037	499.999	0.106	2.988	1771880192.756
692	500.000	-0.059	500.002	0.226	4.191	1771880192.962
693	500.000	0.089	500.002	0.135	3.208	1771880193.222
694	500.000	-0.033	499.999	0.097	3.511	1771880193.456
695	500.000	-0.040	500.005	0.136	3.299	1771880193.737
696	500.000	0.005	499.999	0.067	2.990	1771880193.928
697	500.000	-0.005	499.999	0.119	2.431	1771880194.209
698	500.000	-0.085	500.002	0.148	3.706	1771880194.433
699	500.000	-0.002	500.003	0.111	3.204	1771880194.653
700	500.000	0.000	500.002	0.058	2.904	1771880194.906
701	500.000	-0.015	500.001	0.112	3.050	1771880195.132
702	500.000	-0.040	500.001	0.032	2.835	1771880195.350
703	500.000	-0.005	499.998	0.139	3.208	1771880195.588
704	500.000	-0.013	499.999	0.104	3.550	1771880195.827
705	500.000	0.029	500.003	0.165	3.479	1771880196.080
706	500.000	-0.021	499.998	0.159	3.240	1771880196.367
707	500.000	0.011	500.001	0.141	2.657	1771880196.662
708	500.000	-0.013	499.999	0.058	0.084	1771880196.882
709	500.000	0.022	500.003	0.123	2.999	1771880197.181
710	500.000	0.033	500.003	0.131	4.141	1771880197.398
711	500.000	0.034	500.000	0.151	2.296	1771880197.679
712	500.000	-0.003	500.000	0.046	3.421	1771880197.914
713	500.000	-0.043	500.002	0.120	3.246	1771880198.158
714	500.000	0.037	500.002	0.115	2.666	1771880198.410
715	500.000	-0.007	499.999	0.227	3.367	1771880198.640
716	500.000	-0.058	500.000	0.113	3.643	1771880198.911
717	500.000	-0.044	499.999	0.171	3.128	1771880199.140
718	500.000	0.019	499.999	0.094	3.715	1771880199.399
719	500.000	0.008	499.997	0.159	3.071	1771880199.655
720	500.000	-0.007	500.000	0.108	4.225	1771880199.896
721	500.000	0.008	499.998	0.132	2.784	1771880200.172
722	500.000	0.050	500.000	0.064	4.561	1771880200.447
723	500.000	0.020	500.002	0.188	3.139	1771880200.661
724	500.000	0.008	499.997	0.137	3.616	1771880200.903
725	500.000	0.018	500.000	0.176	2.911	1771880201.187
726	500.000	0.018	499.996	0.147	3.879	1771880201.383
727	500.000	0.065	500.003	0.105	2.441	1771880201.580
728	500.000	-0.018	499.999	0.101	3.207	1771880201.843
729	500.000	-0.005	500.000	0.074	2.999	1771880202.087
730	500.000	0.028	499.997	0.057	0.879	1771880202.343
731	500.000	-0.007	500.000	0.113	3.072	1771880202.598
732	500.000	0.004	500.000	0.042	2.216	1771880202.822
733	500.000	-0.021	500.002	0.102	2.822	1771880203.081
734	500.000	-0.020	499.998	0.106	3.748	1771880203.330
735	500.000	-0.038	500.002	0.116	2.802	1771880203.594
736	500.000	0.004	500.003	0.057	3.162	1771880203.858
737	500.000	-0.029	500.000	0.159	2.847	1771880204.119
738	500.000	-0.019	499.999	0.165	3.897	1771880204.357
739	500.000	-0.034	499.998	0.217	2.958	1771880204.604
740	500.000	0.054	500.004	0.133	3.330	1771880204.850
741	500.000	0.016	500.001	0.149	2.791	1771880205.083
742	500.000	-0.007	500.002	0.126	3.380	1771880205.356
743	500.000	-0.014	500.001	0.132	2.882	1771880205.582
744	500.000	-0.032	500.002	0.075	3.130	1771880205.840
745	500.000	-0.019	500.001	0.120	3.101	1771880206.094
746	500.000	-0.018	500.003	0.054	4.202	1771880206.333
747	500.000	0.008	499.998	0.106	3.223	1771880206.580
748	500.000	-0.008	500.001	0.036	0.340	1771880206.829
749	500.000	0.042	500.000	0.097	2.439	1771880207.099
750	500.000	-0.020	499.998	0.024	2.937	1771880207.313
751	500.000	-0.001	500.002	0.158	3.447	1771880207.517
752	500.000	0.001	500.000	0.148	2.081	1771880207.770
753	500.000	-0.031	499.998	0.122	3.030	1771880208.023
754	500.000	-0.010	500.000	0.149	3.075	1771880208.275
755	500.000	0.004	499.998	0.159	2.839	1771880208.525
756	500.000	-0.018	500.001	0.127	2.598	1771880208.760
757	500.000	-0.010	500.002	0.159	3.090	1771880208.970
758	500.000	0.054	500.001	0.083	2.159	1771880209.241
759	500.000	0.002	499.998	0.025	1.624	1771880209.501
760	500.000	-0.018	499.996	0.206	3.065	1771880209.738
761	500.000	0.010	500.000	0.080	2.965	1771880209.967
762	500.000	-0.005	500.002	0.047	2.291	1771880210.231
763	500.000	-0.020	500.001	0.151	3.166	1771880210.486
764	500.000	-0.013	499.995	0.086	4.172	1771880210.757
765	500.000	-0.066	500.001	0.160	2.725	1771880210.991
766	500.000	0.041	500.001	0.152	3.197	1771880211.207
767	500.000	-0.016	499.999	0.084	3.000	1771880211.484
768	500.000	-0.024	500.000	0.056	3.694	1771880211.741
769	500.000	0.006	499.999	0.163	3.030	1771880211.988
770	500.000	-0.028	500.001	0.041	3.881	1771880212.214
771	500.000	0.020	500.004	0.190	2.567	1771880212.473
772	500.000	0.039	499.999	0.138	2.654	1771880212.720
773	500.000	-0.013	500.002	0.147	3.449	1771880212.994
774	500.000	-0.012	500.001	0.057	3.230	1771880213.248
775	500.000	-0.004	499.997	0.201	2.598	1771880213.464
776	500.000	-0.021	499.999	0.150	3.042	1771880213.741
777	500.000	0.005	500.000	0.218	3.468	1771880213.985
778	500.000	0.015	500.002	0.161	3.396	1771880214.233
779	500.000	-0.045	499.997	0.110	3.209	1771880214.475
780	500.000	-0.007	500.001	0.146	1.984	1771880214.741
781	500.000	0.029	499.998	0.102	2.879	1771880214.998
782	500.000	-0.023	500.000	0.140	3.048	1771880215.247
783	500.000	0.001	499.996	0.144	3.250	1771880215.479
784	500.000	0.014	500.000	0.066	2.470	1771880215.730
785	500.000	0.056	499.999	0.149	3.406	1771880215.975
786	500.000	-0.035	499.998	0.052	3.432	1771880216.235
787	500.000	0.014	500.006	0.096	2.979	1771880216.484
788	500.000	0.026	500.002	0.141	2.499	1771880216.734
789	500.000	0.024	500.000	0.146	3.711	1771880216.969
790	500.000	-0.061	499.999	0.148	2.906	1771880217.251
791	500.000	0.020	499.997	0.081	3.230	1771880217.490
792	500.000	0.016	499.997	0.094	2.819	1771880217.733
793	500.000	-0.009	500.000	0.114	3.684	1771880217.952
794	500.000	-0.018	500.001	0.151	2.745	1771880218.189
795	500.000	-0.006	500.000	0.145	3.755	1771880218.419
796	500.000	-0.008	499.996	0.188	3.240	1771880218.664
797	500.000	-0.012	500.003	0.121	3.578	1771880218.932
798	500.000	-0.023	499.998	0.109	2.488	1771880219.197
799	500.000	-0.028	500.000	0.209	3.338	1771880219.420
800	500.000	-0.024	499.999	0.152	2.477	1771880219.675
801	500.000	-0.027	500.001	0.103	3.341	1771880219.911
802	500.000	-0.023	500.002	0.198	3.163	1771880220.172
803	500.000	-0.013	500.000	0.104	3.398	1771880220.429
804	500.000	0.013	499.999	0.184	2.704	1771880220.676
805	500.000	0.024	499.996	0.142	3.916	1771880220.927
806	500.000	0.004	500.003	0.163	2.533	1771880221.186
807	500.000	-0.006	500.000	0.112	2.535	1771880221.450
808	500.000	0.012	500.004	0.163	2.457	1771880221.658
809	500.000	-0.026	500.002	0.164	3.410	1771880221.908
810	500.000	0.026	500.002	0.167	2.741	1771880222.168
811	500.000	-0.047	499.999	0.048	4.034	1771880222.424
812	500.000	0.029	500.001	0.200	3.100	1771880222.647
813	500.000	0.009	500.003	0.060	2.729	1771880222.914
814	500.000	0.040	500.000	0.181	2.076	1771880223.183
815	500.000	0.030	500.002	0.193	3.551	1771880223.434
816	500.000	-0.013	499.997	0.101	2.144	1771880223.659
817	500.000	0.019	500.001	0.104	2.467	1771880223.908
818	500.000	0.010	500.005	0.143	3.364	1771880224.186
819	500.000	0.006	499.999	0.113	3.121	1771880224.413
820	500.000	0.013	500.001	0.043	2.025	1771880224.658
821	500.000	0.016	500.001	0.116	2.840	1771880224.907
822	500.000	0.007	499.996	0.183	2.546	1771880225.166
823	500.000	-0.008	500.001	0.136	3.231	1771880225.418
824	500.000	0.007	500.002	0.139	2.823	1771880225.678
825	500.000	-0.008	500.001	0.165	3.276	1771880225.920
826	500.000	-0.010	500.002	0.039	2.077	1771880226.148
827	500.000	0.044	500.003	0.151	3.765	1771880226.413
828	500.000	-0.057	499.996	0.116	2.310	1771880226.661
829	500.000	-0.039	499.996	0.160	3.039	1771880226.925
830	500.000	-0.025	499.999	0.136	2.469	1771880227.173
831	500.000	-0.036	499.997	0.111	3.304	1771880227.405
832	500.000	0.014	499.997	0.119	1.953	1771880227.669
833	500.000	-0.035	500.002	0.085	3.767	1771880227.888
834	500.000	0.036	499.999	0.229	2.085	1771880228.107
835	500.000	-0.025	499.999	0.121	3.418	1771880228.359
836	500.000	0.050	500.000	0.136	3.271	1771880228.583
837	500.000	-0.085	499.999	0.016	4.463	1771880228.772
838	500.000	0.025	500.000	0.087	2.410	1771880228.966
839	500.000	-0.054	499.999	0.063	3.266	1771880229.213
840	500.000	0.026	500.000	0.069	2.619	1771880229.431
841	500.000	-0.022	500.002	0.179	2.559	1771880229.673
842	500.000	0.000	500.000	0.114	3.639	1771880229.976
843	500.000	-0.025	500.002	0.100	3.623	1771880230.295
844	500.000	-0.015	500.002	0.106	3.121	1771880230.564
845	500.000	-0.020	500.001	0.137	3.767	1771880230.800
846	500.000	0.032	500.002	0.108	2.106	1771880231.071
847	500.000	0.041	499.999	0.075	3.740	1771880231.316
848	500.000	0.029	499.996	0.110	2.728	1771880231.569
849	500.000	-0.027	499.998	0.050	4.230	1771880231.813
850	500.000	0.031	500.002	0.078	3.549	1771880232.073
851	500.000	0.035	499.999	0.077	3.840	1771880232.313
852	500.000	0.003	500.001	0.132	3.161	1771880232.568
853	500.000	-0.016	500.000	0.096	3.272	1771880232.791
854	500.000	-0.026	500.000	0.070	2.624	1771880233.058
855	500.000	0.006	499.998	0.092	3.690	1771880233.313
856	500.000	0.016	500.001	0.138	2.628	1771880233.572
857	500.000	-0.007	500.002	0.071	2.609	1771880233.826
858	500.000	0.050	500.001	0.201	3.246	1771880234.069
859	500.000	-0.001	500.001	0.155	3.776	1771880234.308
860	500.000	-0.017	499.999	0.073	2.213	1771880234.541
861	500.000	0.005	500.004	0.034	4.922	1771880234.770
862	500.000	-0.004	500.000	0.108	1.878	1771880235.022
863	500.000	0.005	499.998	0.106	2.557	1771880235.286
864	500.000	0.010	499.997	0.102	2.498	1771880235.534
865	500.000	-0.021	499.999	0.083	3.683	1771880235.749
866	500.000	-0.055	500.000	0.146	2.955	1771880236.009
867	500.000	-0.018	500.000	0.155	2.975	1771880236.260
868	500.000	0.037	499.996	0.148	2.442	1771880236.514
869	500.000	-0.039	500.000	0.122	3.554	1771880236.760
870	500.000	-0.001	499.998	0.094	2.324	1771880237.028
871	500.000	-0.046	499.999	0.063	4.273	1771880237.265
872	500.000	0.044	500.001	0.084	3.057	1771880237.499
873	500.000	0.038	500.002	0.069	3.423	1771880237.759
874	500.000	0.016	500.001	0.126	3.404	1771880238.010
875	500.000	0.019	500.001	0.113	3.952	1771880238.243
876	500.000	-0.059	499.998	0.205	3.019	1771880238.458
877	500.000	0.021	500.003	0.091	2.217	1771880238.707
878	500.000	-0.033	499.999	0.104	3.186	1771880238.990
879	500.000	-0.008	500.001	0.083	3.379	1771880239.212
880	500.000	0.022	499.999	0.153	3.381	1771880239.475
881	500.000	-0.010	500.000	0.079	2.343	1771880239.699
882	500.000	0.024	500.001	0.140	2.398	1771880239.973
883	500.000	0.000	500.002	0.083	2.690	1771880240.211
884	500.000	-0.004	500.000	0.093	2.617	1771880240.536
885	500.000	-0.033	500.000	0.106	3.541	1771880240.788
886	500.000	0.021	499.999	0.126	3.140	1771880241.037
887	500.000	-0.003	499.999	0.066	3.504	1771880241.287
888	500.000	0.004	500.001	0.121	3.002	1771880241.519
889	500.000	-0.011	499.999	0.074	4.313	1771880241.796
890	500.000	0.010	499.998	0.103	2.999	1771880242.029
891	500.000	0.016	500.002	0.099	2.794	1771880242.277
892	500.000	-0.043	500.001	0.129	2.845	1771880242.541
893	500.000	0.030	500.002	0.092	3.256	1771880242.790
894	500.000	-0.019	500.001	0.199	2.616	1771880243.053
895	500.000	-0.044	500.000	0.137	4.135	1771880243.267
896	500.000	-0.006	500.000	0.164	2.762	1771880243.542
897	500.000	0.005	499.999	0.085	3.408	1771880243.774
898	500.000	0.001	499.999	0.173	3.202	1771880244.039
899	500.000	0.003	500.001	0.069	3.571	1771880244.274
900	500.000	0.016	500.003	0.101	2.430	1771880244.543
901	500.000	-0.006	500.001	0.081	4.092	1771880244.794
902	500.000	0.047	499.997	0.081	2.477	1771880245.056
903	500.000	0.002	500.001	0.098	3.688	1771880245.291
904	500.000	-0.003	499.997	0.111	3.018	1771880245.532
905	500.000	-0.027	500.000	0.041	2.430	1771880245.772
906	500.000	0.015	500.001	0.149	1.721	1771880246.017
907	500.000	0.007	500.001	0.048	4.268	1771880246.288
908	500.000	0.019	499.998	0.053	2.917	1771880246.522
909	500.000	0.057	500.000	0.040	3.164	1771880246.799
910	500.000	0.012	499.998	0.189	2.880	1771880247.038
911	500.000	0.015	499.997	0.100	3.788	1771880247.269
912	500.000	0.016	499.998	0.133	3.299	1771880247.520
913	500.000	0.027	499.999	0.071	4.432	1771880247.777
914	500.000	-0.030	499.998	0.137	3.313	1771880248.029
915	500.000	-0.052	499.997	0.096	4.323	1771880248.285
916	500.000	0.020	500.000	0.112	2.903	1771880248.550
917	500.000	0.016	500.003	0.102	2.910	1771880248.781
918	500.000	-0.079	500.000	0.181	2.644	1771880249.052
919	500.000	0.048	500.002	0.016	2.586	1771880249.298
920	500.000	-0.017	500.000	0.128	2.898	1771880249.520
921	500.000	-0.047	500.001	0.060	3.650	1771880249.792
922	500.000	0.020	500.000	0.102	2.288	1771880250.022
923	500.000	-0.019	500.001	0.081	3.866	1771880250.297
924	500.000	-0.028	499.997	0.137	2.327	1771880250.556
925	500.000	0.010	500.003	0.015	4.375	1771880250.794
926	500.000	-0.074	500.001	0.107	2.610	1771880251.027
927	500.000	-0.043	499.998	0.054	3.945	1771880251.275
928	500.000	-0.019	500.005	0.141	2.505	1771880251.540
929	500.000	-0.011	499.997	0.030	3.346	1771880251.757
930	500.000	0.005	500.003	0.168	3.610	1771880251.944
931	500.000	-0.015	500.003	0.084	2.123	1771880252.212
932	500.000	0.025	500.001	0.130	2.686	1771880252.469
933	500.000	-0.021	500.002	0.059	3.376	1771880252.722
934	500.000	0.011	499.995	0.181	3.713	1771880252.979
935	500.000	0.036	499.999	0.118	2.315	1771880253.223
936	500.000	-0.015	500.001	0.073	3.075	1771880253.469
937	500.000	-0.008	500.000	0.102	2.907	1771880253.704
938	500.000	-0.048	499.998	0.117	3.231	1771880253.954
939	500.000	0.004	500.001	0.121	2.739	1771880254.202
940	500.000	-0.022	500.005	0.116	2.634	1771880254.463
941	500.000	-0.004	500.001	0.092	3.180	1771880254.730
942	500.000	-0.011	500.000	0.113	2.689	1771880254.990
943	500.000	-0.007	499.999	0.067	3.393	1771880255.243
944	500.000	0.047	500.000	0.121	3.032	1771880255.488
945	500.000	-0.007	500.004	0.031	0.322	1771880255.720
946	500.000	0.022	500.001	0.045	2.499	1771880255.951
947	500.000	0.035	499.999	0.027	0.967	1771880256.226
948	500.000	0.057	500.000	0.128	3.290	1771880256.484
949	500.000	0.019	500.004	0.113	2.875	1771880256.726
950	500.000	-0.012	500.000	0.110	3.055	1771880256.978
951	500.000	-0.089	499.998	0.045	1.580	1771880257.220
952	500.000	-0.048	500.002	0.154	3.191	1771880257.466
953	500.000	0.012	499.998	0.125	2.945	1771880257.737
954	500.000	-0.001	500.001	0.073	3.103	1771880257.977
955	500.000	0.010	500.001	0.067	2.468	1771880258.213
956	500.000	0.011	499.999	0.066	2.597	1771880258.490
957	500.000	0.043	500.000	0.063	3.613	1771880258.711
958	500.000	0.066	500.003	0.174	2.534	1771880258.974
959	500.000	-0.004	500.000	0.107	2.096	1771880259.197
960	500.000	-0.024	500.000	0.086	3.121	1771880259.486
961	500.000	-0.028	500.000	0.103	2.269	1771880259.750
962	500.000	0.012	500.000	0.052	2.155	1771880259.979
963	500.000	-0.017	499.999	0.178	2.662	1771880260.251
964	500.000	0.003	500.000	0.165	2.838	1771880260.490
965	500.000	0.030	499.999	0.121	2.729	1771880260.758
966	500.000	0.030	499.998	0.101	2.793	1771880260.991
967	500.000	0.004	500.000	0.048	3.229	1771880261.260
968	500.000	0.029	500.000	0.178	3.530	1771880261.494
969	500.000	0.009	500.002	0.070	2.902	1771880261.760
970	500.000	-0.007	500.000	0.131	2.683	1771880262.004
971	500.000	-0.033	500.000	0.020	4.436	1771880262.217
972	500.000	-0.002	499.998	0.128	2.917	1771880262.503
973	500.000	-0.031	499.999	0.040	2.822	1771880262.741
974	500.000	-0.041	500.000	0.141	2.337	1771880263.014
975	500.000	0.033	500.000	0.058	0.784	1771880263.234
976	500.000	0.023	500.000	0.080	3.367	1771880263.475
977	500.000	0.026	500.001	0.041	3.011	1771880263.738
978	500.000	-0.027	500.000	0.129	3.289	1771880263.986
979	500.000	-0.016	499.999	0.128	2.494	1771880264.252
980	500.000	-0.002	500.002	0.104	2.827	1771880264.488
981	500.000	0.015	500.002	0.112	2.833	1771880264.742
982	500.000	-0.041	500.001	0.171	3.094	1771880264.991
983	500.000	-0.002	500.000	0.033	4.050	1771880265.243
984	500.000	0.031	500.002	0.093	2.661	1771880265.486
985	500.000	0.023	500.000	0.100	2.663	1771880265.719
986	500.000	-0.025	500.003	0.129	3.019	1771880265.995
987	500.000	0.041	499.998	0.075	4.034	1771880266.224
988	500.000	0.013	499.999	0.083	2.660	1771880266.499
989	500.000	0.020	499.999	0.044	3.031	1771880266.732
990	500.000	-0.002	499.996	0.084	2.472	1771880267.001
991	500.000	0.016	500.003	0.041	2.617	1771880267.249
992	500.000	0.026	500.001	0.148	3.785	1771880267.489
993	500.000	0.038	500.000	0.088	2.597	1771880267.748
994	500.000	0.008	500.001	0.029	5.257	1771880267.969
995	500.000	0.007	500.000	0.054	1.377	1771880268.244
996	500.000	-0.009	500.003	0.145	2.184	1771880268.503
997	500.000	-0.025	500.000	0.079	3.742	1771880268.744
998	500.000	0.016	500.002	0.109	2.355	1771880269.000
999	500.000	0.020	499.998	0.031	5.897	1771880269.249
1000	500.000	-0.008	500.000	0.103	2.696	1771880269.505
1001	500.000	0.029	500.000	0.092	3.964	1771880269.722
1002	500.000	0.019	500.000	0.152	2.406	1771880269.998
1003	500.000	-0.014	499.996	0.059	2.321	1771880270.248
1004	500.000	-0.023	500.000	0.076	2.864	1771880270.508
1005	500.000	-0.033	500.001	0.061	3.098	1771880270.769
1006	500.000	-0.008	499.998	0.162	3.651	1771880271.011
1007	500.000	-0.013	499.999	0.066	3.462	1771880271.263
1008	500.000	-0.018	500.001	0.173	2.078	1771880271.525
1009	500.000	0.005	500.004	0.011	4.190	1771880271.769
1010	500.000	0.013	500.001	0.132	2.785	1771880272.002
1011	500.000	-0.017	499.999	0.071	3.945	1771880272.284
1012	500.000	-0.018	499.998	0.144	3.142	1771880272.508
1013	500.000	0.005	499.999	0.028	2.128	1771880272.791
1014	500.000	-0.043	500.002	0.127	2.661	1771880273.020
1015	500.000	0.012	500.001	0.050	3.843	1771880273.263
1016	500.000	-0.026	500.000	0.103	3.025	1771880273.512
1017	500.000	0.008	499.998	0.041	0.977	1771880273.787
1018	500.000	0.034	500.001	0.154	2.557	1771880274.045
1019	500.000	0.028	499.999	0.004	2.751	1771880274.249
1020	500.000	0.012	500.001	0.095	2.520	1771880274.515
1021	500.000	0.036	500.000	0.067	3.753	1771880274.777
1022	500.000	0.020	499.998	0.049	2.834	1771880275.050
1023	500.000	-0.006	500.004	0.144	4.040	1771880275.311
1024	500.000	0.023	500.001	0.156	3.671	1771880275.518
1025	500.000	-0.040	500.000	0.124	4.133	1771880275.802
1026	500.000	0.032	500.002	0.054	2.552	1771880276.039
1027	500.000	-0.061	499.998	0.072	4.386	1771880276.289
1028	500.000	-0.038	500.004	0.151	2.674	1771880276.519
1029	500.000	0.014	500.001	0.075	3.478	1771880276.783
1030	500.000	-0.018	499.997	0.166	2.758	1771880277.031
1031	500.000	-0.014	500.000	0.082	2.778	1771880277.320
1032	500.000	0.019	499.998	0.142	3.146	1771880277.606
1033	500.000	-0.045	500.002	0.054	2.742	1771880277.858
1034	500.000	0.004	499.999	0.143	3.160	1771880278.080
1035	500.000	0.070	499.999	0.102	2.625	1771880278.352
1036	500.000	-0.006	500.002	0.143	2.803	1771880278.606
1037	500.000	0.027	500.001	0.095	2.410	1771880278.849
1038	500.000	0.013	500.002	0.107	2.546	1771880279.103
1039	500.000	-0.053	500.000	0.055	2.291	1771880279.334
1040	500.000	-0.052	500.002	0.147	2.665	1771880279.602
1041	500.000	-0.003	500.001	0.072	3.200	1771880279.854
1042	500.000	0.025	500.000	0.171	2.886	1771880280.105
1043	500.000	-0.014	500.002	0.062	1.640	1771880280.368
1044	500.000	-0.045	499.998	0.081	2.757	1771880280.625
1045	500.000	0.016	500.000	0.120	3.419	1771880280.883
1046	500.000	0.007	500.003	0.068	2.728	1771880281.085
1047	500.000	-0.004	499.997	0.095	3.274	1771880281.365
1048	500.000	0.020	500.002	0.115	2.678	1771880281.601
1049	500.000	-0.012	499.999	0.109	2.539	1771880281.871
1050	500.000	-0.015	500.000	0.080	2.155	1771880282.098
1051	500.000	0.008	500.002	0.073	3.810	1771880282.364
1052	500.000	-0.002	500.002	0.119	2.404	1771880282.626
1053	500.000	0.061	499.997	0.098	2.779	1771880282.868
1054	500.000	-0.073	500.000	0.126	1.170	1771880283.119
1055	500.000	0.032	500.000	0.178	2.638	1771880283.355
1056	500.000	0.012	499.996	0.116	2.831	1771880283.610
1057	500.000	0.030	499.998	0.096	2.763	1771880283.877
1058	500.000	-0.010	499.999	0.116	3.730	1771880284.129
1059	500.000	-0.041	500.001	0.076	2.440	1771880284.382
1060	500.000	0.011	500.000	0.068	3.247	1771880284.586
1061	500.000	-0.046	500.002	0.093	3.830	1771880284.799
1062	500.000	-0.007	499.999	0.131	2.514	1771880285.045
1063	500.000	0.004	499.998	0.123	3.366	1771880285.291
1064	500.000	0.025	500.001	0.156	2.950	1771880285.574
1065	500.000	0.018	499.997	0.077	2.587	1771880285.793
1066	500.000	0.006	500.000	0.175	3.416	1771880286.084
1067	500.000	0.010	499.999	0.097	2.280	1771880286.289
1068	500.000	-0.052	499.999	0.076	2.722	1771880286.566
1069	500.000	0.008	500.000	0.157	3.437	1771880286.816
1070	500.000	-0.011	500.000	0.182	2.737	1771880287.045
1071	500.000	0.029	500.002	0.044	3.297	1771880287.319
1072	500.000	0.054	499.999	0.131	2.140	1771880287.546
1073	500.000	-0.055	500.002	0.078	3.098	1771880287.825
1074	500.000	-0.013	500.001	0.088	3.614	1771880288.058
1075	500.000	0.010	500.003	0.058	3.351	1771880288.267
1076	500.000	-0.022	499.998	0.146	2.559	1771880288.555
1077	500.000	0.004	500.001	0.125	3.649	1771880288.790
1078	500.000	-0.052	500.000	0.071	2.842	1771880289.061
1079	500.000	0.019	499.996	0.129	3.360	1771880289.291
1080	500.000	-0.011	500.001	0.139	2.879	1771880289.584
1081	500.000	-0.017	500.000	0.097	2.322	1771880289.800
1082	500.000	0.015	499.999	0.133	2.596	1771880290.037
1083	500.000	-0.034	500.000	0.062	2.889	1771880290.308
1084	500.000	0.029	499.999	0.128	2.437	1771880290.536
1085	500.000	-0.029	499.998	0.061	1.574	1771880290.800
1086	500.000	-0.054	500.001	0.108	2.433	1771880291.040
1087	500.000	-0.014	500.001	0.070	2.574	1771880291.308
1088	500.000	-0.036	499.999	0.157	2.356	1771880291.537
1089	500.000	-0.029	500.001	0.086	1.975	1771880291.805
1090	500.000	-0.018	500.001	0.107	2.573	1771880292.044
1091	500.000	0.009	500.000	0.063	3.806	1771880292.304
1092	500.000	-0.013	500.000	0.150	1.607	1771880292.559
1093	500.000	0.018	500.000	0.149	3.833	1771880292.789
1094	500.000	-0.027	500.003	0.096	1.729	1771880293.007
1095	500.000	-0.038	500.001	0.073	3.133	1771880293.270
1096	500.000	0.041	499.998	0.157	3.175	1771880293.495
1097	500.000	0.020	499.999	0.061	1.877	1771880293.765
1098	500.000	-0.037	500.001	0.130	1.940	1771880294.017
1099	500.000	-0.007	499.998	0.092	2.729	1771880294.284
1100	500.000	-0.000	499.998	0.158	1.922	1771880294.515
1101	500.000	0.006	499.995	0.064	2.061	1771880294.755
1102	500.000	0.070	500.001	0.118	1.722	1771880295.013
1103	500.000	-0.011	500.001	0.141	3.684	1771880295.255
1104	500.000	0.049	500.000	0.077	3.571	1771880295.516
1105	500.000	-0.018	499.997	0.038	3.857	1771880295.760
1106	500.000	0.034	500.001	0.127	2.511	1771880296.004
1107	500.000	0.013	500.001	0.145	3.896	1771880296.281
1108	500.000	-0.003	500.003	0.055	3.681	1771880296.545
1109	500.000	-0.014	499.999	0.071	3.977	1771880296.777
1110	500.000	0.025	500.000	0.200	2.513	1771880296.998
1111	500.000	-0.041	500.000	0.116	3.630	1771880297.210
1112	500.000	0.045	500.002	0.088	3.313	1771880297.460
1113	500.000	-0.048	500.002	0.098	2.232	1771880297.695
1114	500.000	0.005	500.001	0.052	2.626	1771880297.955
1115	500.000	0.029	499.999	0.151	3.996	1771880298.208
1116	500.000	-0.013	499.999	0.149	2.430	1771880298.455
1117	500.000	-0.001	500.000	0.097	3.088	1771880298.709
1118	500.000	-0.036	499.999	0.080	2.459	1771880298.937
1119	500.000	0.044	499.999	0.055	3.592	1771880299.204
1120	500.000	0.004	500.003	0.125	2.916	1771880299.432
1121	500.000	-0.009	500.000	0.116	1.606	1771880299.694
1122	500.000	0.051	500.000	0.044	3.812	1771880299.944
1123	500.000	-0.055	499.998	0.055	4.389	1771880300.213
1124	500.000	-0.008	499.999	0.054	4.484	1771880300.443
1125	500.000	0.024	500.000	0.102	3.601	1771880300.672
1126	500.000	0.045	500.001	0.110	2.464	1771880300.954
1127	500.000	-0.038	499.995	0.103	3.173	1771880301.190
1128	500.000	-0.038	499.998	0.163	2.609	1771880301.474
1129	500.000	0.030	500.001	0.084	3.583	1771880301.707
1130	500.000	0.015	500.001	0.118	2.652	1771880301.971
1131	500.000	0.047	499.999	0.048	0.272	1771880302.221
1132	500.000	-0.020	499.998	0.078	2.347	1771880302.471
1133	500.000	-0.010	500.003	0.087	4.667	1771880302.712
1134	500.000	-0.012	500.000	0.175	3.223	1771880302.979
1135	500.000	-0.014	499.997	0.021	2.465	1771880303.212
1136	500.000	0.056	499.998	0.112	1.363	1771880303.464
1137	500.000	0.034	500.001	0.076	4.217	1771880303.731
1138	500.000	-0.010	500.002	0.066	3.020	1771880303.986
1139	500.000	-0.001	500.000	0.058	3.639	1771880304.227
1140	500.000	0.020	500.000	0.077	3.062	1771880304.491
1141	500.000	-0.011	500.002	0.075	4.096	1771880304.739
1142	500.000	-0.011	500.001	0.072	2.166	1771880304.974
1143	500.000	-0.038	500.002	0.048	3.701	1771880305.206
1144	500.000	-0.013	499.998	0.134	2.659	1771880305.478
1145	500.000	0.003	500.000	0.036	1.299	1771880305.737
1146	500.000	-0.015	500.001	0.111	2.058	1771880305.991
1147	500.000	0.028	500.002	0.074	3.863	1771880306.213
1148	500.000	-0.025	500.003	0.123	2.302	1771880306.466
1149	500.000	-0.004	499.998	0.032	3.648	1771880306.723
1150	500.000	-0.014	500.000	0.142	1.952	1771880306.954
1151	500.000	-0.027	499.998	0.105	4.242	1771880307.214
1152	500.000	0.008	500.001	0.093	1.776	1771880307.469
1153	500.000	0.007	500.000	0.109	3.610	1771880307.743
1154	500.000	-0.061	500.000	0.110	2.427	1771880307.984
1155	500.000	0.021	499.999	0.099	3.950	1771880308.222
1156	500.000	-0.017	500.000	0.108	3.006	1771880308.471
1157	500.000	0.018	499.998	0.055	4.682	1771880308.706
1158	500.000	-0.014	500.000	0.037	2.000	1771880308.965
1159	500.000	-0.017	499.999	0.215	3.451	1771880309.218
1160	500.000	-0.018	500.001	0.087	2.771	1771880309.484
1161	500.000	0.011	500.000	0.086	3.825	1771880309.714
1162	500.000	0.025	500.000	0.092	2.805	1771880309.985
1163	500.000	-0.037	499.999	0.074	2.962	1771880310.219
1164	500.000	0.024	499.999	0.147	2.026	1771880310.445
1165	500.000	0.035	499.999	0.029	2.342	1771880310.719
1166	500.000	0.020	499.998	0.096	2.260	1771880310.969
1167	500.000	-0.049	500.002	0.078	4.873	1771880311.220
1168	500.000	0.012	500.001	0.101	2.304	1771880311.483
1169	500.000	0.023	499.999	0.031	3.900	1771880311.726
1170	500.000	-0.001	499.995	0.186	2.912	1771880311.965
1171	500.000	0.003	499.997	0.102	4.114	1771880312.208
1172	500.000	0.027	500.000	0.132	2.214	1771880312.486
1173	500.000	-0.015	499.999	0.038	3.150	1771880312.718
1174	500.000	0.017	499.999	0.121	2.728	1771880312.977
1175	500.000	-0.001	499.998	0.030	3.099	1771880313.241
1176	500.000	-0.017	500.000	0.143	3.551	1771880313.484
1177	500.000	0.015	500.000	0.115	3.698	1771880313.728
1178	500.000	0.040	500.000	0.057	1.189	1771880313.956
1179	500.000	-0.038	499.995	0.020	2.712	1771880314.229
1180	500.000	0.005	499.999	0.153	2.864	1771880314.464
1181	500.000	0.009	499.998	0.073	2.772	1771880314.723
1182	500.000	0.022	499.998	0.107	2.449	1771880314.968
1183	500.000	0.040	500.002	0.091	3.685	1771880315.212
1184	500.000	-0.002	499.999	0.123	2.069	1771880315.471
1185	500.000	0.078	499.997	0.087	3.385	1771880315.739
1186	500.000	-0.027	500.002	0.080	2.405	1771880315.971
1187	500.000	0.003	499.999	0.128	3.637	1771880316.223
1188	500.000	0.006	499.997	0.103	1.988	1771880316.486
1189	500.000	0.007	500.005	0.060	0.122	1771880316.734
1190	500.000	0.013	499.998	0.151	2.934	1771880316.982
1191	500.000	-0.020	499.999	0.107	3.412	1771880317.207
1192	500.000	-0.045	500.003	0.114	2.604	1771880317.471
1193	500.000	-0.016	500.003	0.077	3.843	1771880317.723
1194	500.000	-0.020	500.002	0.142	3.241	1771880317.953
1195	500.000	-0.039	499.999	0.070	2.842	1771880318.225
1196	500.000	0.001	499.998	0.123	3.051	1771880318.479
1197	500.000	-0.046	499.996	0.105	3.340	1771880318.729
1198	500.000	0.044	500.000	0.144	2.320	1771880318.962
1199	500.000	-0.019	500.000	0.064	2.658	1771880319.219
1200	500.000	0.020	500.000	0.145	2.210	1771880319.479
1201	500.000	-0.007	499.998	0.124	3.629	1771880319.736
1202	500.000	0.044	500.002	0.106	2.047	1771880319.978
1203	500.000	0.019	500.001	0.138	3.794	1771880320.234
1204	500.000	-0.066	499.999	0.117	2.760	1771880320.480
1205	500.000	-0.031	499.998	0.105	3.303	1771880320.706
1206	500.000	0.021	500.002	0.053	2.442	1771880320.964
1207	500.000	-0.005	500.002	0.084	2.820	1771880321.224
1208	500.000	0.003	499.999	0.116	2.267	1771880321.465
1209	500.000	-0.041	499.999	0.083	3.259	1771880321.723
1210	500.000	-0.003	499.999	0.056	2.669	1771880321.975
1211	500.000	-0.034	499.998	0.087	4.317	1771880322.251
1212	500.000	-0.007	499.999	0.110	3.184	1771880322.501
1213	500.000	0.050	500.000	0.124	3.732	1771880322.751
1214	500.000	-0.010	500.000	0.107	2.186	1771880323.005
1215	500.000	-0.007	499.998	0.066	1.513	1771880323.243
1216	500.000	0.019	499.999	0.155	2.083	1771880323.489
1217	500.000	-0.011	500.000	0.149	2.994	1771880323.739
1218	500.000	0.040	499.999	0.081	3.277	1771880323.995
1219	500.000	-0.046	500.001	0.054	3.676	1771880324.253
1220	500.000	-0.033	500.001	0.171	3.283	1771880324.503
1221	500.000	0.061	499.998	0.095	3.069	1771880324.736
1222	500.000	0.031	500.002	0.076	2.347	1771880324.978
1223	500.000	-0.040	500.001	0.115	3.226	1771880325.256
1224	500.000	0.062	500.000	0.000	2.616	1771880325.484
1225	500.000	-0.010	499.999	0.086	3.794	1771880325.731
1226	500.000	0.012	500.001	0.104	1.422	1771880325.988
1227	500.000	0.004	500.000	0.087	3.185	1771880326.232
1228	500.000	-0.034	500.000	0.055	2.661	1771880326.483
1229	500.000	-0.001	500.000	0.130	2.891	1771880326.715
1230	500.000	0.013	499.998	0.092	3.222	1771880326.997
1231	500.000	0.057	500.006	0.052	2.703	1771880327.233
1232	500.000	-0.010	500.000	0.077	2.286	1771880327.487
1233	500.000	0.087	500.002	0.137	3.367	1771880327.735
1234	500.000	0.069	500.002	0.129	2.845	1771880327.998
1235	500.000	0.015	500.002	0.072	3.653	1771880328.231
1236	500.000	-0.028	500.000	0.107	2.266	1771880328.504
1237	500.000	-0.040	500.001	0.080	1.751	1771880328.749
1238	500.000	0.075	499.996	0.036	2.098	1771880328.973
1239	500.000	-0.007	500.000	0.179	3.317	1771880329.249
1240	500.000	0.081	500.002	0.183	3.609	1771880329.485
1241	500.000	-0.013	499.998	0.137	3.669	1771880329.741
1242	500.000	-0.023	500.000	0.061	2.331	1771880329.987
1243	500.000	-0.005	499.999	0.037	2.906	1771880330.255
1244	500.000	-0.015	499.999	0.086	2.902	1771880330.495
1245	500.000	0.033	499.996	0.081	3.632	1771880330.714
1246	500.000	0.021	500.000	0.115	3.018	1771880330.984
1247	500.000	-0.029	500.003	0.062	3.990	1771880331.238
1248	500.000	-0.052	500.003	0.136	2.448	1771880331.501
1249	500.000	-0.010	500.001	0.053	3.004	1771880331.740
1250	500.000	-0.005	500.000	0.126	2.744	1771880331.975
1251	500.000	-0.040	500.001	0.093	2.727	1771880332.245
1252	500.000	-0.013	500.004	0.152	2.276	1771880332.476
1253	500.000	-0.049	500.000	0.108	3.791	1771880332.745
1254	500.000	-0.003	500.001	0.102	1.732	1771880332.974
1255	500.000	-0.023	500.001	0.141	3.400	1771880333.239
1256	500.000	0.022	500.000	0.080	1.858	1771880333.515
1257	500.000	0.006	499.998	0.024	1.656	1771880333.756
1258	500.000	0.002	500.005	0.088	2.889	1771880334.003
1259	500.000	0.011	500.000	0.093	3.943	1771880334.240
1260	500.000	-0.000	500.000	0.156	1.770	1771880334.510
1261	500.000	0.017	500.001	0.074	4.486	1771880334.736
1262	500.000	-0.031	500.001	0.160	2.548	1771880335.025
1263	500.000	0.079	499.998	0.175	3.727	1771880335.261
1264	500.000	-0.021	499.999	0.129	2.471	1771880335.509
1265	500.000	-0.045	500.000	0.118	3.955	1771880335.759
1266	500.000	-0.020	500.000	0.064	3.236	1771880335.972
1267	500.000	0.011	499.999	0.041	2.513	1771880336.257
1268	500.000	-0.035	500.002	0.123	2.657	1771880336.487
1269	500.000	0.047	499.998	0.138	3.668	1771880336.765
1270	500.000	-0.018	500.000	0.055	1.382	1771880336.999
1271	500.000	-0.045	499.997	0.104	2.706	1771880337.240
1272	500.000	0.010	499.999	0.127	2.865	1771880337.511
1273	500.000	-0.002	500.002	0.091	3.661	1771880337.754
1274	500.000	0.029	499.998	0.083	2.358	1771880338.019
1275	500.000	0.012	500.001	0.120	4.129	1771880338.245
1276	500.000	0.039	500.001	0.131	3.582	1771880338.512
1277	500.000	0.018	499.999	0.080	3.161	1771880338.749
1278	500.000	-0.022	500.004	0.130	2.864	1771880339.031
1279	500.000	0.055	500.000	0.126	3.767	1771880339.268
1280	500.000	-0.027	500.001	0.088	2.696	1771880339.516
1281	500.000	0.003	499.998	0.098	3.338	1771880339.769
1282	500.000	-0.015	499.999	0.023	2.917	1771880340.009
1283	500.000	0.015	500.001	0.171	3.580	1771880340.268
1284	500.000	-0.012	500.003	0.036	3.249	1771880340.486
1285	500.000	-0.034	500.000	0.102	3.921	1771880340.755
1286	500.000	0.008	499.999	0.126	2.620	1771880341.000
1287	500.000	0.003	500.001	0.102	2.462	1771880341.270
1288	500.000	-0.024	499.999	0.149	2.911	1771880341.510
1289	500.000	0.009	499.998	0.068	2.738	1771880341.741
1290	500.000	0.013	500.001	0.049	3.429	1771880342.024
1291	500.000	0.041	499.997	0.094	2.260	1771880342.261
1292	500.000	0.007	500.001	0.095	2.821	1771880342.509
1293	500.000	-0.033	499.999	0.114	3.501	1771880342.756
1294	500.000	0.011	500.000	0.115	2.657	1771880342.980
1295	500.000	-0.047	500.002	0.068	1.624	1771880343.264
1296	500.000	0.010	500.000	0.068	3.353	1771880343.507
1297	500.000	0.012	500.001	0.075	3.377	1771880343.766
1298	500.000	0.044	500.000	0.043	2.611	1771880343.988
1299	500.000	0.022	499.997	0.106	3.316	1771880344.255
1300	500.000	0.019	500.000	0.119	2.362	1771880344.485
1301	500.000	-0.047	500.002	0.074	2.694	1771880344.760
1302	500.000	-0.005	500.002	0.190	3.049	1771880345.000
1303	500.000	-0.005	499.998	0.098	3.411	1771880345.256
1304	500.000	0.024	500.002	0.076	2.435	1771880345.520
1305	500.000	-0.021	500.002	0.125	3.053	1771880345.729
1306	500.000	0.022	499.999	0.210	2.958	1771880346.001
1307	500.000	-0.071	499.997	0.062	3.407	1771880346.250
1308	500.000	-0.036	499.999	0.068	2.391	1771880346.453
1309	500.000	-0.012	500.000	0.108	2.962	1771880346.730
1310	500.000	0.022	500.002	0.131	2.818	1771880346.958
1311	500.000	0.014	500.001	0.094	3.496	1771880347.238
1312	500.000	-0.025	500.003	0.090	2.822	1771880347.481
1313	500.000	0.038	499.998	0.026	2.433	1771880347.731
1314	500.000	-0.031	500.002	0.145	2.439	1771880347.985
1315	500.000	-0.012	499.998	0.078	1.723	1771880348.219
1316	500.000	0.012	499.998	0.097	2.189	1771880348.478
1317	500.000	0.017	499.999	0.042	3.289	1771880348.703
1318	500.000	0.009	500.004	0.097	2.757	1771880348.978
1319	500.000	-0.030	500.003	0.039	1.962	1771880349.232
1320	500.000	0.032	499.999	0.085	2.550	1771880349.475
1321	500.000	-0.022	499.999	0.153	3.072	1771880349.713
1322	500.000	0.018	499.998	0.105	2.361	1771880349.952
1323	500.000	0.024	499.999	0.108	2.012	1771880350.217
1324	500.000	0.020	499.999	0.111	2.778	1771880350.479
1325	500.000	0.016	499.999	0.050	3.207	1771880350.745
1326	500.000	-0.033	500.001	0.085	3.155	1771880350.997
1327	500.000	0.025	500.002	0.106	3.088	1771880351.221
1328	500.000	-0.053	500.003	0.149	3.256	1771880351.463
1329	500.000	0.015	500.001	0.044	3.144	1771880351.715
1330	500.000	0.014	500.000	0.142	2.771	1771880351.974
1331	500.000	-0.023	499.997	0.083	2.695	1771880352.200
1332	500.000	-0.040	500.000	0.206	2.405	1771880352.486
1333	500.000	-0.032	500.001	0.179	2.580	1771880352.732
1334	500.000	0.040	499.998	0.195	2.294	1771880352.961
1335	500.000	0.039	499.996	0.079	2.934	1771880353.212
1336	500.000	0.042	500.001	0.058	1.040	1771880353.467
1337	500.000	0.001	500.001	0.049	3.274	1771880353.723
1338	500.000	0.024	499.997	0.176	2.327	1771880353.994
1339	500.000	-0.015	499.999	0.087	3.338	1771880354.257
1340	500.000	-0.091	499.999	0.177	2.044	1771880354.465
1341	500.000	0.044	500.000	0.087	3.404	1771880354.741
1342	500.000	0.020	500.000	0.209	3.055	1771880354.994
1343	500.000	-0.051	499.997	0.091	2.821	1771880355.237
1344	500.000	-0.014	500.001	0.086	2.902	1771880355.497
1345	500.000	0.024	500.000	0.201	3.453	1771880355.714
1346	500.000	-0.009	499.999	0.150	2.530	1771880355.996
1347	500.000	0.050	500.000	0.072	2.730	1771880356.231
1348	500.000	0.004	500.001	0.135	2.243	1771880356.504
1349	500.000	-0.060	500.000	0.099	1.770	1771880356.739
1350	500.000	-0.034	500.000	0.167	2.720	1771880357.015
1351	500.000	0.065	500.002	0.097	1.438	1771880357.242
1352	500.000	-0.030	499.996	0.153	1.511	1771880357.500
1353	500.000	0.014	499.997	0.074	1.849	1771880357.745
1354	500.000	0.034	500.000	0.099	2.444	1771880357.974
1355	500.000	0.025	499.997	0.035	3.050	1771880358.255
1356	500.000	-0.039	499.999	0.185	2.596	1771880358.488
1357	500.000	-0.002	499.999	0.015	0.765	1771880358.758
1358	500.000	0.009	499.997	0.142	3.156	1771880358.984
1359	500.000	-0.061	500.000	0.089	2.465	1771880359.260
1360	500.000	-0.012	499.999	0.142	2.350	1771880359.498
1361	500.000	0.014	500.000	0.091	3.237	1771880359.721
1362	500.000	-0.047	500.003	0.144	2.092	1771880359.999
1363	500.000	0.035	500.000	0.075	2.016	1771880360.244
1364	500.000	-0.022	500.001	0.149	2.897	1771880360.502
1365	500.000	-0.003	499.999	0.068	2.832	1771880360.726
1366	500.000	-0.005	500.001	0.194	3.065	1771880361.001
1367	500.000	-0.006	499.999	0.094	1.402	1771880361.239
1368	500.000	-0.034	500.000	0.155	2.424	1771880361.474
1369	500.000	-0.028	500.001	0.054	3.566	1771880361.733
1370	500.000	-0.035	500.001	0.130	1.771	1771880361.985
1371	500.000	-0.032	500.000	0.043	1.006	1771880362.229
1372	500.000	0.019	500.003	0.124	2.359	1771880362.474
1373	500.000	-0.030	500.001	0.057	1.821	1771880362.735
1374	500.000	0.067	499.999	0.131	2.341	1771880363.000
1375	500.000	-0.045	500.002	0.055	1.385	1771880363.231
1376	500.000	-0.045	499.998	0.132	2.477	1771880363.503
1377	500.000	0.006	500.002	0.078	3.101	1771880363.743
1378	500.000	0.014	500.000	0.163	1.625	1771880363.989
1379	500.000	-0.024	500.001	0.006	3.147	1771880364.256
1380	500.000	-0.011	500.001	0.053	3.141	1771880364.497
1381	500.000	0.025	500.001	0.055	0.847	1771880364.752
1382	500.000	0.012	499.997	0.205	2.974	1771880364.982
1383	500.000	-0.010	499.999	0.012	1.999	1771880365.239
1384	500.000	-0.006	500.001	0.043	2.525	1771880365.493
1385	500.000	-0.008	499.998	0.132	1.060	1771880365.752
1386	500.000	-0.068	500.000	0.201	3.257	1771880365.984
1387	500.000	-0.050	499.997	0.087	3.135	1771880366.222
1388	500.000	-0.040	499.998	0.134	2.233	1771880366.490
1389	500.000	0.070	500.000	0.108	2.417	1771880366.726
1390	500.000	0.022	499.998	0.158	3.563	1771880367.014
1391	500.000	-0.071	500.000	0.063	2.676	1771880367.249
1392	500.000	0.036	499.997	0.069	2.266	1771880367.507
1393	500.000	-0.005	500.000	0.085	1.126	1771880367.758
1394	500.000	-0.022	500.000	0.142	2.960	1771880368.022
1395	500.000	0.028	499.999	0.028	2.370	1771880368.273
1396	500.000	-0.040	500.003	0.168	2.506	1771880368.516
1397	500.000	-0.054	500.004	0.093	2.984	1771880368.764
1398	500.000	0.034	499.997	0.128	3.566	1771880368.983
1399	500.000	0.028	500.005	0.046	5.382	1771880369.263
1400	500.000	0.023	500.000	0.071	1.896	1771880369.498
1401	500.000	-0.001	499.999	0.080	1.177	1771880369.752
1402	500.000	0.024	500.002	0.086	2.309	1771880370.019
1403	500.000	0.003	500.000	0.051	2.208	1771880370.247
1404	500.000	-0.048	500.001	0.126	2.165	1771880370.503
1405	500.000	0.020	500.002	0.204	3.143	1771880370.732
1406	500.000	-0.012	500.004	0.099	1.873	1771880371.009
1407	500.000	0.039	500.001	0.106	2.644	1771880371.243
1408	500.000	-0.001	500.002	0.100	2.196	1771880371.500
1409	500.000	-0.034	500.000	0.070	2.509	1771880371.750
1410	500.000	-0.016	500.002	0.132	2.483	1771880372.012
1411	500.000	0.013	500.002	0.107	3.482	1771880372.258
1412	500.000	-0.001	500.002	0.121	2.799	1771880372.532
1413	500.000	-0.018	499.999	0.035	3.121	1771880372.784
1414	500.000	-0.035	499.998	0.110	0.810	1771880373.037
1415	500.000	0.019	499.999	0.143	3.552	1771880373.269
1416	500.000	0.004	499.999	0.152	1.946	1771880373.531
1417	500.000	0.034	499.998	0.023	4.521	1771880373.779
1418	500.000	-0.026	500.000	0.087	0.771	1771880374.016
1419	500.000	0.013	500.001	0.119	3.236	1771880374.270
1420	500.000	-0.032	500.002	0.086	2.330	1771880374.525
1421	500.000	0.042	500.001	0.143	3.103	1771880374.760
1422	500.000	-0.008	500.001	0.072	1.736	1771880375.007
1423	500.000	0.045	500.001	0.110	2.064	1771880375.259
1424	500.000	0.001	500.002	0.053	1.287	1771880375.542
1425	500.000	-0.021	500.002	0.045	2.086	1771880375.771
1426	500.000	0.022	500.000	0.075	3.244	1771880376.017
1427	500.000	-0.023	499.997	0.065	3.964	1771880376.263
1428	500.000	0.003	500.000	0.048	4.227	1771880376.537
1429	500.000	-0.032	499.999	0.041	3.209	1771880376.763
1430	500.000	0.014	500.000	0.060	4.322	1771880377.026
1431	500.000	-0.020	499.998	0.117	3.106	1771880377.287
1432	500.000	-0.014	500.001	0.046	2.223	1771880377.509
1433	500.000	0.031	500.000	0.115	3.104	1771880377.798
1434	500.000	-0.009	500.002	0.037	0.922	1771880378.027
1435	500.000	0.019	500.001	0.168	2.700	1771880378.269
1436	500.000	-0.026	500.002	0.077	1.250	1771880378.503
1437	500.000	0.010	499.998	0.148	2.977	1771880378.758
1438	500.000	0.019	500.000	0.054	1.777	1771880379.024
1439	500.000	-0.001	500.002	0.085	2.813	1771880379.258
1440	500.000	-0.013	500.004	0.105	1.431	1771880379.531
1441	500.000	-0.001	499.998	0.105	2.539	1771880379.773
1442	500.000	0.047	500.003	0.044	1.956	1771880380.015
1443	500.000	0.002	500.001	0.172	3.294	1771880380.248
1444	500.000	-0.041	499.999	0.073	1.398	1771880380.511
1445	500.000	-0.020	500.001	0.080	1.945	1771880380.768
1446	500.000	-0.027	500.005	0.068	0.492	1771880381.008
1447	500.000	-0.027	500.002	0.124	1.955	1771880381.295
1448	500.000	-0.006	500.002	0.050	0.974	1771880381.517
1449	500.000	-0.044	500.000	0.178	2.469	1771880381.776
1450	500.000	0.017	499.999	0.101	0.707	1771880382.013
1451	500.000	-0.037	500.001	0.141	2.530	1771880382.260
1452	500.000	0.015	500.000	0.033	0.419	1771880382.526
1453	500.000	-0.033	499.996	0.128	2.970	1771880382.786
1454	500.000	0.012	499.995	0.039	1.859	1771880383.015
1455	500.000	-0.020	500.002	0.138	2.976	1771880383.260
1456	500.000	-0.016	500.000	0.084	0.395	1771880383.491
1457	500.000	0.006	499.997	0.129	3.091	1771880383.767
1458	500.000	-0.000	500.000	0.043	3.348	1771880384.008
1459	500.000	-0.037	500.001	0.152	2.823	1771880384.289
1460	500.000	0.019	500.002	0.055	1.384	1771880384.521
1461	500.000	0.039	499.999	0.063	2.869	1771880384.772
1462	500.000	0.034	500.004	0.085	2.415	1771880385.030
1463	500.000	0.008	500.002	0.162	2.907	1771880385.269
1464	500.000	0.006	500.000	0.132	1.273	1771880385.519
1465	500.000	-0.015	500.001	0.119	2.677	1771880385.753
1466	500.000	0.045	500.000	0.061	0.288	1771880386.034
1467	500.000	-0.004	499.999	0.074	3.445	1771880386.266
1468	500.000	0.051	500.002	0.024	0.665	1771880386.514
1469	500.000	0.018	500.000	0.159	2.634	1771880386.771
1470	500.000	-0.036	500.000	0.035	1.878	1771880387.038
1471	500.000	-0.000	500.000	0.097	2.020	1771880387.280
1472	500.000	-0.025	499.998	0.068	1.572	1771880387.499
1473	500.000	0.025	499.999	0.063	2.487	1771880387.780
1474	500.000	0.014	500.001	0.129	4.147	1771880388.005
1475	500.000	-0.001	500.000	0.075	2.603	1771880388.293
1476	500.000	0.011	499.999	0.069	1.610	1771880388.517
1477	500.000	0.019	500.000	0.124	2.683	1771880388.798
1478	500.000	-0.014	500.000	0.033	1.792	1771880389.023
1479	500.000	-0.004	500.002	0.122	2.571	1771880389.293
1480	500.000	-0.090	500.000	0.072	3.257	1771880389.518
1481	500.000	-0.035	499.999	0.123	2.001	1771880389.745
1482	500.000	-0.005	500.002	0.084	3.205	1771880390.031
1483	500.000	0.005	500.000	0.130	2.782	1771880390.268
1484	500.000	0.011	500.001	0.110	5.724	1771880390.537
1485	500.000	0.004	499.997	0.130	2.782	1771880390.788
1486	500.000	0.002	499.999	0.026	4.746	1771880391.097
1487	500.000	-0.004	500.003	0.164	2.118	1771880391.324
1488	500.000	-0.010	500.000	0.049	2.722	1771880391.573
1489	500.000	-0.030	499.998	0.101	2.621	1771880391.835
1490	500.000	-0.000	500.004	0.072	5.632	1771880392.079
1491	500.000	-0.018	500.001	0.128	2.681	1771880392.334
1492	500.000	0.006	500.001	0.116	3.380	1771880392.585
1493	500.000	-0.002	499.997	0.114	2.794	1771880392.848
1494	500.000	0.014	499.999	0.068	2.727	1771880393.072
1495	500.000	0.016	499.998	0.034	3.069	1771880393.341
1496	500.000	-0.025	500.000	0.102	2.210	1771880393.583
1497	500.000	0.009	500.001	0.112	2.657	1771880393.868
1498	500.000	0.041	499.999	0.002	2.398	1771880394.081
1499	500.000	0.015	500.001	0.062	5.467	1771880394.304
1500	500.000	0.040	500.000	0.116	1.578	1771880394.579
1501	500.000	0.034	500.002	0.090	1.839	1771880394.831
1502	500.000	-0.014	500.002	0.053	3.247	1771880395.082
1503	500.000	-0.052	499.999	0.019	0.451	1771880395.316
1504	500.000	0.034	500.002	0.032	1.975	1771880395.586
1505	500.000	0.005	500.001	0.072	2.797	1771880395.844
1506	500.000	-0.008	500.002	0.171	2.845	1771880396.112
1507	500.000	-0.039	500.001	0.052	2.165	1771880396.320
1508	500.000	-0.033	500.000	0.118	2.687	1771880396.577
1509	500.000	0.002	499.999	0.172	2.851	1771880396.822
1510	500.000	0.004	500.001	0.157	2.853	1771880397.064
1511	500.000	-0.007	500.000	0.078	2.159	1771880397.328
1512	500.000	0.018	500.001	0.029	4.024	1771880397.575
1513	500.000	-0.001	500.001	0.051	2.101	1771880397.850
1514	500.000	0.022	499.997	0.078	1.813	1771880398.083
1515	500.000	0.065	500.000	0.077	4.664	1771880398.305
1516	500.000	0.006	499.999	0.064	2.180	1771880398.601
1517	500.000	0.047	500.001	0.127	2.847	1771880398.836
1518	500.000	-0.008	500.000	0.107	2.512	1771880399.094
1519	500.000	-0.018	500.001	0.143	2.777	1771880399.331
1520	500.000	0.034	500.001	0.112	2.720	1771880399.591
1521	500.000	0.005	500.002	0.103	2.792	1771880399.836
1522	500.000	0.011	500.000	0.050	2.423	1771880400.095
1523	500.000	0.003	499.997	0.070	2.447	1771880400.348
1524	500.000	-0.012	499.998	0.078	2.210	1771880400.577
1525	500.000	-0.032	500.002	0.064	2.203	1771880400.837
1526	500.000	0.020	500.002	0.134	2.063	1771880401.083
1527	500.000	0.004	499.997	0.061	3.662	1771880401.343
1528	500.000	0.009	500.002	0.159	2.826	1771880401.581
1529	500.000	0.021	499.999	0.189	2.614	1771880401.811
1530	500.000	0.029	500.002	0.065	1.164	1771880402.076
1531	500.000	0.029	500.000	0.111	1.551	1771880402.324
1532	500.000	-0.082	500.000	0.124	3.018	1771880402.582
1533	500.000	0.018	500.002	0.124	1.849	1771880402.838
1534	500.000	-0.083	500.001	0.106	2.083	1771880403.115
1535	500.000	-0.011	499.999	0.089	3.033	1771880403.344
1536	500.000	0.010	499.999	0.109	3.125	1771880403.589
1537	500.000	-0.024	499.998	0.090	2.711	1771880403.840
1538	500.000	0.027	500.000	0.156	2.195	1771880404.068
1539	500.000	0.028	499.999	0.046	2.419	1771880404.354
1540	500.000	-0.023	500.001	0.054	3.601	1771880404.579
1541	500.000	0.026	499.998	0.050	2.137	1771880404.855
1542	500.000	0.033	499.998	0.103	2.858	1771880405.111
1543	500.000	0.008	500.003	0.097	3.232	1771880405.353
1544	500.000	-0.013	499.999	0.124	2.796	1771880405.612
1545	500.000	0.001	499.999	0.133	2.579	1771880405.810
1546	500.000	0.045	499.999	0.125	2.084	1771880406.063
1547	500.000	-0.025	500.002	0.129	3.254	1771880406.298
1548	500.000	0.031	500.001	0.067	2.078	1771880406.511
1549	500.000	0.004	500.000	0.060	2.516	1771880406.815
1550	500.000	-0.012	500.002	0.127	2.824	1771880407.044
1551	500.000	0.019	500.002	0.152	2.195	1771880407.287
1552	500.000	0.013	499.997	0.086	3.020	1771880407.568
1553	500.000	-0.018	499.998	0.028	2.118	1771880407.858
1554	500.000	0.002	500.003	0.064	3.423	1771880408.083
1555	500.000	-0.008	499.999	0.097	2.057	1771880408.373
1556	500.000	0.038	500.000	0.104	1.633	1771880408.584
1557	500.000	-0.022	500.002	0.114	2.747	1771880408.849
1558	500.000	0.028	499.999	0.160	2.323	1771880409.125
1559	500.000	-0.000	500.004	0.142	2.200	1771880409.372
1560	500.000	-0.007	500.002	0.038	2.068	1771880409.610
1561	500.000	0.008	499.999	0.086	1.522	1771880409.834
1562	500.000	-0.024	500.003	0.029	1.220	1771880410.125
1563	500.000	0.006	500.001	0.086	2.708	1771880410.364
1564	500.000	0.023	499.998	0.086	3.003	1771880410.604
1565	500.000	0.048	500.002	0.077	3.738	1771880410.858
1566	500.000	0.017	500.004	0.077	2.485	1771880411.106
1567	500.000	-0.037	499.999	0.068	2.046	1771880411.363
1568	500.000	-0.017	500.000	0.110	3.235	1771880411.589
1569	500.000	-0.024	499.998	0.091	2.248	1771880411.878
1570	500.000	0.030	500.002	0.101	2.891	1771880412.115
1571	500.000	-0.031	499.999	0.103	1.377	1771880412.368
1572	500.000	-0.032	500.000	0.080	3.453	1771880412.613
1573	500.000	-0.005	499.999	0.147	3.108	1771880412.884
1574	500.000	-0.042	500.001	0.024	3.857	1771880413.123
1575	500.000	0.029	499.999	0.104	2.504	1771880413.355
1576	500.000	0.010	500.003	0.096	2.408	1771880413.614
1577	500.000	0.020	499.999	0.153	3.206	1771880413.866
1578	500.000	-0.006	500.003	0.055	1.213	1771880414.108
1579	500.000	0.027	500.000	0.097	1.624	1771880414.378
1580	500.000	0.004	499.998	0.106	3.204	1771880414.627
1581	500.000	0.020	500.000	0.092	1.981	1771880414.880
1582	500.000	0.016	499.998	0.052	2.976	1771880415.127
1583	500.000	0.020	500.001	0.075	2.548	1771880415.387
1584	500.000	0.001	499.996	0.137	2.793	1771880415.606
1585	500.000	0.015	499.998	0.088	3.524	1771880415.880
1586	500.000	-0.024	499.996	0.098	1.769	1771880416.116
1587	500.000	-0.018	499.998	0.138	2.624	1771880416.385
1588	500.000	0.006	500.000	0.091	3.513	1771880416.619
1589	500.000	-0.035	500.000	0.097	1.798	1771880416.833
1590	500.000	-0.013	499.999	0.122	2.709	1771880417.111
1591	500.000	0.002	500.002	0.097	3.085	1771880417.348
1592	500.000	0.012	499.999	0.035	2.507	1771880417.606
1593	500.000	-0.014	500.001	0.110	3.426	1771880417.853
1594	500.000	-0.004	499.999	0.045	1.862	1771880418.117
1595	500.000	-0.027	499.999	0.082	2.158	1771880418.361
1596	500.000	0.022	500.004	0.143	2.089	1771880418.593
1597	500.000	0.028	499.999	0.136	2.875	1771880418.859
1598	500.000	0.004	500.000	0.131	2.235	1771880419.118
1599	500.000	-0.010	500.002	0.112	3.056	1771880419.379
1600	500.000	0.006	500.002	0.014	1.543	1771880419.611
1601	500.000	-0.005	499.999	0.131	3.310	1771880419.890
1602	500.000	0.001	499.999	0.106	2.665	1771880420.126
1603	500.000	0.005	499.999	0.181	2.923	1771880420.375
1604	500.000	0.004	499.999	0.072	2.583	1771880420.657
1605	500.000	0.043	500.000	0.114	2.241	1771880420.872
1606	500.000	-0.011	499.998	0.102	3.389	1771880421.136
1607	500.000	-0.029	500.000	0.126	2.627	1771880421.384
1608	500.000	-0.008	500.000	0.082	1.669	1771880421.627
1609	500.000	0.054	499.999	0.123	2.493	1771880421.890
1610	500.000	-0.010	500.001	0.112	2.276	1771880422.138
1611	500.000	0.008	500.001	0.136	3.027	1771880422.395
1612	500.000	0.002	500.002	0.051	1.778	1771880422.620
1613	500.000	0.026	500.001	0.128	2.466	1771880422.874
1614	500.000	0.002	500.001	0.159	2.812	1771880423.137
1615	500.000	-0.021	499.999	0.123	3.216	1771880423.373
1616	500.000	-0.042	500.004	0.084	3.344	1771880423.618
1617	500.000	-0.000	500.001	0.116	2.625	1771880423.884
1618	500.000	-0.007	500.000	0.134	2.465	1771880424.145
1619	500.000	-0.030	499.998	0.067	3.246	1771880424.365
1620	500.000	0.008	499.998	0.085	2.027	1771880424.641
1621	500.000	0.005	499.997	0.053	2.868	1771880424.878
1622	500.000	-0.017	500.001	0.103	2.606	1771880425.144
1623	500.000	0.014	499.998	0.136	3.409	1771880425.365
1624	500.000	-0.012	500.001	0.143	2.501	1771880425.638
1625	500.000	0.069	499.998	0.036	2.154	1771880425.892
1626	500.000	0.016	500.001	0.134	2.274	1771880426.130
1627	500.000	0.016	499.997	0.127	2.037	1771880426.417
1628	500.000	-0.028	500.000	0.146	2.386	1771880426.628
1629	500.000	0.001	500.000	0.153	2.260	1771880426.913
1630	500.000	-0.028	500.000	0.086	1.091	1771880427.151
1631	500.000	0.048	500.001	0.107	3.156	1771880427.396
1632	500.000	-0.014	499.999	0.154	2.956	1771880427.646
1633	500.000	-0.022	500.004	0.134	2.489	1771880427.871
1634	500.000	-0.006	500.002	0.057	2.189	1771880428.162
1635	500.000	-0.003	500.001	0.158	2.873	1771880428.378
1636	500.000	-0.005	500.000	0.021	2.255	1771880428.644
1637	500.000	-0.008	499.999	0.110	1.611	1771880428.887
1638	500.000	0.006	500.000	0.171	3.520	1771880429.137
1639	500.000	-0.005	500.001	0.117	2.737	1771880429.405
1640	500.000	-0.004	500.002	0.100	2.493	1771880429.654
1641	500.000	0.023	499.999	0.085	2.390	1771880429.886
1642	500.000	-0.040	500.001	0.126	2.606	1771880430.110
1643	500.000	0.036	499.997	0.094	2.042	1771880430.404
1644	500.000	0.015	500.000	0.097	2.392	1771880430.919
1645	500.000	0.020	500.000	0.126	2.641	1771880431.147
1646	500.000	-0.032	500.001	0.032	1.873	1771880431.396
1647	500.000	-0.024	499.998	0.147	1.555	1771880431.640
1648	500.000	-0.024	500.001	0.123	3.016	1771880431.908
1649	500.000	-0.023	499.999	0.110	1.918	1771880432.160
1650	500.000	0.009	500.001	0.128	3.442	1771880432.392
1651	500.000	0.038	499.997	0.087	3.358	1771880432.660
1652	500.000	0.002	499.999	0.146	2.650	1771880432.910
1653	500.000	-0.038	499.999	0.101	2.524	1771880433.172
1654	500.000	-0.053	499.999	0.019	3.960	1771880433.395
1655	500.000	0.007	500.002	0.018	3.284	1771880433.595
1656	500.000	-0.003	500.002	0.090	2.363	1771880433.862
1657	500.000	0.018	500.002	0.071	2.788	1771880434.091
1658	500.000	-0.005	500.002	0.127	3.135	1771880434.366
1659	500.000	0.014	500.001	0.079	3.358	1771880434.630
1660	500.000	-0.021	499.998	0.180	2.588	1771880434.843
1661	500.000	-0.043	500.003	0.166	2.950	1771880435.130
1662	500.000	0.024	500.003	0.029	1.951	1771880435.349
1663	500.000	-0.001	500.001	0.059	3.416	1771880435.627
1664	500.000	-0.010	500.000	0.116	1.726	1771880435.848
1665	500.000	0.002	500.000	0.091	2.595	1771880436.118
1666	500.000	0.019	499.999	0.141	2.607	1771880436.380
1667	500.000	0.062	499.999	0.178	3.025	1771880436.648
1668	500.000	0.005	500.001	0.092	2.538	1771880436.879
1669	500.000	-0.030	499.998	0.154	3.113	1771880437.119
1670	500.000	0.017	499.998	0.113	1.953	1771880437.364
1671	500.000	-0.027	500.001	0.099	2.674	1771880437.618
1672	500.000	0.001	500.002	0.122	2.514	1771880437.879
1673	500.000	0.037	500.000	0.046	0.108	1771880438.147
1674	500.000	0.018	499.998	0.102	2.414	1771880438.389
1675	500.000	0.016	500.000	0.049	1.977	1771880438.649
1676	500.000	0.025	499.998	0.091	2.303	1771880438.865
1677	500.000	0.041	499.998	0.152	3.027	1771880439.144
1678	500.000	-0.047	500.003	0.132	3.722	1771880439.370
1679	500.000	-0.032	500.001	0.134	2.802	1771880439.614
1680	500.000	-0.046	500.000	0.114	2.985	1771880439.885
1681	500.000	-0.068	500.001	0.100	2.572	1771880440.129
1682	500.000	0.011	499.999	0.102	3.106	1771880440.376
1683	500.000	-0.000	499.999	0.067	3.422	1771880440.599
1684	500.000	-0.021	500.002	0.067	2.498	1771880440.882
1685	500.000	0.045	500.003	0.151	2.737	1771880441.122
1686	500.000	0.004	500.002	0.087	2.256	1771880441.384
1687	500.000	0.051	500.003	0.112	2.079	1771880441.633
1688	500.000	-0.029	500.002	0.067	1.344	1771880441.881
1689	500.000	-0.037	499.999	0.193	3.013	1771880442.145
1690	500.000	0.027	499.999	0.120	2.426	1771880442.403
1691	500.000	0.021	499.999	0.058	2.595	1771880442.635
1692	500.000	-0.014	500.001	0.087	2.052	1771880442.860
1693	500.000	0.032	500.003	0.103	1.510	1771880443.139
1694	500.000	0.050	500.000	0.149	2.591	1771880443.384
1695	500.000	0.022	500.003	0.054	2.724	1771880443.620
1696	500.000	0.045	500.000	0.156	2.991	1771880443.893
1697	500.000	-0.004	500.001	0.150	2.577	1771880444.143
1698	500.000	-0.002	500.001	0.105	3.246	1771880444.403
1699	500.000	-0.013	500.002	0.116	2.351	1771880444.598
1700	500.000	-0.009	499.997	0.129	2.937	1771880444.807
1701	500.000	-0.014	500.003	0.143	2.972	1771880445.092
1702	500.000	0.009	500.004	0.121	2.488	1771880445.323
1703	500.000	0.035	500.002	0.111	2.469	1771880445.563
1704	500.000	-0.012	499.998	0.094	2.757	1771880445.823
1705	500.000	-0.001	500.003	0.100	2.631	1771880446.090
1706	500.000	0.023	499.998	0.044	2.062	1771880446.318
1707	500.000	-0.030	499.998	0.117	2.474	1771880446.546
1708	500.000	-0.002	500.000	0.077	2.667	1771880446.831
1709	500.000	-0.030	500.001	0.063	2.576	1771880447.059
1710	500.000	-0.060	500.001	0.079	3.188	1771880447.320
1711	500.000	-0.031	499.999	0.056	1.849	1771880447.572
1712	500.000	-0.053	500.003	0.139	2.153	1771880447.821
1713	500.000	-0.022	499.999	0.087	1.622	1771880448.063
1714	500.000	-0.024	499.999	0.105	2.572	1771880448.338
1715	500.000	-0.056	499.999	0.054	1.428	1771880448.566
1716	500.000	0.013	500.001	0.150	3.137	1771880448.803
1717	500.000	0.033	499.997	0.081	1.681	1771880449.053
1718	500.000	0.003	499.998	0.116	3.164	1771880449.334
1719	500.000	0.006	500.001	0.077	1.695	1771880449.635
1720	500.000	0.000	500.004	0.073	2.744	1771880449.863
1721	500.000	-0.044	500.000	0.099	3.876	1771880450.156
1722	500.000	0.058	500.000	0.067	3.070	1771880450.385
1723	500.000	-0.019	499.999	0.127	2.384	1771880450.644
1724	500.000	-0.026	499.999	0.072	2.609	1771880450.868
1725	500.000	-0.021	499.998	0.137	3.222	1771880451.139
1726	500.000	0.046	500.003	0.150	2.223	1771880451.377
1727	500.000	-0.016	499.998	0.102	2.168	1771880451.651
1728	500.000	-0.033	500.004	0.053	3.915	1771880451.897
1729	500.000	0.003	499.998	0.145	2.405	1771880452.129
1730	500.000	-0.017	500.001	0.154	2.357	1771880452.380
1731	500.000	-0.027	500.003	0.143	2.648	1771880452.632
1732	500.000	-0.000	500.001	0.096	2.258	1771880452.885
1733	500.000	-0.002	500.002	0.191	2.085	1771880453.122
1734	500.000	0.026	500.000	0.135	2.652	1771880453.389
1735	500.000	-0.019	500.001	0.147	2.457	1771880453.636
1736	500.000	0.035	499.999	0.098	2.305	1771880453.875
1737	500.000	0.056	500.001	0.146	3.497	1771880454.156
1738	500.000	0.002	500.003	0.129	2.263	1771880454.382
1739	500.000	0.010	499.998	0.142	2.205	1771880454.639
1740	500.000	0.071	500.001	0.079	2.002	1771880454.887
1741	500.000	0.063	499.999	0.083	2.175	1771880455.105
1742	500.000	-0.017	499.998	0.134	1.884	1771880455.383
1743	500.000	0.011	500.000	0.106	2.702	1771880455.642
1744	500.000	-0.020	499.997	0.088	2.211	1771880455.907
1745	500.000	-0.049	499.999	0.162	2.951	1771880456.138
1746	500.000	0.025	499.994	0.144	2.807	1771880456.374
1747	500.000	0.043	500.000	0.112	2.194	1771880456.627
1748	500.000	0.021	500.002	0.116	3.103	1771880456.863
1749	500.000	0.007	500.002	0.098	2.252	1771880457.152
1750	500.000	0.005	500.000	0.131	2.710	1771880457.369
1751	500.000	0.007	499.997	0.137	2.758	1771880457.630
1752	500.000	-0.064	500.002	0.107	3.128	1771880457.867
1753	500.000	-0.044	500.001	0.076	2.722	1771880458.142
1754	500.000	-0.032	500.001	0.138	2.954	1771880458.409
1755	500.000	0.045	499.999	0.082	3.036	1771880458.685
1756	500.000	0.029	500.002	0.103	3.098	1771880458.932
1757	500.000	0.036	500.001	0.026	1.851	1771880459.176
1758	500.000	0.002	500.001	0.097	2.444	1771880459.448
1759	500.000	-0.013	500.000	0.093	1.296	1771880459.697
1760	500.000	0.018	500.001	0.080	2.917	1771880459.936
1761	500.000	-0.065	500.001	0.086	2.749	1771880460.163
1762	500.000	0.023	499.999	0.077	3.052	1771880460.443
1763	500.000	-0.017	499.998	0.092	2.129	1771880460.676
1764	500.000	-0.014	499.999	0.101	2.740	1771880460.955
1765	500.000	0.014	500.000	0.114	2.145	1771880461.201
1766	500.000	0.035	499.996	0.205	2.717	1771880461.450
1767	500.000	-0.071	500.001	0.175	2.868	1771880461.691
1768	500.000	0.070	500.001	0.140	2.666	1771880461.922
1769	500.000	-0.058	500.000	0.166	2.611	1771880462.192
1770	500.000	-0.008	499.999	0.153	2.156	1771880462.422
1771	500.000	0.003	500.000	0.109	2.571	1771880462.704
1772	500.000	-0.006	499.998	0.085	2.824	1771880462.935
1773	500.000	-0.021	500.000	0.099	2.593	1771880463.183
1774	500.000	0.031	499.999	0.115	2.126	1771880463.441
1775	500.000	0.019	500.002	0.085	1.649	1771880463.682
1776	500.000	-0.007	500.001	0.107	2.639	1771880463.928
1777	500.000	0.001	499.999	0.110	1.869	1771880464.199
1778	500.000	0.050	500.004	0.086	2.432	1771880464.445
1779	500.000	0.046	500.001	0.061	2.206	1771880464.679
1780	500.000	0.000	500.002	0.114	2.550	1771880464.931
1781	500.000	0.021	500.000	0.095	3.313	1771880465.182
1782	500.000	0.040	500.001	0.082	2.884	1771880465.415
1783	500.000	-0.029	499.999	0.106	2.998	1771880465.691
1784	500.000	-0.042	500.000	0.142	3.132	1771880465.992
1785	500.000	-0.012	500.002	0.133	2.361	1771880466.222
1786	500.000	-0.001	499.997	0.110	2.157	1771880466.443
1787	500.000	0.047	500.002	0.124	2.279	1771880466.721
1788	500.000	-0.060	499.999	0.134	2.525	1771880466.940
1789	500.000	0.029	500.003	0.079	2.703	1771880467.187
1790	500.000	0.024	500.003	0.096	2.603	1771880467.430
1791	500.000	0.004	499.999	0.098	3.045	1771880467.662
1792	500.000	0.022	500.000	0.076	2.847	1771880467.921
1793	500.000	-0.028	500.001	0.104	2.207	1771880468.162
1794	500.000	0.004	500.002	0.061	2.425	1771880468.439
1795	500.000	0.008	500.001	0.128	1.626	1771880468.680
1796	500.000	0.035	499.999	0.156	2.072	1771880468.932
1797	500.000	-0.016	499.998	0.082	2.211	1771880469.205
1798	500.000	0.001	500.005	0.080	2.896	1771880469.521
1799	500.000	-0.052	499.999	0.123	2.405	1771880469.721
1800	500.000	-0.006	499.997	0.076	2.370	1771880469.992
