Point No.	Frequency Set (GHz)	THz Photocurrent (nA)	Frequency Act (GHz)	Amplitude (via StrMod)	Phase (via StrMod)	Timestamp (s)
1	400.000	-0.011	400.000	0.778	2.879	1771879493.313
2	400.000	-0.020	400.002	0.795	2.974	1771879493.543
3	400.000	0.003	400.002	0.742	2.825	1771879493.782
4	400.000	-0.043	400.001	0.835	2.967	1771879494.067
5	400.000	-0.006	400.006	0.775	2.819	1771879494.366
6	400.000	0.020	400.004	0.827	2.813	1771879494.609
7	400.000	-0.037	399.999	0.756	2.959	1771879494.893
8	400.000	-0.042	400.002	0.827	2.845	1771879495.200
9	400.000	0.025	400.002	0.755	2.890	1771879495.451
10	400.000	-0.073	400.002	0.690	2.831	1771879495.693
11	400.000	0.011	400.000	0.778	2.740	1771879495.959
12	400.000	0.011	400.003	0.791	2.740	1771879496.286
13	400.000	0.009	400.002	0.832	2.954	1771879496.564
14	400.000	0.044	400.000	0.733	2.859	1771879496.832
15	400.000	-0.000	400.003	0.782	2.893	1771879497.068
16	400.000	0.007	400.003	0.795	2.879	1771879497.317
17	400.000	-0.008	399.998	0.777	2.782	1771879497.573
18	400.000	-0.009	400.002	0.730	2.793	1771879497.801
19	400.000	-0.028	399.997	0.806	2.779	1771879498.093
20	400.000	0.020	400.002	0.773	2.818	1771879498.387
21	400.000	0.048	400.000	0.769	2.864	1771879498.626
22	400.000	-0.035	399.998	0.798	2.946	1771879498.883
23	400.000	-0.010	400.002	0.793	2.873	1771879499.146
24	400.000	0.039	400.001	0.760	2.888	1771879499.455
25	400.000	0.000	400.002	0.765	2.934	1771879499.683
26	400.000	0.034	399.999	0.870	2.796	1771879499.958
27	400.000	0.043	400.000	0.829	2.914	1771879500.199
28	400.000	0.003	399.999	0.822	2.813	1771879500.435
29	400.000	0.018	400.004	0.850	2.865	1771879500.693
30	400.000	0.045	400.002	0.831	2.754	1771879500.943
31	400.000	0.017	400.002	0.766	2.883	1771879501.195
32	400.000	-0.019	400.003	0.789	2.804	1771879501.436
33	400.000	-0.003	399.999	0.827	2.868	1771879501.696
34	400.000	0.008	399.998	0.859	2.963	1771879501.950
35	400.000	0.021	400.000	0.785	2.899	1771879502.204
36	400.000	0.077	399.998	0.785	2.801	1771879502.442
37	400.000	0.042	400.002	0.735	2.902	1771879502.677
38	400.000	0.030	400.001	0.842	2.880	1771879502.937
39	400.000	0.027	400.000	0.778	2.871	1771879503.174
40	400.000	0.031	400.001	0.849	2.868	1771879503.449
41	400.000	0.026	400.003	0.683	2.795	1771879503.689
42	400.000	0.015	400.000	0.833	2.871	1771879503.942
43	400.000	-0.023	400.000	0.799	2.751	1771879504.191
44	400.000	0.026	400.000	0.817	2.961	1771879504.455
45	400.000	-0.001	400.000	0.808	2.999	1771879504.745
46	400.000	-0.038	400.002	0.812	2.956	1771879505.013
47	400.000	0.002	399.997	0.823	2.931	1771879505.245
48	400.000	0.019	400.001	0.790	3.026	1771879505.516
49	400.000	-0.005	399.996	0.757	2.773	1771879505.763
50	400.000	-0.005	399.998	0.730	2.848	1771879506.010
51	400.000	-0.031	399.999	0.808	2.961	1771879506.259
52	400.000	0.017	399.999	0.808	2.895	1771879506.490
53	400.000	0.001	399.999	0.751	2.813	1771879506.738
54	400.000	0.014	400.003	0.733	2.812	1771879506.993
55	400.000	0.009	399.999	0.901	2.936	1771879507.253
56	400.000	0.015	399.997	0.809	2.810	1771879507.501
57	400.000	-0.011	399.999	0.786	2.877	1771879507.729
58	400.000	-0.029	400.001	0.858	2.953	1771879508.011
59	400.000	0.011	400.003	0.738	2.801	1771879508.233
60	400.000	-0.036	400.000	0.837	2.902	1771879508.511
61	400.000	-0.044	400.006	0.825	2.907	1771879508.765
62	400.000	0.014	400.000	0.761	2.940	1771879509.077
63	400.000	-0.009	399.999	0.800	2.823	1771879509.333
64	400.000	-0.013	399.998	0.825	2.940	1771879509.585
65	400.000	-0.013	400.002	0.809	2.984	1771879509.808
66	400.000	0.000	399.999	0.738	2.901	1771879510.072
67	400.000	-0.013	400.001	0.785	2.882	1771879510.328
68	400.000	0.020	399.998	0.718	2.893	1771879510.565
69	400.000	0.043	400.000	0.759	2.865	1771879510.822
70	400.000	-0.025	399.999	0.854	2.789	1771879511.036
71	400.000	-0.021	400.002	0.755	2.813	1771879511.338
72	400.000	-0.007	400.000	0.856	2.838	1771879511.626
73	400.000	0.006	399.999	0.787	2.837	1771879511.888
74	400.000	0.000	400.001	0.752	2.940	1771879512.194
75	400.000	-0.024	399.999	0.736	2.807	1771879512.433
76	400.000	-0.002	400.001	0.820	2.877	1771879512.690
77	400.000	0.012	400.001	0.793	2.874	1771879512.956
78	400.000	-0.030	400.003	0.784	2.834	1771879513.259
79	400.000	0.006	399.999	0.856	2.822	1771879513.503
80	400.000	-0.044	400.004	0.812	2.951	1771879513.760
81	400.000	-0.041	400.000	0.775	2.868	1771879513.989
82	400.000	-0.001	399.998	0.718	2.722	1771879514.266
83	400.000	-0.069	400.002	0.804	2.901	1771879514.507
84	400.000	0.080	399.998	0.772	2.807	1771879514.763
85	400.000	-0.014	399.999	0.712	2.926	1771879515.054
86	400.000	-0.027	400.002	0.742	2.795	1771879515.327
87	400.000	-0.031	399.997	0.812	2.772	1771879515.554
88	400.000	-0.010	400.000	0.763	2.827	1771879515.820
89	400.000	0.009	400.000	0.802	2.819	1771879516.072
90	400.000	-0.046	400.003	0.733	2.822	1771879516.332
91	400.000	0.005	399.996	0.778	2.853	1771879516.589
92	400.000	-0.018	399.998	0.785	2.882	1771879516.810
93	400.000	0.046	400.002	0.794	2.832	1771879517.102
94	400.000	-0.018	399.996	0.867	2.760	1771879517.334
95	400.000	0.026	400.000	0.731	2.975	1771879517.577
96	400.000	-0.016	400.001	0.774	2.859	1771879517.812
97	400.000	-0.040	400.003	0.695	2.761	1771879518.081
98	400.000	-0.023	399.998	0.704	2.807	1771879518.343
99	400.000	-0.011	400.002	0.734	2.743	1771879518.642
100	400.000	-0.001	400.001	0.791	2.955	1771879518.877
101	400.000	-0.018	399.999	0.703	2.870	1771879519.144
102	400.000	-0.048	399.999	0.747	2.868	1771879519.409
103	400.000	-0.035	399.999	0.781	2.826	1771879519.636
104	400.000	0.011	400.000	0.790	2.882	1771879519.894
105	400.000	0.031	399.999	0.768	2.773	1771879520.130
106	400.000	0.047	400.000	0.784	2.881	1771879520.386
107	400.000	-0.034	400.002	0.761	2.853	1771879520.622
108	400.000	-0.001	399.999	0.798	2.886	1771879520.891
109	400.000	0.005	400.002	0.751	2.691	1771879521.141
110	400.000	0.013	400.002	0.749	2.832	1771879521.391
111	400.000	0.008	399.997	0.824	2.841	1771879521.653
112	400.000	-0.015	399.998	0.679	2.801	1771879521.873
113	400.000	0.008	400.003	0.782	2.837	1771879522.153
114	400.000	-0.004	400.001	0.846	2.860	1771879522.393
115	400.000	0.007	399.999	0.758	2.789	1771879522.658
116	400.000	0.031	399.999	0.687	2.776	1771879522.903
117	400.000	-0.030	400.002	0.849	2.922	1771879523.176
118	400.000	-0.031	400.000	0.752	2.747	1771879523.404
119	400.000	0.042	400.002	0.719	2.856	1771879523.685
120	400.000	-0.008	400.001	0.720	2.836	1771879523.965
121	400.000	0.046	400.001	0.770	2.939	1771879524.206
122	400.000	0.009	399.999	0.748	2.745	1771879524.467
123	400.000	-0.001	400.001	0.731	2.690	1771879524.728
124	400.000	0.010	399.998	0.774	2.738	1771879524.979
125	400.000	0.093	399.997	0.664	2.656	1771879525.215
126	400.000	-0.006	400.000	0.788	2.778	1771879525.469
127	400.000	-0.062	399.996	0.731	2.737	1771879525.721
128	400.000	0.027	400.000	0.753	2.836	1771879525.976
129	400.000	-0.026	399.999	0.772	2.956	1771879526.237
130	400.000	0.017	400.004	0.266	4.815	1771879526.549
131	400.000	0.016	399.999	0.384	4.168	1771879526.850
132	400.000	-0.006	400.002	0.388	2.808	1771879527.101
133	400.000	0.018	400.000	0.519	4.960	1771879527.353
134	400.000	-0.015	400.001	0.417	4.601	1771879527.605
135	400.000	0.006	400.000	0.214	3.990	1771879527.896
136	400.000	-0.041	400.001	0.355	3.384	1771879528.115
137	400.000	-0.014	400.002	0.502	4.710	1771879528.329
138	400.000	-0.023	400.003	0.374	3.778	1771879528.624
139	400.000	-0.027	400.002	0.198	4.293	1771879528.867
140	400.000	-0.021	400.001	0.302	4.801	1771879529.103
141	400.000	-0.015	399.995	0.303	3.501	1771879529.367
142	400.000	0.001	399.997	0.352	3.531	1771879529.598
143	400.000	-0.009	400.001	0.336	4.301	1771879529.873
144	400.000	-0.023	400.002	0.321	3.765	1771879530.104
145	400.000	0.005	400.002	0.299	3.815	1771879530.361
146	400.000	0.019	399.999	0.274	3.875	1771879530.620
147	400.000	0.039	400.002	0.397	4.683	1771879530.872
148	400.000	-0.018	400.002	0.424	5.617	1771879531.110
149	400.000	0.015	399.999	0.476	3.026	1771879531.326
150	400.000	-0.010	400.001	0.325	3.742	1771879531.623
151	400.000	-0.077	400.000	0.327	4.468	1771879531.895
152	400.000	-0.039	400.001	0.328	3.705	1771879532.184
153	400.000	0.029	399.999	0.277	4.379	1771879532.486
154	400.000	0.008	399.997	0.285	4.533	1771879532.723
155	400.000	-0.074	399.999	0.321	4.063	1771879532.995
156	400.000	0.000	400.000	0.558	3.153	1771879533.216
157	400.000	0.035	400.001	0.340	3.901	1771879533.488
158	400.000	-0.022	400.000	0.355	4.340	1771879533.742
159	400.000	0.054	400.000	0.389	2.854	1771879533.995
160	400.000	-0.010	400.002	0.201	3.688	1771879534.270
161	400.000	-0.026	399.997	0.404	2.745	1771879534.551
162	400.000	0.012	399.999	0.149	3.044	1771879534.801
163	400.000	0.050	400.004	0.485	2.930	1771879535.064
164	400.000	-0.044	400.000	0.232	3.440	1771879535.319
165	400.000	-0.008	400.000	0.216	4.093	1771879535.614
166	400.000	0.019	400.000	0.189	4.506	1771879535.851
167	400.000	-0.026	400.000	0.322	3.021	1771879536.124
168	400.000	-0.032	399.999	0.606	2.810	1771879536.363
169	400.000	-0.013	399.999	0.420	3.297	1771879536.634
170	400.000	-0.021	400.001	0.297	3.185	1771879536.937
171	400.000	-0.009	399.999	0.278	3.733	1771879537.222
172	400.000	-0.009	400.000	0.351	3.566	1771879537.504
173	400.000	-0.012	400.003	0.331	3.714	1771879537.787
174	400.000	0.058	400.002	0.310	3.575	1771879538.048
175	400.000	-0.059	400.001	0.180	4.742	1771879538.288
176	400.000	0.010	400.000	0.261	3.005	1771879538.550
177	400.000	0.032	400.003	0.543	2.692	1771879538.801
178	400.000	0.005	400.001	0.307	4.901	1771879539.046
179	400.000	-0.039	400.003	0.445	2.712	1771879539.314
180	400.000	0.013	400.000	0.329	3.096	1771879539.630
181	400.000	-0.040	400.002	0.263	2.935	1771879539.939
182	400.000	-0.013	400.000	0.532	2.991	1771879540.175
183	400.000	0.038	399.998	0.195	2.736	1771879540.426
184	400.000	-0.000	400.001	0.578	2.635	1771879540.687
185	400.000	0.025	399.997	0.427	2.904	1771879540.916
186	400.000	-0.025	400.002	0.080	3.445	1771879541.161
187	400.000	-0.008	400.002	0.468	2.768	1771879541.421
188	400.000	-0.019	399.997	0.414	3.612	1771879541.684
189	400.000	-0.002	399.999	0.254	3.616	1771879541.925
190	400.000	-0.010	400.000	0.697	2.700	1771879542.178
191	400.000	0.007	399.997	0.668	2.757	1771879542.423
192	400.000	-0.078	399.999	0.338	3.337	1771879542.699
193	400.000	-0.032	399.996	0.354	3.072	1771879542.991
194	400.000	-0.024	400.000	0.220	4.379	1771879543.249
195	400.000	-0.011	399.999	0.247	3.933	1771879543.497
196	400.000	-0.030	400.001	0.908	2.667	1771879543.739
197	400.000	-0.011	400.000	0.348	3.676	1771879544.003
198	400.000	-0.026	399.998	0.137	4.245	1771879544.234
199	400.000	0.061	400.000	0.632	2.602	1771879544.515
200	400.000	0.002	399.998	0.444	2.705	1771879544.816
201	400.000	-0.005	399.998	0.409	2.829	1771879545.104
202	400.000	0.011	400.000	0.334	4.137	1771879545.359
203	400.000	-0.019	399.998	0.458	2.941	1771879545.616
204	400.000	0.021	400.000	0.482	2.948	1771879545.930
205	400.000	-0.006	400.003	0.500	2.924	1771879546.191
206	400.000	-0.025	400.000	0.321	4.779	1771879546.472
207	400.000	0.046	400.003	1.488	5.399	1771879546.735
208	400.000	-0.029	400.002	1.411	5.413	1771879546.988
209	400.000	0.013	399.998	1.415	5.400	1771879547.237
210	400.000	0.025	400.002	1.407	5.381	1771879547.494
211	400.000	0.006	399.999	1.359	5.347	1771879547.735
212	400.000	-0.019	399.999	1.361	5.428	1771879548.002
213	400.000	-0.004	400.003	1.351	5.340	1771879548.297
214	400.000	-0.035	400.002	1.344	5.351	1771879548.553
215	400.000	0.016	399.998	1.339	4.911	1771879548.819
216	400.000	-0.011	399.999	1.693	2.487	1771879549.059
217	400.000	-0.014	399.998	0.357	5.792	1771879549.308
218	400.000	-0.016	400.003	0.684	3.745	1771879549.562
219	400.000	-0.027	400.002	1.453	2.296	1771879549.788
220	400.000	0.038	400.003	1.390	5.269	1771879550.046
221	400.000	0.066	400.000	1.488	2.592	1771879550.302
222	400.000	0.033	399.998	0.379	5.487	1771879550.623
223	400.000	-0.073	399.998	0.741	3.058	1771879550.860
224	400.000	-0.011	400.001	1.339	2.343	1771879551.106
225	400.000	-0.006	399.999	1.516	5.129	1771879551.345
226	400.000	-0.003	399.997	1.513	2.478	1771879551.609
227	400.000	-0.001	400.000	0.238	1.207	1771879551.859
228	400.000	-0.012	399.999	0.942	4.772	1771879552.121
229	400.000	0.010	400.002	1.638	2.284	1771879552.379
230	400.000	-0.010	399.999	1.377	5.024	1771879552.678
231	400.000	0.010	400.001	1.830	2.459	1771879552.899
232	400.000	-0.019	399.999	0.607	5.510	1771879553.191
233	400.000	0.030	399.999	0.684	3.569	1771879553.421
234	400.000	0.014	400.001	1.566	2.248	1771879553.703
235	400.000	0.020	400.001	1.309	4.985	1771879553.965
236	400.000	-0.022	400.001	1.795	2.429	1771879554.269
237	400.000	-0.037	399.999	1.347	5.194	1771879554.521
238	400.000	0.031	400.002	1.423	2.530	1771879554.777
239	400.000	-0.017	399.998	0.385	1.838	1771879555.008
240	400.000	0.018	399.999	1.039	4.859	1771879555.260
241	400.000	-0.014	400.002	1.893	2.329	1771879555.502
242	400.000	-0.010	399.999	1.134	5.311	1771879555.767
243	400.000	0.005	400.001	0.660	3.007	1771879556.019
244	400.000	-0.025	399.998	1.194	2.214	1771879556.278
245	400.000	-0.030	400.000	1.442	5.030	1771879556.510
246	400.000	0.008	400.001	1.796	2.436	1771879556.751
247	400.000	0.013	400.002	0.461	5.623	1771879557.026
248	400.000	0.021	400.000	0.776	3.101	1771879557.278
249	400.000	-0.020	399.997	1.375	2.127	1771879557.557
250	400.000	-0.008	400.001	1.184	4.973	1771879557.856
251	400.000	0.019	399.998	1.837	2.308	1771879558.090
252	400.000	-0.018	400.002	1.013	5.268	1771879558.366
253	400.000	0.007	399.998	1.291	2.506	1771879558.647
254	400.000	0.010	400.002	0.342	1.647	1771879558.919
255	400.000	0.054	399.998	0.780	4.416	1771879559.149
256	400.000	-0.011	399.998	1.840	2.315	1771879559.419
257	400.000	-0.003	399.998	1.478	5.167	1771879559.681
258	400.000	0.013	400.000	1.507	2.482	1771879559.973
259	400.000	-0.003	400.001	0.263	0.524	1771879560.207
260	400.000	-0.014	400.002	0.579	3.967	1771879560.489
261	400.000	-0.009	399.999	1.472	2.242	1771879560.706
262	400.000	0.009	399.996	1.354	5.175	1771879560.974
263	400.000	-0.001	400.004	1.567	2.459	1771879561.217
264	400.000	-0.002	399.998	0.142	0.150	1771879561.473
265	400.000	-0.018	399.999	1.009	4.643	1771879561.717
266	400.000	-0.032	400.000	1.806	2.362	1771879561.943
267	400.000	0.005	400.000	1.195	5.093	1771879562.243
268	400.000	-0.006	400.001	1.490	2.444	1771879562.533
269	400.000	0.030	399.999	0.502	5.597	1771879562.779
270	400.000	0.024	399.999	0.774	4.286	1771879563.008
271	400.000	0.028	399.999	1.586	2.275	1771879563.279
272	400.000	0.017	400.000	1.373	5.035	1771879563.549
273	400.000	-0.069	400.000	1.575	2.368	1771879563.856
274	400.000	0.029	400.001	1.248	5.121	1771879564.170
275	400.000	0.013	400.002	1.320	2.422	1771879564.410
276	400.000	-0.015	399.999	0.196	1.065	1771879564.659
277	400.000	0.032	399.999	0.899	4.573	1771879564.910
278	400.000	0.016	400.002	1.756	2.333	1771879565.181
279	400.000	0.006	400.000	1.320	5.082	1771879565.468
280	400.000	0.025	399.999	1.695	2.417	1771879565.736
281	400.000	-0.009	399.998	0.527	5.450	1771879565.958
282	400.000	0.033	400.000	0.720	4.240	1771879566.235
283	400.000	-0.003	400.001	1.518	2.154	1771879566.466
284	400.000	0.021	399.997	1.409	5.046	1771879566.744
285	400.000	-0.019	399.999	1.766	2.478	1771879567.024
286	400.000	-0.047	399.997	0.956	5.348	1771879567.271
287	400.000	-0.035	400.000	0.778	3.142	1771879567.522
288	400.000	-0.055	399.999	1.395	2.218	1771879567.786
289	400.000	0.040	399.998	1.286	4.994	1771879568.047
290	400.000	-0.009	400.002	1.795	2.377	1771879568.339
291	400.000	-0.019	400.005	1.264	5.164	1771879568.609
292	400.000	0.014	400.000	1.175	2.600	1771879568.864
293	400.000	-0.002	399.999	0.933	1.829	1771879569.093
294	400.000	-0.035	400.001	1.136	4.895	1771879569.377
295	400.000	-0.010	400.000	1.948	2.218	1771879569.606
296	400.000	-0.040	399.999	0.860	5.232	1771879569.874
297	400.000	-0.007	399.999	0.834	3.001	1771879570.122
298	400.000	0.012	400.000	1.216	2.019	1771879570.398
299	400.000	0.026	400.003	0.856	4.636	1771879570.675
300	400.000	0.007	400.005	1.928	2.235	1771879570.937
301	400.000	0.000	399.999	1.166	5.206	1771879571.169
302	400.000	0.013	399.998	0.878	2.926	1771879571.436
303	400.000	-0.009	400.000	0.759	1.991	1771879571.686
304	400.000	0.039	399.999	1.344	4.888	1771879571.939
305	400.000	0.002	400.003	1.909	2.307	1771879572.177
306	400.000	-0.026	399.997	0.628	5.353	1771879572.410
307	400.000	0.020	399.998	0.584	4.003	1771879572.681
308	400.000	0.050	399.999	1.511	2.088	1771879572.940
309	400.000	-0.002	400.000	1.456	4.965	1771879573.190
310	400.000	-0.024	400.000	1.651	2.242	1771879573.443
311	400.000	-0.022	400.000	0.420	5.532	1771879573.743
312	400.000	-0.027	399.999	0.663	3.119	1771879573.971
313	400.000	-0.013	399.998	1.671	2.109	1771879574.229
314	400.000	0.005	400.002	1.251	4.909	1771879574.477
315	400.000	0.017	399.996	1.579	2.345	1771879574.726
316	400.000	0.000	400.003	0.155	0.426	1771879574.981
317	400.000	-0.003	400.001	0.559	4.270	1771879575.210
318	400.000	0.026	400.000	1.883	2.248	1771879575.457
319	400.000	-0.034	400.002	1.276	5.096	1771879575.717
320	400.000	-0.012	399.999	1.113	2.496	1771879575.966
321	400.000	-0.006	400.002	0.620	1.883	1771879576.228
322	400.000	-0.014	399.999	1.129	4.707	1771879576.484
323	400.000	0.059	399.999	1.859	2.213	1771879576.740
324	400.000	0.047	399.999	1.232	5.129	1771879577.034
325	400.000	0.019	399.999	1.363	2.373	1771879577.268
326	400.000	0.001	399.999	0.385	1.557	1771879577.577
327	400.000	-0.005	400.001	0.684	3.961	1771879577.835
328	400.000	0.028	399.999	1.476	2.205	1771879578.116
329	400.000	0.006	400.002	1.390	4.865	1771879578.356
330	400.000	0.008	400.001	1.717	2.246	1771879578.629
331	400.000	-0.054	399.999	0.596	5.442	1771879578.854
332	400.000	0.013	400.000	0.629	3.993	1771879579.132
333	400.000	0.023	400.000	1.438	2.109	1771879579.394
334	400.000	0.017	399.998	1.289	4.858	1771879579.696
335	400.000	0.008	400.000	1.738	2.213	1771879579.991
336	400.000	0.027	399.999	1.307	5.065	1771879580.235
337	400.000	-0.016	399.997	1.220	2.456	1771879580.509
338	400.000	0.010	400.000	0.327	1.739	1771879580.767
339	400.000	-0.006	400.000	0.571	4.219	1771879581.075
340	400.000	-0.003	400.001	1.192	2.117	1771879581.370
341	400.000	-0.013	400.002	1.226	4.812	1771879581.615
342	400.000	-0.034	399.997	1.796	2.287	1771879581.850
343	400.000	0.008	400.001	0.759	5.389	1771879582.125
344	400.000	0.024	399.999	0.675	3.487	1771879582.352
345	400.000	0.033	400.002	1.611	2.102	1771879582.624
346	400.000	-0.005	399.997	1.397	4.917	1771879582.865
347	400.000	0.034	400.001	1.468	2.308	1771879583.109
348	400.000	0.014	399.999	0.361	0.570	1771879583.360
349	400.000	-0.002	400.001	0.854	4.344	1771879583.586
350	400.000	0.012	400.002	1.813	2.118	1771879583.862
351	400.000	0.004	400.000	1.259	5.033	1771879584.098
352	400.000	0.032	399.999	0.997	2.517	1771879584.349
353	400.000	0.009	400.000	0.566	1.872	1771879584.637
354	400.000	-0.020	400.000	0.611	3.995	1771879584.933
355	400.000	0.010	400.001	1.708	2.113	1771879585.156
356	400.000	0.010	400.001	1.265	5.001	1771879585.433
357	400.000	0.019	400.000	1.477	2.301	1771879585.670
358	400.000	0.017	399.999	0.360	1.303	1771879585.944
359	400.000	-0.034	400.000	0.789	4.328	1771879586.167
360	400.000	-0.025	399.999	1.797	2.222	1771879586.437
361	400.000	-0.023	400.002	1.182	5.135	1771879586.680
362	400.000	0.005	399.999	0.899	2.682	1771879586.916
363	400.000	-0.026	400.000	1.093	1.922	1771879587.176
364	400.000	0.008	400.001	1.329	4.714	1771879587.412
365	400.000	0.007	400.001	1.736	2.216	1771879587.681
366	400.000	0.047	399.998	0.608	5.458	1771879587.917
367	400.000	0.028	400.000	0.600	3.403	1771879588.173
368	400.000	0.029	400.001	1.211	2.073	1771879588.431
369	400.000	-0.054	400.000	1.396	4.949	1771879588.657
370	400.000	-0.001	399.997	1.464	2.364	1771879588.919
371	400.000	-0.010	400.000	0.203	6.202	1771879589.171
372	400.000	0.022	399.999	0.613	3.864	1771879589.447
373	400.000	0.020	399.999	1.604	2.163	1771879589.691
374	400.000	-0.011	399.997	1.408	4.781	1771879589.965
375	400.000	-0.014	399.999	1.578	2.200	1771879590.201
376	400.000	-0.017	399.998	0.221	1.834	1771879590.440
377	400.000	-0.001	399.998	0.788	4.330	1771879590.693
378	400.000	0.025	399.999	1.772	2.088	1771879590.965
379	400.000	0.011	399.999	1.250	4.911	1771879591.260
380	400.000	0.004	400.001	1.733	2.188	1771879591.526
381	400.000	0.013	400.000	0.609	5.431	1771879591.814
382	400.000	0.004	400.000	0.787	2.828	1771879592.071
383	400.000	-0.009	399.998	1.103	1.847	1771879592.296
384	400.000	-0.034	400.002	1.321	4.886	1771879592.564
385	400.000	0.005	399.998	1.737	2.167	1771879592.817
386	400.000	0.005	399.998	0.640	5.298	1771879593.067
387	400.000	-0.011	399.998	0.676	3.494	1771879593.332
388	400.000	0.015	400.001	1.243	1.967	1771879593.632
389	400.000	0.010	399.999	1.285	4.734	1771879593.865
390	400.000	-0.021	399.999	1.892	2.177	1771879594.138
391	400.000	0.029	400.002	0.840	5.299	1771879594.371
392	400.000	0.013	399.998	0.699	3.374	1771879594.601
393	400.000	-0.008	400.004	1.478	2.048	1771879594.878
394	400.000	0.033	400.001	1.439	4.892	1771879595.104
395	400.000	-0.007	400.002	1.559	2.243	1771879595.363
396	400.000	-0.002	399.994	0.201	6.123	1771879595.598
397	400.000	-0.004	399.999	0.680	3.951	1771879595.890
398	400.000	-0.055	399.997	1.614	2.094	1771879596.131
399	400.000	0.027	399.998	1.292	4.955	1771879596.376
400	400.000	-0.016	400.002	1.407	2.319	1771879596.628
401	400.000	0.017	399.997	0.555	1.802	1771879596.849
402	400.000	-0.014	400.000	0.871	4.543	1771879597.131
403	400.000	-0.019	400.000	1.907	2.171	1771879597.397
404	400.000	0.008	400.005	1.310	5.009	1771879597.644
405	400.000	0.001	400.000	1.252	2.316	1771879597.903
406	400.000	-0.006	399.999	0.476	1.754	1771879598.145
407	400.000	-0.026	400.001	1.071	4.528	1771879598.405
408	400.000	-0.024	399.999	1.879	2.121	1771879598.667
409	400.000	0.031	400.000	1.148	4.986	1771879598.921
410	400.000	0.011	400.001	1.123	2.470	1771879599.167
411	400.000	-0.003	400.001	0.957	1.899	1771879599.424
412	400.000	0.003	400.003	1.382	4.647	1771879599.648
413	400.000	-0.016	400.002	1.730	2.172	1771879599.902
414	400.000	0.008	400.002	0.625	5.448	1771879600.162
415	400.000	-0.029	400.001	0.539	3.465	1771879600.421
416	400.000	0.018	399.999	1.336	1.997	1771879600.663
417	400.000	-0.007	400.002	1.533	4.891	1771879600.898
418	400.000	-0.014	400.000	1.523	2.351	1771879601.154
419	400.000	0.041	399.999	0.268	0.206	1771879601.406
420	400.000	-0.029	400.002	0.827	4.174	1771879601.660
421	400.000	-0.006	400.002	1.936	2.114	1771879601.893
422	400.000	0.040	399.999	1.230	5.085	1771879602.140
423	400.000	0.018	399.999	1.208	2.460	1771879602.420
424	400.000	0.003	400.001	0.507	1.833	1771879602.670
425	400.000	0.011	399.998	1.004	4.454	1771879602.932
426	400.000	0.033	399.996	1.881	2.175	1771879603.168
427	400.000	-0.023	400.001	1.204	5.125	1771879603.431
428	400.000	-0.004	399.997	1.074	2.671	1771879603.674
429	400.000	0.033	400.000	0.336	1.695	1771879603.997
430	400.000	0.013	399.997	0.739	4.043	1771879604.238
431	400.000	0.034	399.994	1.810	2.112	1771879604.493
432	400.000	-0.029	399.998	1.380	5.039	1771879604.714
433	400.000	0.044	400.003	1.135	2.498	1771879604.992
434	400.000	-0.008	400.000	0.665	1.640	1771879605.231
435	400.000	-0.005	400.001	0.972	4.594	1771879605.510
436	400.000	-0.001	400.001	1.588	2.088	1771879605.783
437	400.000	-0.028	400.002	1.467	5.060	1771879606.031
438	400.000	-0.050	399.998	1.439	2.327	1771879606.287
439	400.000	-0.021	400.001	0.267	1.468	1771879606.549
440	400.000	0.002	399.998	0.743	4.180	1771879606.791
441	400.000	0.040	400.001	1.827	2.081	1771879607.056
442	400.000	-0.031	399.999	1.394	4.994	1771879607.313
443	400.000	-0.015	399.997	1.218	2.419	1771879607.570
444	400.000	-0.003	400.004	0.361	1.310	1771879607.797
445	400.000	0.026	399.998	1.070	4.561	1771879608.067
446	400.000	0.030	399.998	1.918	2.170	1771879608.316
447	400.000	-0.038	400.002	1.344	4.920	1771879608.613
448	400.000	0.016	400.000	1.611	2.288	1771879608.879
449	400.000	-0.005	400.003	0.407	6.158	1771879609.106
450	400.000	0.013	400.003	0.697	3.824	1771879609.362
451	400.000	-0.011	400.000	1.717	2.108	1771879609.612
452	400.000	-0.023	400.000	1.537	4.971	1771879609.877
453	400.000	-0.002	400.003	1.324	2.407	1771879610.094
454	400.000	-0.008	400.000	0.584	1.715	1771879610.366
455	400.000	0.016	399.999	0.922	4.354	1771879610.602
456	400.000	0.022	400.001	1.957	2.115	1771879610.877
457	400.000	-0.032	400.000	1.250	5.137	1771879611.113
458	400.000	-0.030	399.999	0.912	2.674	1771879611.348
459	400.000	0.002	400.000	1.218	1.921	1771879611.589
460	400.000	-0.010	400.001	1.343	4.766	1771879611.850
461	400.000	-0.008	400.001	1.937	2.313	1771879612.112
462	400.000	-0.042	400.002	0.882	5.444	1771879612.363
463	400.000	0.024	400.001	0.907	2.688	1771879612.623
464	400.000	0.047	399.999	1.221	1.931	1771879612.882
465	400.000	-0.004	400.000	1.453	4.778	1771879613.115
466	400.000	0.005	400.003	1.826	2.143	1771879613.386
467	400.000	0.024	400.002	0.426	5.776	1771879613.610
468	400.000	0.025	399.999	0.791	4.113	1771879613.878
469	400.000	0.014	399.996	1.665	1.973	1771879614.119
470	400.000	0.001	399.998	1.468	5.007	1771879614.364
471	400.000	0.027	400.001	1.509	2.220	1771879614.614
472	400.000	-0.023	399.998	0.451	1.143	1771879614.866
473	400.000	-0.007	400.002	0.970	4.178	1771879615.134
474	400.000	0.001	400.000	1.984	2.017	1771879615.365
475	400.000	0.006	399.998	1.252	5.128	1771879615.647
476	400.000	-0.017	400.002	1.569	2.234	1771879615.956
477	400.000	-0.045	399.998	0.921	5.324	1771879616.241
478	400.000	0.017	400.001	0.927	2.611	1771879616.519
479	400.000	0.019	399.999	0.543	1.476	1771879616.812
480	400.000	0.022	400.000	0.769	3.945	1771879617.070
481	400.000	0.019	400.003	2.041	1.963	1771879617.309
482	400.000	-0.003	399.998	1.423	5.086	1771879617.552
483	400.000	-0.032	399.998	1.284	2.331	1771879617.826
484	400.000	-0.033	400.001	0.405	1.184	1771879618.095
485	400.000	0.020	399.997	0.764	3.797	1771879618.400
486	400.000	-0.034	400.001	1.687	1.898	1771879618.644
487	400.000	-0.016	400.002	1.580	4.939	1771879618.862
488	400.000	-0.020	400.002	1.612	2.191	1771879619.153
489	400.000	-0.012	399.997	0.344	0.293	1771879619.379
490	400.000	-0.020	400.001	0.769	3.913	1771879619.686
491	400.000	0.026	400.000	1.410	1.863	1771879619.992
492	400.000	-0.005	400.000	0.902	4.257	1771879620.277
493	400.000	0.003	400.001	1.985	1.935	1771879620.535
494	400.000	-0.019	400.004	1.445	5.105	1771879620.768
495	400.000	-0.046	400.001	1.113	2.270	1771879621.030
496	400.000	0.014	400.002	0.586	1.599	1771879621.293
497	400.000	-0.012	400.000	1.280	4.594	1771879621.531
498	400.000	0.009	399.998	1.986	2.009	1771879621.786
499	400.000	-0.054	400.004	0.962	5.276	1771879622.016
500	400.000	0.026	400.001	0.821	2.813	1771879622.284
501	400.000	-0.027	399.998	1.237	1.949	1771879622.525
502	400.000	0.001	399.994	1.415	4.783	1771879622.791
503	400.000	-0.001	399.999	1.990	2.117	1771879623.046
504	400.000	-0.017	399.996	0.659	5.315	1771879623.291
505	400.000	0.019	400.001	0.551	3.366	1771879623.538
506	400.000	-0.025	399.997	1.783	1.931	1771879623.754
507	400.000	-0.041	400.001	1.461	4.941	1771879624.026
508	400.000	-0.016	399.999	1.617	2.234	1771879624.286
509	400.000	-0.022	399.999	0.332	0.711	1771879624.535
510	400.000	-0.017	399.999	0.768	3.906	1771879624.818
511	400.000	-0.007	400.002	1.967	1.954	1771879625.052
512	400.000	-0.008	400.002	1.475	5.014	1771879625.309
513	400.000	-0.004	400.001	1.541	2.191	1771879625.572
514	400.000	-0.054	399.998	0.413	0.592	1771879625.818
515	400.000	-0.001	399.998	1.145	4.538	1771879626.032
516	400.000	-0.037	400.001	1.930	2.082	1771879626.320
517	400.000	0.001	400.000	1.437	5.106	1771879626.565
518	400.000	0.006	400.001	0.944	2.577	1771879626.830
519	400.000	0.003	400.004	0.920	1.647	1771879627.066
520	400.000	-0.013	399.998	1.413	4.610	1771879627.308
521	400.000	-0.011	400.000	1.978	2.062	1771879627.558
522	400.000	0.022	400.003	0.804	5.447	1771879627.815
523	400.000	-0.024	400.001	0.669	3.035	1771879628.078
524	400.000	0.035	400.001	0.994	1.791	1771879628.375
525	400.000	0.023	400.001	0.956	4.397	1771879628.636
526	400.000	0.009	400.000	2.061	2.033	1771879628.882
527	400.000	-0.010	400.001	1.247	5.104	1771879629.130
528	400.000	0.029	400.002	0.752	2.739	1771879629.370
529	400.000	0.039	400.004	0.949	1.723	1771879629.635
530	400.000	-0.028	399.999	1.487	4.760	1771879629.867
531	400.000	-0.006	400.003	1.920	2.192	1771879630.136
532	400.000	0.030	399.999	0.609	5.395	1771879630.379
533	400.000	0.022	400.004	0.740	3.708	1771879630.626
534	400.000	-0.046	400.000	1.714	1.882	1771879630.873
535	400.000	0.005	400.003	1.511	4.807	1771879631.143
536	400.000	0.035	400.002	1.828	2.134	1771879631.397
537	400.000	-0.011	399.999	0.459	5.582	1771879631.709
538	400.000	-0.019	400.000	1.184	2.412	1771879631.995
539	400.000	-0.016	399.999	0.761	1.491	1771879632.255
540	400.000	0.011	400.002	1.135	4.403	1771879632.487
541	400.000	-0.012	399.997	2.144	2.047	1771879632.752
542	400.000	0.011	400.002	1.044	5.162	1771879632.981
543	400.000	-0.002	400.000	0.950	2.698	1771879633.251
544	400.000	0.017	400.002	1.134	1.678	1771879633.499
545	400.000	-0.003	400.000	1.585	4.715	1771879633.725
546	400.000	0.006	400.003	1.904	2.073	1771879634.012
547	400.000	-0.038	400.000	0.816	5.275	1771879634.239
548	400.000	0.032	400.002	0.654	3.371	1771879634.504
549	400.000	0.034	400.001	1.768	1.766	1771879634.744
550	400.000	-0.019	399.998	1.602	4.767	1771879635.013
551	400.000	0.020	399.999	1.835	2.051	1771879635.263
552	400.000	-0.003	400.002	0.431	5.708	1771879635.564
553	400.000	-0.032	399.999	0.786	2.836	1771879635.805
554	400.000	0.021	400.001	1.476	1.758	1771879636.075
555	400.000	0.000	400.000	1.386	4.689	1771879636.316
556	400.000	0.040	400.002	1.923	2.136	1771879636.570
557	400.000	-0.014	400.000	0.372	0.629	1771879636.808
558	400.000	0.021	399.998	0.832	4.032	1771879637.048
559	400.000	0.011	400.001	2.072	1.943	1771879637.319
560	400.000	0.027	400.001	1.426	5.070	1771879637.562
561	400.000	0.028	400.003	1.446	2.235	1771879637.810
562	400.000	-0.002	399.997	0.420	1.297	1771879638.066
563	400.000	-0.031	399.997	1.110	4.499	1771879638.309
564	400.000	-0.001	399.998	2.097	1.909	1771879638.578
565	400.000	-0.009	400.000	1.266	5.086	1771879638.809
566	400.000	0.019	399.999	0.984	2.520	1771879639.060
567	400.000	-0.014	400.000	0.972	1.619	1771879639.302
568	400.000	-0.009	400.002	1.348	4.667	1771879639.577
569	400.000	-0.012	400.001	2.038	2.008	1771879639.814
570	400.000	-0.027	399.998	0.700	5.426	1771879640.060
571	400.000	-0.003	400.001	0.649	3.196	1771879640.306
572	400.000	0.014	400.000	1.528	1.775	1771879640.566
573	400.000	-0.021	399.999	1.531	4.783	1771879640.825
574	400.000	-0.013	399.996	1.798	2.127	1771879641.053
575	400.000	0.010	399.996	0.304	0.561	1771879641.321
576	400.000	-0.007	400.000	0.768	3.855	1771879641.573
577	400.000	-0.018	399.999	1.956	1.852	1771879641.825
578	400.000	0.031	399.998	1.403	4.845	1771879642.082
579	400.000	-0.024	400.001	1.408	2.277	1771879642.306
580	400.000	-0.024	400.000	0.605	1.271	1771879642.571
581	400.000	-0.054	400.001	1.126	4.489	1771879642.804
582	400.000	0.008	400.003	2.054	1.911	1771879643.081
583	400.000	-0.002	400.000	1.202	5.081	1771879643.306
584	400.000	-0.003	400.001	1.033	2.585	1771879643.587
585	400.000	-0.021	399.998	0.447	1.337	1771879643.865
586	400.000	0.002	399.999	0.937	4.310	1771879644.137
587	400.000	-0.011	400.000	1.931	1.863	1771879644.391
588	400.000	-0.018	399.998	1.358	4.800	1771879644.703
589	400.000	-0.017	400.000	1.950	1.938	1771879645.008
590	400.000	-0.022	400.000	1.349	4.971	1771879645.243
591	400.000	-0.045	400.000	0.915	2.699	1771879645.493
592	400.000	0.008	400.001	0.768	1.574	1771879645.763
593	400.000	0.030	399.998	1.388	4.615	1771879646.006
594	400.000	0.013	400.001	2.017	1.897	1771879646.280
595	400.000	0.022	400.003	1.153	5.057	1771879646.498
596	400.000	0.026	400.000	0.834	2.909	1771879646.784
597	400.000	-0.025	400.004	1.213	1.626	1771879647.018
598	400.000	0.006	400.000	1.669	4.613	1771879647.262
599	400.000	0.020	400.003	1.913	1.919	1771879647.527
600	400.000	0.038	400.001	0.694	5.299	1771879647.771
601	400.000	0.032	399.998	0.664	3.527	1771879648.023
602	400.000	0.008	399.999	1.675	1.665	1771879648.241
603	400.000	0.008	400.000	1.583	4.747	1771879648.523
604	400.000	0.025	400.001	1.711	2.080	1771879648.750
605	400.000	0.001	399.999	0.333	0.765	1771879649.025
606	400.000	0.043	399.997	0.803	3.867	1771879649.294
607	400.000	-0.013	399.997	1.451	1.733	1771879649.581
608	400.000	-0.021	400.001	1.671	4.617	1771879649.808
609	400.000	0.035	399.999	1.860	1.971	1771879650.082
610	400.000	0.048	399.999	0.659	5.182	1771879650.332
611	400.000	-0.033	400.001	0.973	2.486	1771879650.657
612	400.000	0.018	400.003	0.413	0.598	1771879650.980
613	400.000	0.008	399.998	0.834	2.999	1771879651.263
614	400.000	0.006	400.001	1.351	1.600	1771879651.505
615	400.000	-0.024	399.999	1.622	4.735	1771879651.750
616	400.000	-0.017	400.003	1.987	1.916	1771879652.019
617	400.000	-0.037	400.000	0.713	5.318	1771879652.268
618	400.000	0.003	400.002	0.633	3.322	1771879652.519
619	400.000	-0.037	399.999	1.598	1.668	1771879652.773
620	400.000	0.013	400.001	1.692	4.781	1771879653.018
621	400.000	0.048	400.000	1.702	1.982	1771879653.259
622	400.000	0.026	399.999	0.378	0.567	1771879653.533
623	400.000	0.005	399.998	0.903	4.008	1771879653.779
624	400.000	0.019	400.002	1.501	1.655	1771879654.073
625	400.000	0.003	400.001	1.517	4.622	1771879654.330
626	400.000	0.012	399.999	1.870	1.965	1771879654.596
627	400.000	-0.046	399.999	1.075	4.961	1771879654.928
628	400.000	-0.036	400.002	1.678	2.004	1771879655.206
629	400.000	0.019	399.998	0.566	5.346	1771879655.511
630	400.000	0.004	400.001	1.137	2.336	1771879655.810
631	400.000	0.013	399.998	0.484	0.962	1771879656.058
632	400.000	0.038	400.003	1.150	4.412	1771879656.339
633	400.000	0.008	400.001	1.980	1.796	1771879656.580
634	400.000	-0.014	399.999	1.559	4.789	1771879656.845
635	400.000	0.032	399.999	1.328	2.263	1771879657.100
636	400.000	-0.019	400.000	0.740	1.333	1771879657.328
637	400.000	-0.018	400.002	1.401	4.512	1771879657.600
638	400.000	-0.011	400.002	2.058	1.844	1771879657.851
639	400.000	0.027	399.998	1.336	4.825	1771879658.177
640	400.000	-0.007	400.001	1.830	2.025	1771879658.407
641	400.000	0.005	399.998	0.320	5.588	1771879658.690
642	400.000	0.010	399.998	0.800	3.529	1771879658.904
643	400.000	0.011	399.997	1.925	1.695	1771879659.172
644	400.000	-0.013	400.001	1.464	4.835	1771879659.413
645	400.000	-0.039	400.000	1.296	2.154	1771879659.672
646	400.000	0.056	399.998	0.416	0.634	1771879659.924
647	400.000	0.044	400.000	1.133	4.368	1771879660.163
648	400.000	-0.043	400.002	2.060	1.764	1771879660.429
649	400.000	-0.033	400.000	1.339	4.954	1771879660.664
650	400.000	0.023	399.999	0.930	2.583	1771879660.922
651	400.000	-0.063	399.999	1.157	1.434	1771879661.149
652	400.000	-0.010	399.999	1.526	4.640	1771879661.432
653	400.000	-0.005	399.998	2.013	1.939	1771879661.695
654	400.000	-0.025	399.999	1.153	5.017	1771879661.972
655	400.000	0.024	400.002	1.119	2.432	1771879662.211
656	400.000	0.008	400.000	0.981	1.459	1771879662.483
657	400.000	-0.004	399.998	1.291	4.500	1771879662.747
658	400.000	0.023	400.002	2.109	1.899	1771879663.005
659	400.000	0.065	400.002	1.169	5.052	1771879663.244
660	400.000	-0.023	400.000	0.821	2.592	1771879663.492
661	400.000	0.030	400.005	1.177	1.445	1771879663.740
662	400.000	0.006	400.000	1.673	4.645	1771879664.001
663	400.000	-0.055	399.999	2.129	1.893	1771879664.246
664	400.000	0.015	399.998	0.467	5.712	1771879664.470
665	400.000	0.018	399.998	0.749	3.691	1771879664.750
666	400.000	-0.010	400.000	1.750	1.599	1771879665.008
667	400.000	0.001	400.000	1.472	4.666	1771879665.310
668	400.000	0.023	400.001	1.997	1.877	1771879665.535
669	400.000	-0.049	400.000	0.811	5.225	1771879665.818
670	400.000	0.003	400.002	0.787	2.906	1771879666.044
671	400.000	-0.038	399.999	1.597	1.616	1771879666.306
672	400.000	0.008	400.002	1.527	4.672	1771879666.557
673	400.000	-0.031	399.999	1.828	1.954	1771879666.798
674	400.000	-0.037	399.998	0.358	5.894	1771879667.057
675	400.000	0.015	399.997	0.810	3.955	1771879667.291
676	400.000	-0.010	399.999	2.052	1.723	1771879667.548
677	400.000	-0.061	400.002	1.354	4.965	1771879667.782
678	400.000	0.010	399.999	1.131	2.357	1771879668.050
679	400.000	-0.010	400.002	0.693	1.187	1771879668.298
680	400.000	-0.041	400.002	1.477	4.628	1771879668.550
681	400.000	-0.026	400.001	2.036	1.848	1771879668.796
682	400.000	0.010	400.003	1.074	5.013	1771879669.055
683	400.000	0.029	400.002	0.840	2.650	1771879669.304
684	400.000	-0.000	399.997	1.396	1.614	1771879669.535
685	400.000	0.006	400.001	1.506	4.640	1771879669.805
686	400.000	0.020	399.996	2.014	1.869	1771879670.054
687	400.000	-0.022	400.000	0.595	5.475	1771879670.301
688	400.000	-0.004	400.000	0.784	3.500	1771879670.553
689	400.000	0.007	399.999	1.744	1.668	1771879670.779
690	400.000	-0.021	399.997	1.640	4.718	1771879671.050
691	400.000	0.001	400.002	1.552	2.107	1771879671.279
692	400.000	-0.024	399.998	0.539	0.948	1771879671.545
693	400.000	0.073	400.000	1.039	4.160	1771879671.797
694	400.000	0.045	399.999	2.041	1.803	1771879672.047
695	400.000	0.018	399.999	1.431	4.852	1771879672.307
696	400.000	-0.008	399.998	1.374	2.160	1771879672.609
697	400.000	0.022	400.004	0.515	5.362	1771879672.906
698	400.000	0.013	400.001	0.703	3.021	1771879673.165
699	400.000	0.032	400.001	1.509	1.516	1771879673.378
700	400.000	0.001	399.999	1.575	4.710	1771879673.664
701	400.000	0.014	399.999	1.855	1.899	1771879673.961
702	400.000	-0.006	399.998	0.949	5.151	1771879674.197
703	400.000	0.009	399.997	0.946	2.857	1771879674.467
704	400.000	-0.021	400.001	1.376	1.457	1771879674.716
705	400.000	0.014	400.002	1.602	4.613	1771879674.939
706	400.000	-0.001	400.003	1.761	2.057	1771879675.216
707	400.000	0.015	399.999	0.656	4.988	1771879675.471
708	400.000	-0.006	400.000	0.916	2.758	1771879675.787
709	400.000	0.028	399.999	0.488	0.775	1771879676.089
710	400.000	0.032	400.002	1.034	4.113	1771879676.311
711	400.000	-0.007	400.000	1.976	1.710	1771879676.574
712	400.000	-0.020	399.996	1.417	4.738	1771879676.854
713	400.000	0.028	400.001	1.773	1.986	1771879677.161
714	400.000	-0.019	399.998	0.754	5.170	1771879677.386
715	400.000	0.007	399.999	0.844	3.580	1771879677.653
716	400.000	0.035	400.003	1.819	1.568	1771879677.884
717	400.000	-0.028	400.000	1.563	4.722	1771879678.163
718	400.000	-0.001	399.999	1.807	2.037	1771879678.440
719	400.000	0.003	400.002	0.602	5.361	1771879678.707
720	400.000	-0.014	400.003	0.750	3.621	1771879678.936
721	400.000	-0.005	400.001	1.732	1.700	1771879679.208
722	400.000	-0.006	400.000	1.524	4.729	1771879679.461
723	400.000	-0.007	399.998	1.653	2.159	1771879679.724
724	400.000	0.042	399.999	0.594	5.426	1771879679.954
725	400.000	0.010	399.998	1.039	4.288	1771879680.200
726	400.000	-0.062	400.001	1.874	1.770	1771879680.457
727	400.000	-0.001	400.002	1.573	4.766	1771879680.707
728	400.000	-0.045	400.001	1.492	2.215	1771879680.973
729	400.000	0.006	399.999	0.587	0.921	1771879681.203
730	400.000	0.026	400.004	1.194	4.354	1771879681.479
731	400.000	-0.021	399.998	1.716	1.787	1771879681.754
732	400.000	-0.022	399.999	1.510	4.822	1771879682.020
733	400.000	-0.024	399.999	1.689	2.119	1771879682.252
734	400.000	0.018	399.999	0.452	0.776	1771879682.518
735	400.000	0.032	400.000	0.903	4.170	1771879682.772
736	400.000	-0.005	399.997	1.989	1.792	1771879683.019
737	400.000	0.047	399.998	1.203	4.977	1771879683.275
738	400.000	0.005	400.000	1.051	2.429	1771879683.517
739	400.000	-0.020	400.001	0.806	1.355	1771879683.778
740	400.000	0.032	400.003	1.332	4.405	1771879684.060
741	400.000	-0.006	400.000	1.911	1.726	1771879684.340
742	400.000	0.038	400.000	1.415	4.779	1771879684.615
743	400.000	-0.006	399.996	1.531	2.064	1771879684.834
744	400.000	-0.043	400.004	0.654	1.117	1771879685.107
745	400.000	-0.054	399.997	0.893	4.013	1771879685.359
746	400.000	0.018	400.000	1.898	1.746	1771879685.609
747	400.000	-0.019	399.999	1.377	4.834	1771879685.869
748	400.000	-0.002	400.000	1.337	2.270	1771879686.092
749	400.000	0.003	399.999	0.864	1.330	1771879686.349
750	400.000	0.041	400.001	1.337	4.464	1771879686.598
751	400.000	-0.006	400.002	2.043	1.960	1771879686.854
752	400.000	0.001	399.999	1.161	4.912	1771879687.100
753	400.000	-0.035	399.997	0.726	2.919	1771879687.336
754	400.000	-0.038	400.000	1.373	1.498	1771879687.609
755	400.000	0.017	400.000	1.611	4.657	1771879687.840
756	400.000	0.048	400.000	1.808	2.003	1771879688.103
757	400.000	0.003	400.000	0.454	5.494	1771879688.334
758	400.000	-0.016	400.001	0.975	3.917	1771879688.596
759	400.000	0.012	399.996	1.777	1.615	1771879688.838
760	400.000	0.004	400.001	1.517	4.774	1771879689.100
761	400.000	-0.019	400.000	1.559	2.088	1771879689.354
762	400.000	-0.019	399.999	0.315	0.042	1771879689.576
763	400.000	0.031	400.004	1.292	4.252	1771879689.842
764	400.000	-0.014	399.999	1.846	1.775	1771879690.100
765	400.000	-0.014	400.000	1.329	4.708	1771879690.428
766	400.000	0.000	400.002	1.890	1.954	1771879690.694
767	400.000	0.005	400.000	0.617	5.511	1771879690.932
768	400.000	-0.029	399.994	0.711	3.427	1771879691.210
769	400.000	-0.026	399.997	1.207	1.480	1771879691.485
770	400.000	0.020	400.000	1.454	4.410	1771879691.764
771	400.000	0.038	400.002	2.073	1.770	1771879691.982
772	400.000	0.057	400.000	0.973	5.025	1771879692.283
773	400.000	0.034	399.998	1.456	2.158	1771879692.571
774	400.000	-0.041	400.000	0.557	0.724	1771879692.831
775	400.000	-0.025	399.998	1.203	4.271	1771879693.063
776	400.000	-0.012	400.000	2.154	1.728	1771879693.298
777	400.000	-0.010	400.000	1.114	4.926	1771879693.565
778	400.000	0.029	400.000	1.049	2.444	1771879693.819
779	400.000	0.036	400.000	0.836	1.274	1771879694.073
780	400.000	0.007	400.000	1.404	4.478	1771879694.318
781	400.000	0.001	399.999	2.100	1.891	1771879694.578
782	400.000	0.038	400.001	0.926	5.073	1771879694.800
783	400.000	-0.064	400.001	0.700	2.777	1771879695.079
784	400.000	-0.010	400.000	1.267	1.505	1771879695.317
785	400.000	0.010	399.999	1.531	4.715	1771879695.556
786	400.000	-0.054	399.999	1.928	1.973	1771879695.815
787	400.000	0.030	400.002	0.596	5.508	1771879696.058
788	400.000	-0.006	400.000	0.891	3.760	1771879696.329
789	400.000	-0.000	399.999	1.801	1.592	1771879696.550
790	400.000	-0.048	400.000	1.379	4.755	1771879696.821
791	400.000	-0.034	400.003	1.781	2.094	1771879697.059
792	400.000	0.003	399.998	0.465	0.275	1771879697.309
793	400.000	-0.005	399.998	1.036	4.193	1771879697.556
794	400.000	-0.028	400.000	2.129	1.737	1771879697.787
795	400.000	0.020	400.000	1.228	4.920	1771879698.075
796	400.000	0.008	400.000	1.485	2.161	1771879698.312
797	400.000	0.036	399.998	0.836	1.239	1771879698.565
798	400.000	-0.000	399.999	1.418	4.399	1771879698.801
799	400.000	0.033	399.998	2.121	1.752	1771879699.071
800	400.000	-0.023	400.001	1.103	4.969	1771879699.330
801	400.000	0.012	400.002	1.015	2.588	1771879699.587
802	400.000	0.003	400.003	1.146	1.278	1771879699.831
803	400.000	0.034	400.000	1.462	4.488	1771879700.053
804	400.000	0.002	400.000	2.011	1.866	1771879700.325
805	400.000	0.036	400.001	0.816	5.251	1771879700.581
806	400.000	-0.039	400.001	0.722	2.953	1771879700.821
807	400.000	-0.023	400.001	1.498	1.478	1771879701.073
808	400.000	-0.027	400.000	1.460	4.748	1771879701.314
809	400.000	0.047	400.000	1.518	2.090	1771879701.596
810	400.000	-0.019	400.000	0.665	5.394	1771879701.898
811	400.000	0.001	400.002	0.925	2.522	1771879702.193
812	400.000	0.009	400.000	0.752	1.250	1771879702.439
813	400.000	-0.032	399.999	1.245	4.392	1771879702.671
814	400.000	-0.021	399.997	2.004	1.882	1771879702.941
815	400.000	-0.028	400.003	0.992	5.001	1771879703.198
816	400.000	-0.014	400.002	0.971	2.658	1771879703.444
817	400.000	0.055	400.003	1.299	1.369	1771879703.700
818	400.000	-0.039	400.002	1.496	4.580	1771879703.920
819	400.000	0.016	399.998	1.753	1.900	1771879704.199
820	400.000	0.012	400.001	0.419	5.590	1771879704.425
821	400.000	-0.010	400.000	0.865	3.911	1771879704.701
822	400.000	0.001	400.000	1.996	1.673	1771879704.937
823	400.000	-0.003	400.002	1.239	4.830	1771879705.195
824	400.000	0.014	400.002	1.550	2.077	1771879705.437
825	400.000	-0.003	400.003	0.437	0.917	1771879705.699
826	400.000	0.028	399.998	1.141	4.316	1771879705.935
827	400.000	0.039	400.001	2.119	1.791	1771879706.165
828	400.000	0.004	400.000	1.049	4.842	1771879706.451
829	400.000	0.000	400.000	1.027	2.345	1771879706.666
830	400.000	-0.008	399.998	1.321	1.482	1771879706.929
831	400.000	0.007	400.001	1.361	4.499	1771879707.177
832	400.000	0.003	400.000	1.846	1.926	1771879707.422
833	400.000	-0.007	400.000	0.495	5.641	1771879707.694
834	400.000	-0.010	400.002	0.767	3.624	1771879707.923
835	400.000	-0.015	400.001	1.935	1.621	1771879708.187
836	400.000	-0.003	400.001	1.472	4.625	1771879708.441
837	400.000	-0.011	399.997	1.541	1.955	1771879708.696
838	400.000	0.021	400.004	0.502	0.864	1771879708.938
839	400.000	-0.040	399.998	1.355	4.353	1771879709.172
840	400.000	-0.006	400.002	2.081	1.754	1771879709.449
841	400.000	0.011	400.002	1.169	4.798	1771879709.701
842	400.000	-0.025	399.998	1.045	2.439	1771879709.936
843	400.000	0.010	399.998	1.060	1.368	1771879710.194
844	400.000	-0.022	399.998	1.291	4.415	1771879710.492
845	400.000	0.011	400.000	1.986	1.745	1771879710.720
846	400.000	0.022	399.999	0.896	4.897	1771879710.985
847	400.000	0.012	400.000	0.980	2.357	1771879711.235
848	400.000	0.022	399.999	1.436	1.514	1771879711.476
849	400.000	-0.011	400.000	1.430	4.510	1771879711.731
850	400.000	-0.005	399.998	1.920	1.889	1771879711.969
851	400.000	-0.030	399.999	0.427	5.335	1771879712.220
852	400.000	-0.014	400.000	0.828	3.975	1771879712.472
853	400.000	0.001	400.002	1.869	1.640	1771879712.720
854	400.000	-0.025	399.999	1.374	4.767	1771879712.979
855	400.000	-0.000	399.999	1.396	2.134	1771879713.218
856	400.000	-0.027	399.998	0.517	0.978	1771879713.462
857	400.000	-0.023	399.999	1.087	4.293	1771879713.735
858	400.000	0.046	399.999	2.082	1.717	1771879713.982
859	400.000	-0.020	400.000	1.149	4.879	1771879714.208
860	400.000	0.023	400.004	0.707	2.978	1771879714.467
861	400.000	0.030	400.002	1.131	1.486	1771879714.740
862	400.000	-0.035	399.998	1.315	4.522	1771879715.004
863	400.000	-0.005	400.000	2.097	1.825	1771879715.243
864	400.000	-0.002	400.002	0.784	4.873	1771879715.499
865	400.000	0.006	399.999	0.948	2.424	1771879715.788
866	400.000	-0.015	400.001	0.716	1.189	1771879716.064
867	400.000	0.025	400.001	1.293	4.442	1771879716.295
868	400.000	0.016	399.998	1.999	1.778	1771879716.568
869	400.000	0.038	399.997	1.271	4.744	1771879716.854
870	400.000	0.000	400.000	1.375	2.044	1771879717.105
871	400.000	0.002	400.001	0.235	0.407	1771879717.352
872	400.000	0.071	400.002	1.007	4.275	1771879717.623
873	400.000	0.065	399.997	2.002	1.694	1771879717.873
874	400.000	0.043	399.998	1.282	4.824	1771879718.126
875	400.000	-0.040	399.998	1.256	2.184	1771879718.355
876	400.000	-0.011	400.000	1.256	1.439	1771879718.585
877	400.000	0.024	399.999	1.304	4.637	1771879718.855
878	400.000	0.043	400.003	2.000	1.802	1771879719.109
879	400.000	0.025	399.999	0.685	5.154	1771879719.358
880	400.000	-0.046	399.998	0.692	2.871	1771879719.615
881	400.000	-0.010	399.999	1.142	1.538	1771879719.907
882	400.000	0.002	400.000	0.976	4.318	1771879720.205
883	400.000	-0.012	400.002	2.034	1.698	1771879720.455
884	400.000	-0.020	400.004	1.176	4.746	1771879720.683
885	400.000	-0.002	400.002	0.768	2.500	1771879720.939
886	400.000	-0.049	400.000	0.881	1.398	1771879721.193
887	400.000	-0.022	399.999	1.360	4.519	1771879721.448
888	400.000	-0.007	400.004	2.054	1.785	1771879721.697
889	400.000	0.020	400.001	0.778	5.019	1771879721.918
890	400.000	-0.013	400.000	0.604	3.509	1771879722.183
891	400.000	0.033	399.999	1.557	1.550	1771879722.439
892	400.000	0.038	400.001	1.093	4.409	1771879722.761
893	400.000	0.047	399.999	2.099	1.710	1771879723.004
894	400.000	-0.069	400.002	1.131	4.818	1771879723.250
895	400.000	-0.010	400.001	0.740	2.484	1771879723.474
896	400.000	-0.005	399.998	1.247	1.464	1771879723.757
897	400.000	0.000	400.000	1.430	4.432	1771879723.979
898	400.000	-0.017	400.002	1.824	1.857	1771879724.269
899	400.000	0.010	399.999	0.968	4.753	1771879724.522
900	400.000	-0.045	399.998	0.873	2.341	1771879724.803
901	400.000	-0.002	400.001	0.820	1.321	1771879725.039
902	400.000	0.007	400.000	1.366	4.539	1771879725.285
903	400.000	-0.014	400.001	1.901	1.771	1771879725.544
904	400.000	0.034	399.996	0.814	4.872	1771879725.783
905	400.000	-0.013	400.000	0.554	2.928	1771879726.051
906	400.000	0.013	400.001	1.017	1.450	1771879726.340
907	400.000	-0.011	399.999	1.283	4.381	1771879726.583
908	400.000	0.007	399.998	2.032	1.702	1771879726.852
909	400.000	0.023	400.000	1.165	4.793	1771879727.109
910	400.000	-0.001	400.001	0.699	2.664	1771879727.367
911	400.000	0.007	399.998	0.809	1.447	1771879727.664
912	400.000	0.006	400.002	0.614	3.954	1771879727.979
913	400.000	0.017	400.003	1.774	1.476	1771879728.201
914	400.000	0.036	400.000	1.558	4.566	1771879728.471
915	400.000	0.056	399.999	1.625	1.879	1771879728.707
916	400.000	0.017	400.001	0.237	0.493	1771879728.977
917	400.000	0.016	400.000	0.954	4.164	1771879729.195
918	400.000	0.005	399.998	2.046	1.633	1771879729.472
919	400.000	-0.050	400.002	1.267	4.754	1771879729.713
920	400.000	-0.015	400.000	1.083	2.216	1771879729.984
921	400.000	-0.020	399.999	0.312	0.875	1771879730.261
922	400.000	-0.001	400.001	0.851	4.007	1771879730.531
923	400.000	-0.031	399.999	1.893	1.617	1771879730.780
924	400.000	-0.040	400.000	1.442	4.710	1771879731.029
925	400.000	0.015	400.001	1.452	1.927	1771879731.284
926	400.000	-0.003	400.002	0.517	0.946	1771879731.520
927	400.000	0.071	400.000	1.104	4.424	1771879731.794
928	400.000	0.008	399.999	2.029	1.700	1771879732.021
929	400.000	0.002	400.001	1.278	4.679	1771879732.299
930	400.000	-0.012	399.999	1.116	1.991	1771879732.601
931	400.000	0.051	399.999	0.283	5.864	1771879732.838
932	400.000	-0.070	399.999	1.092	4.313	1771879733.062
933	400.000	0.014	400.000	1.853	1.639	1771879733.349
934	400.000	-0.057	399.999	1.356	4.759	1771879733.599
935	400.000	0.035	400.003	1.180	1.958	1771879733.872
936	400.000	-0.022	400.000	0.419	0.576	1771879734.107
937	400.000	-0.028	399.996	1.375	4.480	1771879734.362
938	400.000	-0.026	400.002	2.044	1.651	1771879734.609
939	400.000	0.024	400.004	1.127	4.755	1771879734.832
940	400.000	-0.044	399.997	0.618	3.510	1771879735.109
941	400.000	-0.030	400.002	1.190	1.263	1771879735.344
942	400.000	0.017	400.000	1.349	4.474	1771879735.616
943	400.000	0.018	399.999	2.008	1.676	1771879735.849
944	400.000	0.004	400.000	0.437	5.200	1771879736.115
945	400.000	0.053	400.001	0.585	3.367	1771879736.341
946	400.000	0.030	400.004	1.675	1.570	1771879736.594
947	400.000	0.008	400.004	1.508	4.604	1771879736.850
948	400.000	-0.006	400.004	1.512	1.839	1771879737.115
949	400.000	-0.004	399.999	0.351	0.659	1771879737.365
950	400.000	-0.008	400.002	1.224	4.304	1771879737.595
951	400.000	0.008	399.999	2.037	1.637	1771879737.868
952	400.000	-0.030	399.997	1.334	4.688	1771879738.131
953	400.000	-0.035	400.001	1.466	1.926	1771879738.439
954	400.000	-0.002	399.995	0.259	6.220	1771879738.656
955	400.000	0.008	400.004	0.962	4.258	1771879738.933
956	400.000	-0.023	399.997	1.974	1.598	1771879739.163
957	400.000	0.015	400.001	1.243	4.769	1771879739.434
958	400.000	-0.031	399.999	1.238	2.100	1771879739.656
959	400.000	-0.025	400.000	0.837	1.323	1771879739.931
960	400.000	0.042	400.001	1.294	4.511	1771879740.174
961	400.000	0.025	400.002	2.073	1.719	1771879740.400
962	400.000	0.016	400.002	0.856	4.888	1771879740.680
963	400.000	0.001	399.997	0.609	2.805	1771879740.911
964	400.000	0.018	399.999	1.516	1.524	1771879741.172
965	400.000	0.011	399.999	1.402	4.472	1771879741.407
966	400.000	0.037	399.999	1.675	1.845	1771879741.682
967	400.000	0.005	400.000	0.278	5.385	1771879741.919
968	400.000	0.004	400.003	0.923	4.121	1771879742.153
969	400.000	-0.007	399.999	1.952	1.630	1771879742.437
970	400.000	-0.001	400.001	1.541	4.628	1771879742.669
971	400.000	0.042	400.001	1.435	1.949	1771879742.946
972	400.000	0.005	399.999	0.193	5.833	1771879743.184
973	400.000	0.015	400.003	0.978	4.110	1771879743.468
974	400.000	-0.068	400.001	1.723	1.487	1771879743.715
975	400.000	-0.006	400.001	1.336	4.611	1771879744.011
976	400.000	-0.029	400.001	1.573	1.906	1771879744.240
977	400.000	-0.019	399.999	0.274	6.204	1771879744.513
978	400.000	0.012	400.000	1.004	4.085	1771879744.748
979	400.000	0.023	400.001	2.075	1.642	1771879745.011
980	400.000	0.003	400.000	1.416	4.589	1771879745.269
981	400.000	-0.035	399.997	1.464	2.014	1771879745.568
982	400.000	-0.018	400.002	0.426	5.268	1771879745.800
983	400.000	-0.023	400.002	0.988	4.069	1771879746.073
984	400.000	0.008	400.001	1.756	1.526	1771879746.329
985	400.000	-0.018	399.999	1.350	4.473	1771879746.633
986	400.000	0.015	399.996	1.837	1.731	1771879746.853
987	400.000	0.000	400.000	0.237	5.473	1771879747.136
988	400.000	-0.024	400.001	0.469	3.169	1771879747.382
989	400.000	0.004	400.000	1.964	1.530	1771879747.623
990	400.000	0.003	400.000	1.190	4.600	1771879747.894
991	400.000	-0.062	400.002	1.129	1.926	1771879748.141
992	400.000	-0.029	400.002	0.236	0.900	1771879748.397
993	400.000	-0.055	400.002	0.918	4.208	1771879748.680
994	400.000	0.005	400.000	1.839	1.534	1771879748.915
995	400.000	0.012	400.001	1.235	4.580	1771879749.144
996	400.000	0.019	400.003	1.123	1.970	1771879749.442
997	400.000	0.029	400.001	0.213	0.717	1771879749.667
998	400.000	-0.003	399.998	0.963	4.235	1771879749.939
999	400.000	-0.020	400.001	1.935	1.558	1771879750.180
1000	400.000	-0.037	400.001	1.123	4.569	1771879750.424
1001	400.000	-0.016	400.000	0.682	2.464	1771879750.665
1002	400.000	-0.014	400.001	1.200	1.464	1771879750.933
1003	400.000	0.030	400.000	1.259	4.482	1771879751.189
1004	400.000	-0.051	399.998	1.960	1.718	1771879751.415
1005	400.000	0.016	399.999	0.593	4.769	1771879751.674
1006	400.000	-0.025	400.001	0.577	2.978	1771879751.920
1007	400.000	-0.021	400.002	1.381	1.406	1771879752.193
1008	400.000	0.001	399.998	1.439	4.424	1771879752.479
1009	400.000	-0.033	399.999	2.030	1.736	1771879752.729
1010	400.000	-0.008	399.999	0.768	4.556	1771879752.972
1011	400.000	-0.013	399.999	0.511	2.898	1771879753.246
1012	400.000	-0.046	400.003	1.428	1.446	1771879753.477
1013	400.000	-0.007	400.001	1.398	4.563	1771879753.749
1014	400.000	-0.040	399.999	1.761	1.711	1771879754.006
1015	400.000	-0.001	399.998	0.201	5.028	1771879754.234
1016	400.000	0.012	400.000	0.822	4.051	1771879754.486
1017	400.000	0.003	399.996	1.784	1.543	1771879754.768
1018	400.000	-0.022	400.000	1.370	4.548	1771879755.047
1019	400.000	0.026	399.999	1.647	1.734	1771879755.324
1020	400.000	-0.001	399.998	0.799	4.497	1771879755.607
1021	400.000	-0.009	399.995	1.232	1.917	1771879755.916
1022	400.000	0.004	399.999	0.091	5.560	1771879756.175
1023	400.000	0.029	400.001	0.594	3.952	1771879756.438
1024	400.000	-0.020	400.000	1.830	1.524	1771879756.679
1025	400.000	0.011	399.996	1.317	4.494	1771879756.929
1026	400.000	-0.016	400.001	1.244	1.924	1771879757.165
1027	400.000	-0.041	400.001	0.303	1.214	1771879757.446
1028	400.000	-0.050	399.997	0.592	3.834	1771879757.743
1029	400.000	-0.028	400.003	1.247	1.305	1771879757.990
1030	400.000	-0.025	399.998	1.319	4.453	1771879758.211
1031	400.000	-0.039	399.999	1.564	1.805	1771879758.477
1032	400.000	-0.002	399.999	0.377	4.714	1771879758.726
1033	400.000	-0.002	400.000	1.056	4.189	1771879758.994
1034	400.000	-0.027	400.002	1.821	1.500	1771879759.245
1035	400.000	0.000	400.004	1.352	4.462	1771879759.491
1036	400.000	0.011	400.002	0.857	2.193	1771879759.726
1037	400.000	-0.032	400.001	0.570	1.157	1771879759.989
1038	400.000	0.058	400.003	1.365	4.302	1771879760.239
1039	400.000	0.025	399.999	1.998	1.638	1771879760.465
1040	400.000	0.009	400.004	0.866	4.653	1771879760.729
1041	400.000	-0.025	399.999	0.488	3.123	1771879760.982
1042	400.000	-0.007	400.001	1.174	1.334	1771879761.253
1043	400.000	0.053	400.006	1.392	4.373	1771879761.506
1044	400.000	0.001	399.999	1.855	1.749	1771879761.755
1045	400.000	0.053	400.002	0.804	4.648	1771879762.008
1046	400.000	0.019	400.002	0.463	3.554	1771879762.244
1047	400.000	-0.010	400.000	1.502	1.446	1771879762.505
1048	400.000	0.012	400.000	1.447	4.449	1771879762.756
1049	400.000	-0.054	399.999	1.516	1.722	1771879763.015
1050	400.000	-0.062	400.002	0.377	4.767	1771879763.258
1051	400.000	-0.054	400.002	0.745	4.088	1771879763.497
1052	400.000	-0.006	399.998	1.769	1.493	1771879763.742
1053	400.000	-0.032	400.000	1.252	4.448	1771879763.989
1054	400.000	-0.012	399.999	1.214	1.906	1771879764.259
1055	400.000	0.027	400.003	0.348	0.928	1771879764.499
1056	400.000	0.013	400.001	0.667	3.964	1771879764.805
1057	400.000	0.026	400.001	1.781	1.473	1771879765.039
1058	400.000	-0.001	400.003	1.333	4.426	1771879765.308
1059	400.000	-0.005	400.000	1.271	1.916	1771879765.546
1060	400.000	-0.006	400.000	0.344	0.760	1771879765.808
1061	400.000	0.018	399.999	0.783	4.138	1771879766.067
1062	400.000	0.028	400.002	1.742	1.407	1771879766.343
1063	400.000	0.026	400.000	1.325	4.415	1771879766.587
1064	400.000	-0.035	400.000	1.066	1.995	1771879766.840
1065	400.000	0.006	399.999	0.521	1.070	1771879767.071
1066	400.000	0.007	400.000	1.224	4.275	1771879767.337
1067	400.000	-0.029	399.998	1.842	1.609	1771879767.585
1068	400.000	-0.034	400.003	0.867	4.513	1771879767.842
1069	400.000	0.032	400.002	0.675	2.559	1771879768.083
1070	400.000	-0.033	400.000	1.338	1.320	1771879768.313
1071	400.000	0.008	400.000	1.373	4.350	1771879768.587
1072	400.000	-0.027	399.999	1.815	1.714	1771879768.843
1073	400.000	-0.006	400.000	1.133	4.488	1771879769.158
1074	400.000	-0.043	399.999	0.970	2.139	1771879769.406
1075	400.000	-0.021	400.000	0.530	1.092	1771879769.660
1076	400.000	0.003	399.999	1.281	4.317	1771879769.884
1077	400.000	-0.017	399.999	1.797	1.635	1771879770.144
1078	400.000	-0.049	399.997	0.910	4.571	1771879770.394
1079	400.000	-0.023	399.998	0.633	2.573	1771879770.647
1080	400.000	0.070	399.997	1.191	1.414	1771879770.899
1081	400.000	-0.031	399.999	1.522	4.382	1771879771.152
1082	400.000	-0.037	400.000	1.689	1.847	1771879771.408
1083	400.000	0.014	400.002	0.873	4.562	1771879771.702
1084	400.000	-0.011	400.004	0.771	2.247	1771879771.955
1085	400.000	-0.042	400.000	1.357	1.396	1771879772.182
1086	400.000	-0.067	400.003	1.307	4.346	1771879772.465
1087	400.000	0.002	400.002	1.899	1.697	1771879772.715
1088	400.000	-0.002	400.002	0.818	4.569	1771879772.953
1089	400.000	0.042	400.004	0.638	3.617	1771879773.197
1090	400.000	-0.009	399.999	1.546	1.514	1771879773.468
1091	400.000	-0.010	400.000	1.478	4.375	1771879773.720
1092	400.000	0.035	400.000	1.624	1.849	1771879773.970
1093	400.000	0.018	400.002	0.206	5.083	1771879774.225
1094	400.000	-0.015	400.001	1.093	4.135	1771879774.461
1095	400.000	0.001	399.999	1.694	1.540	1771879774.741
1096	400.000	-0.022	400.003	1.351	4.347	1771879774.970
1097	400.000	0.041	400.003	1.277	1.967	1771879775.233
1098	400.000	0.035	400.005	0.669	1.198	1771879775.458
1099	400.000	-0.025	400.002	1.179	4.214	1771879775.735
1100	400.000	0.012	400.002	1.988	1.651	1771879775.971
1101	400.000	-0.062	400.000	0.988	4.496	1771879776.248
1102	400.000	-0.044	400.001	0.937	2.043	1771879776.560
1103	400.000	-0.009	400.002	0.594	4.694	1771879776.831
1104	400.000	-0.031	400.001	0.499	3.203	1771879777.102
1105	400.000	-0.015	400.000	1.441	1.374	1771879777.346
1106	400.000	-0.039	400.000	1.336	4.390	1771879777.582
1107	400.000	-0.042	400.000	1.530	1.763	1771879777.844
1108	400.000	0.047	399.999	0.173	5.794	1771879778.095
1109	400.000	-0.016	399.997	0.496	2.688	1771879778.417
1110	400.000	0.023	400.000	0.896	1.364	1771879778.665
1111	400.000	0.025	400.002	1.333	4.304	1771879778.899
1112	400.000	0.030	400.001	1.876	1.664	1771879779.161
1113	400.000	-0.029	399.998	0.525	4.778	1771879779.404
1114	400.000	-0.004	399.997	0.441	3.447	1771879779.656
1115	400.000	-0.052	400.001	1.273	1.434	1771879779.973
1116	400.000	-0.017	400.001	1.357	4.375	1771879780.198
1117	400.000	-0.003	399.999	1.859	1.734	1771879780.473
1118	400.000	-0.074	399.999	0.614	4.688	1771879780.711
1119	400.000	0.015	399.999	0.492	3.264	1771879780.986
1120	400.000	0.017	399.998	1.637	1.453	1771879781.208
1121	400.000	-0.029	399.999	1.237	4.474	1771879781.458
1122	400.000	-0.044	400.000	1.109	1.976	1771879781.712
1123	400.000	0.011	399.999	0.506	1.188	1771879781.976
1124	400.000	0.015	399.999	0.998	4.231	1771879782.223
1125	400.000	-0.045	400.002	1.929	1.609	1771879782.456
1126	400.000	-0.029	400.001	0.865	4.515	1771879782.717
1127	400.000	-0.011	400.000	0.622	2.269	1771879782.986
1128	400.000	0.007	399.997	0.769	1.251	1771879783.272
1129	400.000	0.035	400.000	0.889	4.133	1771879783.556
1130	400.000	-0.005	399.999	1.940	1.548	1771879783.796
1131	400.000	0.008	400.000	1.142	4.447	1771879784.019
1132	400.000	-0.001	400.000	0.748	2.083	1771879784.292
1133	400.000	-0.006	400.003	0.720	1.231	1771879784.541
1134	400.000	0.036	399.997	0.860	4.008	1771879784.859
1135	400.000	-0.010	400.001	1.868	1.533	1771879785.099
1136	400.000	0.045	400.000	1.195	4.357	1771879785.345
1137	400.000	-0.034	399.999	1.059	2.014	1771879785.600
1138	400.000	-0.030	400.000	0.571	1.450	1771879785.868
1139	400.000	0.005	400.000	0.716	4.056	1771879786.172
1140	400.000	-0.043	399.999	1.690	1.504	1771879786.420
1141	400.000	-0.039	400.000	1.304	4.390	1771879786.645
1142	400.000	-0.019	399.999	1.008	1.917	1771879786.919
1143	400.000	0.014	399.998	0.495	1.275	1771879787.175
1144	400.000	-0.000	400.000	0.644	4.095	1771879787.475
1145	400.000	-0.018	400.000	1.899	1.499	1771879787.701
1146	400.000	-0.059	400.002	1.210	4.386	1771879787.977
1147	400.000	-0.018	400.001	1.370	1.846	1771879788.203
1148	400.000	-0.020	400.000	0.491	1.226	1771879788.472
1149	400.000	-0.015	400.001	0.919	4.215	1771879788.723
1150	400.000	-0.019	400.002	2.002	1.676	1771879788.972
1151	400.000	-0.027	399.999	1.030	4.412	1771879789.219
1152	400.000	0.008	399.997	0.774	2.171	1771879789.476
1153	400.000	-0.025	399.999	0.990	1.465	1771879789.734
1154	400.000	-0.009	399.999	1.175	4.318	1771879789.957
1155	400.000	-0.017	400.001	1.951	1.718	1771879790.213
1156	400.000	-0.011	399.999	0.780	4.345	1771879790.464
1157	400.000	0.022	399.999	0.441	3.534	1771879790.728
1158	400.000	0.016	399.996	1.328	1.484	1771879790.970
1159	400.000	-0.005	399.997	1.379	4.300	1771879791.203
1160	400.000	-0.063	400.001	1.577	1.703	1771879791.476
1161	400.000	-0.017	399.998	0.115	0.251	1771879791.706
1162	400.000	-0.025	399.999	0.819	4.172	1771879791.986
1163	400.000	-0.015	400.000	1.844	1.519	1771879792.218
1164	400.000	0.016	399.998	1.299	4.333	1771879792.472
1165	400.000	-0.020	399.999	1.120	1.851	1771879792.717
1166	400.000	0.015	399.999	0.483	1.315	1771879792.985
1167	400.000	0.034	399.998	0.834	4.135	1771879793.221
1168	400.000	0.021	400.001	1.809	1.498	1771879793.475
1169	400.000	0.059	400.001	1.258	4.382	1771879793.740
1170	400.000	0.029	399.999	1.089	1.840	1771879793.960
1171	400.000	0.022	399.999	0.771	1.331	1771879794.220
1172	400.000	0.013	399.999	0.757	4.095	1771879794.497
1173	400.000	0.031	399.999	1.993	1.583	1771879794.728
1174	400.000	-0.012	400.001	0.878	4.455	1771879794.980
1175	400.000	-0.030	400.003	0.681	2.090	1771879795.220
1176	400.000	0.051	400.000	1.240	1.427	1771879795.483
1177	400.000	-0.008	399.999	1.228	4.304	1771879795.725
1178	400.000	0.002	400.001	1.751	1.628	1771879795.983
1179	400.000	-0.024	400.002	0.324	4.334	1771879796.234
1180	400.000	0.035	399.999	0.565	3.671	1771879796.453
1181	400.000	0.020	400.001	1.821	1.529	1771879796.723
1182	400.000	-0.019	400.000	1.215	4.416	1771879796.969
1183	400.000	0.006	399.999	1.486	1.591	1771879797.242
1184	400.000	-0.022	400.000	0.202	0.873	1771879797.457
1185	400.000	0.019	400.002	0.825	4.141	1771879797.731
1186	400.000	0.011	399.998	1.869	1.521	1771879797.974
1187	400.000	0.020	400.000	1.142	4.340	1771879798.238
1188	400.000	-0.004	399.999	1.466	1.725	1771879798.488
1189	400.000	-0.009	400.000	0.444	1.312	1771879798.709
1190	400.000	0.038	399.999	1.031	4.190	1771879798.972
1191	400.000	-0.038	400.002	1.938	1.537	1771879799.216
1192	400.000	-0.005	400.000	1.035	4.339	1771879799.505
1193	400.000	0.019	400.000	0.638	1.957	1771879799.723
1194	400.000	-0.013	400.000	1.336	1.404	1771879799.979
1195	400.000	-0.003	399.999	1.136	4.146	1771879800.253
1196	400.000	0.026	399.999	1.923	1.514	1771879800.550
1197	400.000	-0.042	399.998	1.246	4.325	1771879800.801
1198	400.000	0.001	399.998	0.947	1.704	1771879801.048
1199	400.000	-0.031	399.998	0.618	1.316	1771879801.288
1200	400.000	0.005	399.997	1.141	4.139	1771879801.544
1201	400.000	0.031	400.000	2.116	1.504	1771879801.776
1202	400.000	0.036	399.998	0.611	4.336	1771879802.013
1203	400.000	0.037	400.000	0.340	2.848	1771879802.296
1204	400.000	0.016	400.001	1.316	1.366	1771879802.532
1205	400.000	0.030	400.001	1.200	4.196	1771879802.817
1206	400.000	-0.011	400.001	1.846	1.557	1771879803.069
1207	400.000	0.003	399.998	0.638	4.301	1771879803.303
1208	400.000	-0.003	400.001	0.356	3.415	1771879803.535
1209	400.000	-0.020	400.000	1.440	1.338	1771879803.798
1210	400.000	0.003	399.998	1.307	4.279	1771879804.058
1211	400.000	-0.003	400.000	1.563	1.601	1771879804.284
1212	400.000	-0.033	400.004	0.162	0.985	1771879804.568
1213	400.000	-0.005	400.001	0.288	3.209	1771879804.848
1214	400.000	0.003	400.002	1.022	1.254	1771879805.100
1215	400.000	-0.007	399.997	1.236	4.239	1771879805.344
1216	400.000	-0.017	399.999	1.704	1.483	1771879805.603
1217	400.000	-0.024	399.997	0.496	4.393	1771879805.841
1218	400.000	-0.039	400.000	0.403	3.948	1771879806.098
1219	400.000	0.028	400.000	1.568	1.337	1771879806.380
1220	400.000	-0.000	399.996	1.189	4.249	1771879806.671
1221	400.000	-0.002	399.998	1.930	1.504	1771879806.888
1222	400.000	0.010	399.999	0.109	0.689	1771879807.162
1223	400.000	0.016	400.002	0.385	3.635	1771879807.409
1224	400.000	-0.016	399.997	1.595	1.420	1771879807.684
1225	400.000	-0.001	399.997	1.112	4.217	1771879807.919
1226	400.000	-0.011	400.001	1.293	1.553	1771879808.128
1227	400.000	-0.011	400.000	0.408	1.099	1771879808.418
1228	400.000	0.006	400.003	0.775	3.964	1771879808.655
1229	400.000	-0.016	399.996	1.859	1.420	1771879808.922
1230	400.000	-0.026	399.999	1.020	4.233	1771879809.164
1231	400.000	-0.025	399.997	1.017	1.593	1771879809.426
1232	400.000	0.005	400.000	1.165	1.332	1771879809.651
1233	400.000	-0.024	399.999	1.217	4.070	1771879809.891
1234	400.000	-0.016	399.999	1.768	1.479	1771879810.173
1235	400.000	-0.045	399.998	0.537	4.249	1771879810.410
1236	400.000	0.013	399.997	0.299	3.466	1771879810.673
1237	400.000	0.001	400.000	1.541	1.452	1771879810.928
1238	400.000	-0.016	400.002	1.383	4.121	1771879811.163
1239	400.000	0.012	399.999	1.474	1.583	1771879811.413
1240	400.000	-0.041	400.001	0.037	1.483	1771879811.677
1241	400.000	-0.040	400.000	1.239	4.072	1771879811.922
1242	400.000	0.006	400.001	0.831	4.039	1771879812.142
1243	400.000	-0.040	399.998	1.625	1.459	1771879812.416
1244	400.000	-0.036	400.001	0.420	3.462	1771879812.651
1245	400.000	-0.035	400.001	0.878	4.071	1771879812.912
1246	400.000	0.027	400.002	1.168	1.395	1771879813.165
1247	400.000	0.032	400.000	0.593	1.732	1771879813.431
1248	400.000	-0.004	399.999	1.151	1.398	1771879813.665
1249	400.000	0.000	399.999	1.241	4.057	1771879813.893
1250	400.000	0.026	399.999	1.746	1.450	1771879814.171
1251	400.000	-0.014	400.005	0.756	4.091	1771879814.420
1252	400.000	0.024	400.000	0.338	3.540	1771879814.661
1253	400.000	0.008	399.998	1.565	1.383	1771879814.909
1254	400.000	-0.011	400.006	1.181	4.138	1771879815.177
1255	400.000	0.033	400.001	1.527	1.426	1771879815.423
1256	400.000	-0.016	400.001	0.114	2.364	1771879815.645
1257	400.000	0.027	400.000	0.809	3.936	1771879815.908
1258	400.000	0.026	399.999	1.920	1.384	1771879816.153
1259	400.000	0.003	399.998	0.971	4.157	1771879816.417
1260	400.000	-0.001	400.001	0.859	1.731	1771879816.669
1261	400.000	-0.023	399.998	0.553	1.465	1771879816.926
1262	400.000	-0.005	400.001	0.851	4.162	1771879817.177
1263	400.000	-0.014	399.997	1.888	1.495	1771879817.403
1264	400.000	0.047	400.000	0.838	4.202	1771879817.680
1265	400.000	0.005	400.003	0.355	2.552	1771879817.903
1266	400.000	-0.014	400.000	1.344	1.315	1771879818.184
1267	400.000	-0.023	400.002	1.237	4.176	1771879818.399
1268	400.000	0.013	399.999	1.199	1.682	1771879818.663
1269	400.000	-0.007	400.001	0.162	3.044	1771879818.905
1270	400.000	0.012	400.000	0.627	4.136	1771879819.176
1271	400.000	0.032	399.997	1.581	1.374	1771879819.459
1272	400.000	0.003	399.998	1.211	4.078	1771879819.759
1273	400.000	-0.021	399.996	1.533	1.538	1771879819.969
1274	400.000	0.020	400.003	0.220	3.300	1771879820.252
1275	400.000	0.013	400.000	0.430	3.790	1771879820.513
1276	400.000	0.042	400.001	1.791	1.381	1771879820.748
1277	400.000	-0.019	399.998	1.184	3.971	1771879820.991
1278	400.000	-0.017	400.001	0.911	1.545	1771879821.254
1279	400.000	-0.012	400.002	0.570	1.423	1771879821.499
1280	400.000	-0.001	399.999	1.009	4.048	1771879821.737
1281	400.000	0.018	399.998	1.899	1.401	1771879822.005
1282	400.000	-0.048	400.000	0.921	4.032	1771879822.258
1283	400.000	0.026	400.000	0.930	1.511	1771879822.504
1284	400.000	0.044	400.005	0.407	1.582	1771879822.758
1285	400.000	-0.013	400.002	1.072	3.974	1771879823.013
1286	400.000	-0.011	399.999	2.023	1.430	1771879823.254
1287	400.000	0.001	400.000	0.526	4.006	1771879823.485
1288	400.000	0.039	400.002	0.286	3.227	1771879823.774
1289	400.000	-0.021	399.997	0.897	1.320	1771879824.073
1290	400.000	0.004	399.996	0.918	4.098	1771879824.316
1291	400.000	0.011	400.000	1.961	1.417	1771879824.535
1292	400.000	0.016	400.000	0.769	4.081	1771879824.811
1293	400.000	0.001	400.001	0.358	2.122	1771879825.062
1294	400.000	-0.007	399.997	1.194	1.361	1771879825.314
1295	400.000	0.019	400.000	1.117	4.063	1771879825.567
1296	400.000	-0.006	399.998	1.611	1.539	1771879825.802
1297	400.000	0.018	400.004	0.335	4.069	1771879826.079
1298	400.000	-0.009	400.000	0.467	2.193	1771879826.390
1299	400.000	0.001	400.001	0.732	1.331	1771879826.624
1300	400.000	0.008	400.000	1.162	4.141	1771879826.868
1301	400.000	-0.002	400.000	1.802	1.486	1771879827.117
1302	400.000	0.006	400.000	0.621	4.010	1771879827.385
1303	400.000	0.036	400.002	0.318	3.051	1771879827.647
1304	400.000	0.043	400.000	1.404	1.372	1771879827.875
1305	400.000	0.011	399.997	1.096	4.035	1771879828.161
1306	400.000	-0.020	400.001	1.689	1.548	1771879828.385
1307	400.000	-0.036	399.994	0.285	4.053	1771879828.646
1308	400.000	-0.009	400.003	0.374	3.518	1771879828.888
1309	400.000	-0.017	400.001	1.519	1.375	1771879829.159
1310	400.000	-0.005	399.999	1.143	4.101	1771879829.403
1311	400.000	-0.014	400.000	1.694	1.463	1771879829.703
1312	400.000	-0.017	400.001	0.942	4.141	1771879829.951
1313	400.000	0.021	400.001	0.403	2.112	1771879830.234
1314	400.000	-0.033	400.000	0.986	1.404	1771879830.523
1315	400.000	0.026	400.000	0.568	3.727	1771879830.801
1316	400.000	0.004	399.999	1.417	1.384	1771879831.102
1317	400.000	-0.034	400.002	1.087	4.040	1771879831.351
1318	400.000	-0.026	400.000	1.730	1.454	1771879831.612
1319	400.000	0.022	400.004	0.344	4.150	1771879831.841
1320	400.000	-0.004	400.002	0.414	3.606	1771879832.089
1321	400.000	0.028	400.003	1.617	1.395	1771879832.344
1322	400.000	0.005	400.000	1.226	4.101	1771879832.609
1323	400.000	0.053	400.004	1.460	1.467	1771879832.853
1324	400.000	-0.066	399.999	0.058	1.055	1771879833.079
1325	400.000	-0.010	399.999	0.695	3.806	1771879833.349
1326	400.000	0.013	399.998	1.834	1.412	1771879833.586
1327	400.000	0.001	400.003	1.005	4.169	1771879833.843
1328	400.000	-0.021	400.005	0.626	1.747	1771879834.097
1329	400.000	-0.027	400.000	0.806	1.386	1771879834.323
1330	400.000	-0.000	399.999	1.134	4.007	1771879834.586
1331	400.000	-0.009	399.998	1.666	1.443	1771879834.825
1332	400.000	0.024	400.005	0.348	4.074	1771879835.100
1333	400.000	-0.001	399.997	0.255	3.018	1771879835.326
1334	400.000	0.023	400.000	1.581	1.439	1771879835.614
1335	400.000	0.009	400.004	1.129	4.125	1771879835.845
1336	400.000	0.011	400.001	1.203	1.569	1771879836.091
1337	400.000	-0.043	400.001	0.391	1.600	1771879836.334
1338	400.000	0.030	399.999	0.854	3.974	1771879836.579
1339	400.000	0.029	400.001	1.782	1.444	1771879836.843
1340	400.000	0.035	399.995	0.995	4.095	1771879837.092
1341	400.000	0.028	400.001	1.038	1.579	1771879837.345
1342	400.000	0.049	399.997	0.246	1.452	1771879837.598
1343	400.000	-0.065	400.000	0.688	3.756	1771879837.842
1344	400.000	0.006	399.999	1.844	1.437	1771879838.106
1345	400.000	0.021	399.997	1.143	4.162	1771879838.345
1346	400.000	0.021	399.998	0.594	1.637	1771879838.594
1347	400.000	0.016	399.998	1.045	1.413	1771879838.830
1348	400.000	-0.029	400.002	1.092	4.083	1771879839.095
1349	400.000	0.018	400.006	1.784	1.483	1771879839.353
1350	400.000	-0.021	399.997	0.920	4.230	1771879839.598
1351	400.000	0.001	400.002	0.406	1.849	1771879839.848
1352	400.000	-0.020	400.001	1.431	1.446	1771879840.098
1353	400.000	0.039	399.999	1.139	4.054	1771879840.354
1354	400.000	-0.092	400.001	1.591	1.470	1771879840.593
1355	400.000	-0.002	400.000	0.049	4.046	1771879840.837
1356	400.000	-0.017	400.000	0.427	3.419	1771879841.142
1357	400.000	0.021	400.002	1.329	1.403	1771879841.396
1358	400.000	-0.056	400.003	0.970	3.994	1771879841.712
1359	400.000	-0.003	400.003	1.677	1.420	1771879842.021
1360	400.000	0.042	400.000	1.171	4.036	1771879842.256
1361	400.000	0.010	399.998	1.551	1.448	1771879842.494
1362	400.000	0.037	400.002	0.413	4.222	1771879842.760
1363	400.000	-0.035	400.001	0.308	3.316	1771879843.002
1364	400.000	0.028	400.001	1.866	1.378	1771879843.260
1365	400.000	0.001	400.001	1.212	4.117	1771879843.512
1366	400.000	0.000	399.999	1.273	1.545	1771879843.758
1367	400.000	0.027	400.004	0.157	1.866	1771879844.015
1368	400.000	-0.018	400.000	0.914	3.970	1771879844.246
1369	400.000	0.000	399.996	1.897	1.419	1771879844.499
1370	400.000	-0.042	400.001	1.024	4.213	1771879844.756
1371	400.000	0.029	400.001	0.475	1.793	1771879845.023
1372	400.000	0.009	400.001	1.183	1.264	1771879845.262
1373	400.000	-0.061	399.998	1.216	3.991	1771879845.513
1374	400.000	-0.009	399.999	1.694	1.358	1771879845.744
1375	400.000	-0.046	399.998	0.350	4.156	1771879846.011
1376	400.000	-0.062	399.999	0.363	3.293	1771879846.250
1377	400.000	-0.010	400.000	1.855	1.427	1771879846.483
1378	400.000	0.049	399.998	1.073	4.100	1771879846.754
1379	400.000	0.006	400.002	1.233	1.350	1771879846.995
1380	400.000	-0.029	399.998	0.671	1.391	1771879847.244
1381	400.000	-0.037	399.999	0.644	3.622	1771879847.516
1382	400.000	-0.006	399.999	1.714	1.400	1771879847.750
1383	400.000	0.031	399.998	1.126	4.210	1771879847.997
1384	400.000	0.013	400.002	1.020	1.495	1771879848.293
1385	400.000	0.022	400.002	0.123	1.812	1771879848.537
1386	400.000	0.007	399.998	0.596	3.709	1771879848.813
1387	400.000	0.056	400.002	1.620	1.366	1771879849.069
1388	400.000	-0.033	400.001	1.173	4.197	1771879849.311
1389	400.000	0.031	399.996	1.144	1.480	1771879849.563
1390	400.000	-0.086	399.998	0.224	1.916	1771879849.792
1391	400.000	0.018	399.998	0.835	3.926	1771879850.056
1392	400.000	0.027	400.001	1.765	1.431	1771879850.308
1393	400.000	0.005	400.005	0.796	4.166	1771879850.559
1394	400.000	-0.046	400.004	0.625	1.769	1771879850.800
1395	400.000	0.034	399.998	1.211	1.352	1771879851.053
1396	400.000	0.064	399.998	1.136	4.051	1771879851.301
1397	400.000	-0.005	399.998	1.689	1.481	1771879851.532
1398	400.000	-0.054	400.002	0.343	3.787	1771879851.804
1399	400.000	0.045	400.000	0.320	2.856	1771879852.035
1400	400.000	-0.045	400.001	1.645	1.448	1771879852.295
1401	400.000	0.037	400.000	1.168	4.080	1771879852.548
1402	400.000	0.047	400.001	0.618	1.550	1771879852.777
1403	400.000	0.019	400.001	1.132	1.481	1771879853.031
1404	400.000	-0.042	400.000	0.853	3.884	1771879853.296
1405	400.000	-0.019	400.002	1.836	1.341	1771879853.548
1406	400.000	0.046	399.998	0.944	4.157	1771879853.821
1407	400.000	0.022	400.000	1.353	1.416	1771879854.131
1408	400.000	-0.009	399.999	0.263	3.865	1771879854.365
1409	400.000	-0.028	399.999	0.493	3.551	1771879854.596
1410	400.000	0.002	400.001	1.759	1.265	1771879854.845
1411	400.000	-0.015	400.000	1.078	4.091	1771879855.147
1412	400.000	-0.052	399.999	1.504	1.259	1771879855.438
1413	400.000	0.007	399.998	0.585	4.002	1771879855.681
1414	400.000	-0.013	400.000	0.283	2.588	1771879855.911
1415	400.000	-0.020	400.003	1.772	1.331	1771879856.171
1416	400.000	0.033	400.000	1.305	4.064	1771879856.414
1417	400.000	0.077	400.002	1.063	1.397	1771879856.663
1418	400.000	-0.012	399.999	0.083	2.608	1771879856.934
1419	400.000	-0.027	399.998	0.493	3.562	1771879857.208
1420	400.000	-0.037	399.999	1.462	1.318	1771879857.485
1421	400.000	0.034	399.997	1.313	4.054	1771879857.742
1422	400.000	0.017	400.000	1.233	1.303	1771879857.985
1423	400.000	-0.022	399.997	0.633	1.400	1771879858.251
1424	400.000	-0.012	400.000	0.735	3.777	1771879858.479
1425	400.000	-0.020	400.001	1.883	1.283	1771879858.751
1426	400.000	-0.049	399.999	1.217	4.124	1771879859.009
1427	400.000	-0.012	400.000	1.195	1.356	1771879859.311
1428	400.000	-0.033	399.997	0.199	2.260	1771879859.537
1429	400.000	-0.050	400.002	0.712	3.707	1771879859.803
1430	400.000	0.010	400.002	1.715	1.271	1771879860.043
1431	400.000	0.041	399.996	1.307	4.023	1771879860.313
1432	400.000	-0.006	399.997	1.350	1.265	1771879860.535
1433	400.000	-0.046	400.000	0.517	1.557	1771879860.792
1434	400.000	-0.002	399.998	0.789	3.681	1771879861.045
1435	400.000	-0.003	400.002	1.883	1.238	1771879861.306
1436	400.000	0.009	400.001	1.156	4.002	1771879861.623
1437	400.000	0.003	400.002	1.576	1.201	1771879861.874
1438	400.000	0.006	400.002	0.121	2.416	1771879862.130
1439	400.000	-0.010	400.003	0.347	2.109	1771879862.421
1440	400.000	0.049	399.998	1.149	1.236	1771879862.671
1441	400.000	0.002	400.001	1.183	3.934	1771879862.941
1442	400.000	0.001	400.002	1.786	1.195	1771879863.225
1443	400.000	0.046	400.001	1.061	3.959	1771879863.503
1444	400.000	0.013	400.000	0.890	1.329	1771879863.747
1445	400.000	0.035	400.002	0.397	1.579	1771879864.021
1446	400.000	0.015	400.000	0.541	3.415	1771879864.331
1447	400.000	0.043	400.003	1.256	1.318	1771879864.611
1448	400.000	0.048	400.004	1.250	4.003	1771879864.870
1449	400.000	-0.088	400.000	1.708	1.267	1771879865.124
1450	400.000	-0.004	400.004	0.731	4.111	1771879865.385
1451	400.000	-0.034	399.994	0.326	2.219	1771879865.632
1452	400.000	-0.053	400.001	1.870	1.131	1771879865.881
1453	400.000	-0.025	400.000	0.892	1.265	1771879866.152
1454	400.000	-0.013	400.002	0.802	3.723	1771879866.377
1455	400.000	-0.026	400.002	1.799	1.171	1771879866.647
1456	400.000	-0.000	400.003	1.546	1.238	1771879866.880
1457	400.000	-0.006	399.997	0.972	3.737	1771879867.153
1458	400.000	-0.034	399.997	1.597	1.213	1771879867.413
1459	400.000	0.021	400.002	0.766	3.672	1771879867.699
1460	400.000	0.024	399.997	1.835	1.253	1771879867.932
1461	400.000	0.027	399.996	0.547	3.601	1771879868.201
1462	400.000	-0.016	399.996	0.253	2.484	1771879868.464
1463	400.000	-0.016	400.002	1.024	1.268	1771879868.765
1464	400.000	-0.016	400.002	0.757	3.787	1771879869.074
1465	400.000	-0.008	400.000	1.787	1.249	1771879869.339
1466	400.000	-0.040	400.002	1.088	3.853	1771879869.601
1467	400.000	0.002	399.998	1.368	1.255	1771879869.860
1468	400.000	0.019	399.999	0.313	3.127	1771879870.162
1469	400.000	-0.079	400.003	0.300	2.838	1771879870.396
1470	400.000	-0.030	399.999	1.830	1.164	1771879870.643
1471	400.000	-0.060	399.998	0.940	3.835	1771879870.886
1472	400.000	0.018	400.002	1.018	1.258	1771879871.157
1473	400.000	0.044	400.004	0.251	3.096	1771879871.416
1474	400.000	0.024	400.002	0.499	3.265	1771879871.670
1475	400.000	0.042	400.000	1.723	1.143	1771879871.896
1476	400.000	-0.025	400.001	1.127	3.875	1771879872.153
1477	400.000	0.034	399.997	1.391	1.196	1771879872.425
1478	400.000	-0.016	399.997	0.500	1.586	1771879872.665
1479	400.000	-0.005	400.001	0.934	3.696	1771879872.927
1480	400.000	0.060	400.000	1.844	1.167	1771879873.161
1481	400.000	-0.046	399.999	0.610	3.708	1771879873.428
1482	400.000	-0.019	400.002	0.329	1.934	1771879873.680
1483	400.000	0.030	399.998	1.053	1.291	1771879873.920
1484	400.000	0.016	399.999	1.062	3.822	1771879874.178
1485	400.000	-0.039	400.003	1.316	1.154	1771879874.404
1486	400.000	0.015	400.002	0.850	1.417	1771879874.670
1487	400.000	0.004	400.002	1.043	3.692	1771879874.913
1488	400.000	-0.002	400.000	1.694	1.204	1771879875.169
1489	400.000	0.006	400.000	0.737	3.647	1771879875.419
1490	400.000	-0.045	400.003	0.345	1.549	1771879875.669
1491	400.000	-0.057	400.001	0.936	1.346	1771879875.934
1492	400.000	0.011	399.998	0.993	3.712	1771879876.210
1493	400.000	-0.043	400.003	1.925	1.189	1771879876.443
1494	400.000	0.022	400.000	0.675	3.596	1771879876.708
1495	400.000	-0.002	400.000	0.145	2.059	1771879876.943
1496	400.000	-0.044	400.002	1.625	1.211	1771879877.175
1497	400.000	-0.021	400.000	1.126	3.695	1771879877.454
1498	400.000	-0.013	399.997	1.127	1.087	1771879877.681
1499	400.000	-0.004	400.002	0.563	1.534	1771879877.950
1500	400.000	-0.001	400.001	0.772	3.630	1771879878.185
1501	400.000	-0.024	400.003	1.739	1.198	1771879878.421
1502	400.000	-0.030	399.998	1.113	3.787	1771879878.695
1503	400.000	-0.046	399.999	1.497	1.171	1771879878.926
1504	400.000	0.012	400.000	0.376	1.759	1771879879.187
1505	400.000	-0.035	400.002	0.793	3.616	1771879879.436
1506	400.000	-0.007	400.002	1.737	1.084	1771879879.713
1507	400.000	0.019	399.998	0.942	3.739	1771879879.993
1508	400.000	0.007	400.000	1.490	1.158	1771879880.273
1509	400.000	0.022	400.002	0.431	3.294	1771879880.514
1510	400.000	-0.014	399.999	0.335	1.749	1771879880.845
1511	400.000	-0.005	399.999	0.395	1.781	1771879881.145
1512	400.000	0.032	399.998	0.271	2.256	1771879881.464
1513	400.000	0.035	400.000	0.643	1.411	1771879881.774
1514	400.000	-0.057	400.000	0.612	3.455	1771879882.056
1515	400.000	0.017	400.004	1.544	1.099	1771879882.327
1516	400.000	-0.043	400.001	1.119	3.734	1771879882.554
1517	400.000	-0.038	399.998	1.122	1.061	1771879882.811
1518	400.000	0.049	400.003	0.506	1.599	1771879883.063
1519	400.000	0.016	399.997	0.646	3.589	1771879883.293
1520	400.000	0.040	400.001	1.823	1.076	1771879883.551
1521	400.000	0.017	400.001	0.226	2.195	1771879883.809
1522	400.000	0.037	400.001	0.917	3.658	1771879884.056
1523	400.000	-0.007	399.998	1.477	1.096	1771879884.296
1524	400.000	0.030	400.000	0.420	2.828	1771879884.572
1525	400.000	-0.043	399.998	1.224	1.164	1771879884.826
1526	400.000	0.021	400.002	0.248	2.551	1771879885.068
1527	400.000	0.033	400.001	0.355	2.911	1771879885.311
1528	400.000	-0.002	399.999	1.665	1.097	1771879885.570
1529	400.000	-0.051	400.000	1.062	3.730	1771879885.883
1530	400.000	0.038	399.999	1.152	1.091	1771879886.137
1531	400.000	0.012	400.002	0.390	1.599	1771879886.380
1532	400.000	-0.006	399.995	0.777	3.653	1771879886.604
1533	400.000	0.026	399.996	1.665	1.156	1771879886.878
1534	400.000	-0.037	400.000	0.917	3.734	1771879887.130
1535	400.000	0.006	400.002	0.380	1.656	1771879887.385
1536	400.000	0.055	399.998	1.170	1.292	1771879887.618
1537	400.000	-0.013	399.999	1.127	3.741	1771879887.889
1538	400.000	-0.043	400.001	1.436	1.097	1771879888.145
1539	400.000	-0.000	400.000	0.474	3.357	1771879888.446
1540	400.000	-0.008	399.998	1.036	1.172	1771879888.706
1541	400.000	0.008	399.999	0.465	3.380	1771879889.009
1542	400.000	-0.012	400.001	0.352	1.829	1771879889.231
1543	400.000	-0.024	399.999	1.745	1.044	1771879889.508
1544	400.000	0.020	399.997	0.829	1.360	1771879889.741
1545	400.000	-0.007	400.001	1.028	3.597	1771879890.022
1546	400.000	-0.001	400.004	1.112	0.980	1771879890.338
1547	400.000	-0.003	399.998	0.634	3.462	1771879890.620
1548	400.000	-0.011	400.000	1.593	1.080	1771879890.898
1549	400.000	-0.039	399.999	0.917	3.652	1771879891.203
1550	400.000	-0.004	400.004	1.730	1.065	1771879891.489
1551	400.000	-0.012	400.001	0.849	1.430	1771879891.763
1552	400.000	0.050	399.995	0.691	3.372	1771879892.004
1553	400.000	0.014	400.000	1.136	3.491	1771879892.261
1554	400.000	0.026	400.000	1.061	3.470	1771879892.492
1555	400.000	-0.008	399.999	1.098	3.484	1771879892.747
1556	400.000	0.025	400.001	1.241	3.545	1771879892.990
1557	400.000	-0.065	400.000	1.157	3.643	1771879893.213
1558	400.000	-0.066	399.999	1.167	3.551	1771879893.519
1559	400.000	-0.027	400.001	1.093	3.507	1771879893.815
1560	400.000	0.023	400.000	1.076	3.511	1771879894.080
1561	400.000	-0.021	399.999	1.230	3.479	1771879894.309
1562	400.000	-0.033	400.001	1.069	3.460	1771879894.576
1563	400.000	0.024	400.001	1.147	3.485	1771879894.792
1564	400.000	-0.041	400.000	1.085	3.472	1771879895.070
1565	400.000	-0.041	400.002	1.049	3.539	1771879895.319
1566	400.000	-0.047	400.001	1.134	3.437	1771879895.583
1567	400.000	-0.055	399.999	1.152	3.468	1771879895.869
1568	400.000	0.048	400.001	1.171	3.528	1771879896.133
1569	400.000	0.004	400.000	1.123	3.456	1771879896.340
1570	400.000	-0.032	400.002	1.124	3.493	1771879896.629
1571	400.000	-0.037	400.003	1.139	3.494	1771879896.877
1572	400.000	0.015	399.999	1.005	3.462	1771879897.140
1573	400.000	0.013	400.001	1.121	3.500	1771879897.390
1574	400.000	0.016	400.000	1.194	3.480	1771879897.601
1575	400.000	-0.016	399.997	1.119	3.476	1771879897.916
1576	400.000	0.046	400.000	1.186	3.492	1771879898.178
1577	400.000	0.021	400.002	1.076	3.429	1771879898.463
1578	400.000	0.009	399.999	1.168	3.479	1771879898.722
1579	400.000	0.024	400.000	1.155	3.489	1771879898.967
1580	400.000	0.044	399.996	1.142	3.448	1771879899.197
1581	400.000	0.026	399.998	1.156	3.441	1771879899.509
1582	400.000	0.032	400.000	1.087	3.441	1771879899.826
1583	400.000	-0.057	400.003	1.178	3.476	1771879900.118
1584	400.000	-0.038	400.001	1.206	3.416	1771879900.390
1585	400.000	0.007	400.000	1.137	3.451	1771879900.688
1586	400.000	-0.005	400.000	1.066	3.357	1771879900.920
1587	400.000	-0.017	399.999	1.183	3.406	1771879901.175
1588	400.000	0.010	399.998	1.176	3.493	1771879901.427
1589	400.000	0.031	400.000	1.152	3.436	1771879901.744
1590	400.000	0.044	399.997	1.163	3.411	1771879901.974
1591	400.000	-0.033	400.000	1.201	3.495	1771879902.239
1592	400.000	-0.011	399.998	1.172	3.436	1771879902.468
1593	400.000	-0.016	400.000	1.157	3.390	1771879902.739
1594	400.000	-0.019	400.002	1.226	3.406	1771879902.988
1595	400.000	-0.001	400.001	1.143	3.401	1771879903.239
1596	400.000	-0.013	400.000	1.055	3.388	1771879903.494
1597	400.000	0.022	399.999	1.152	3.415	1771879903.741
1598	400.000	0.032	400.000	1.127	3.422	1771879903.993
1599	400.000	-0.010	399.995	1.083	3.382	1771879904.224
1600	400.000	0.002	399.997	1.081	3.451	1771879904.490
1601	400.000	-0.028	400.001	1.164	3.419	1771879904.727
1602	400.000	0.003	400.001	1.094	3.442	1771879904.990
1603	400.000	0.027	399.998	1.069	3.493	1771879905.242
1604	400.000	0.048	399.999	1.092	3.504	1771879905.542
1605	400.000	-0.011	400.001	1.167	3.410	1771879905.800
1606	400.000	-0.022	400.002	1.129	3.439	1771879906.061
1607	400.000	-0.018	400.000	1.159	3.422	1771879906.306
1608	400.000	-0.043	399.999	1.194	3.433	1771879906.552
1609	400.000	0.015	399.999	1.111	3.495	1771879906.803
1610	400.000	-0.017	400.001	1.105	3.432	1771879907.033
1611	400.000	0.021	400.000	1.120	3.419	1771879907.534
1612	400.000	-0.017	400.000	1.109	3.378	1771879907.773
1613	400.000	0.009	400.001	1.139	3.426	1771879908.060
1614	400.000	-0.037	400.001	1.178	3.431	1771879908.303
1615	400.000	-0.012	400.001	1.210	3.489	1771879908.554
1616	400.000	-0.010	400.001	1.159	3.393	1771879908.806
1617	400.000	0.018	399.998	1.244	3.469	1771879909.048
1618	400.000	-0.056	400.000	1.108	3.440	1771879909.300
1619	400.000	-0.032	400.002	1.070	3.469	1771879909.618
1620	400.000	-0.035	400.002	1.181	3.451	1771879909.937
1621	400.000	0.013	400.002	1.077	3.422	1771879910.242
1622	400.000	0.034	400.002	1.134	3.449	1771879910.473
1623	400.000	-0.002	400.001	1.197	3.485	1771879910.748
1624	400.000	0.017	400.000	1.172	3.518	1771879911.017
1625	400.000	0.014	400.000	1.115	3.423	1771879911.282
1626	400.000	-0.052	399.998	1.129	3.437	1771879911.570
1627	400.000	-0.014	399.998	1.129	3.435	1771879911.834
1628	400.000	0.010	400.000	1.134	3.402	1771879912.046
1629	400.000	0.004	400.001	1.076	3.399	1771879912.341
1630	400.000	0.007	399.998	1.169	3.409	1771879912.573
1631	400.000	0.009	399.999	1.202	3.420	1771879912.835
1632	400.000	0.005	399.999	1.057	3.424	1771879913.085
1633	400.000	-0.027	399.999	1.135	3.438	1771879913.316
1634	400.000	0.026	400.000	1.134	3.342	1771879913.584
1635	400.000	-0.002	399.997	1.051	3.401	1771879913.813
1636	400.000	-0.008	400.000	1.115	3.432	1771879914.095
1637	400.000	0.005	400.002	1.138	3.364	1771879914.406
1638	400.000	0.010	400.001	1.191	3.391	1771879914.683
1639	400.000	-0.032	400.001	1.157	3.378	1771879914.959
1640	400.000	0.006	400.003	1.194	3.347	1771879915.212
1641	400.000	-0.018	400.000	1.067	3.452	1771879915.515
1642	400.000	-0.001	400.000	1.140	3.326	1771879915.795
1643	400.000	-0.001	400.003	1.086	3.379	1771879916.078
1644	400.000	-0.042	400.001	1.163	3.471	1771879916.361
1645	400.000	0.034	400.000	1.120	3.434	1771879916.653
1646	400.000	0.002	400.000	1.105	3.457	1771879916.908
1647	400.000	-0.017	400.000	1.121	3.427	1771879917.135
1648	400.000	-0.017	400.000	1.033	3.400	1771879917.417
1649	400.000	0.031	399.999	1.099	3.405	1771879917.642
1650	400.000	-0.014	399.995	1.144	3.428	1771879917.912
1651	400.000	0.012	399.999	1.054	3.417	1771879918.167
1652	400.000	-0.003	400.001	1.102	3.410	1771879918.408
1653	400.000	-0.018	400.002	1.074	3.460	1771879918.680
1654	400.000	-0.012	399.998	1.120	3.390	1771879918.920
1655	400.000	-0.035	399.999	1.102	3.399	1771879919.165
1656	400.000	0.005	399.999	1.104	3.408	1771879919.403
1657	400.000	0.013	400.001	1.133	3.514	1771879919.673
1658	400.000	-0.008	400.001	1.127	3.427	1771879919.921
1659	400.000	-0.005	399.999	1.130	3.478	1771879920.157
1660	400.000	0.035	400.001	1.127	3.410	1771879920.416
1661	400.000	-0.058	399.999	1.112	3.447	1771879920.677
1662	400.000	0.032	400.004	1.099	3.365	1771879920.921
1663	400.000	-0.046	400.000	1.102	3.423	1771879921.138
1664	400.000	-0.015	400.003	1.128	3.470	1771879921.424
1665	400.000	0.000	399.998	1.082	3.439	1771879921.675
1666	400.000	0.004	400.001	1.164	3.390	1771879921.979
1667	400.000	-0.037	400.001	1.152	3.378	1771879922.209
1668	400.000	0.042	400.001	1.148	3.410	1771879922.479
1669	400.000	-0.029	400.001	1.078	3.418	1771879922.714
1670	400.000	-0.006	399.996	1.130	3.503	1771879922.986
1671	400.000	-0.004	400.001	1.103	3.469	1771879923.243
1672	400.000	0.028	399.999	1.209	3.432	1771879923.553
1673	400.000	-0.001	400.002	1.112	3.477	1771879923.844
1674	400.000	0.005	399.996	1.204	3.524	1771879924.091
1675	400.000	-0.016	400.001	1.138	3.445	1771879924.361
1676	400.000	0.001	399.998	1.190	3.458	1771879924.596
1677	400.000	-0.015	400.001	1.059	3.406	1771879924.818
1678	400.000	-0.008	399.998	1.132	3.402	1771879925.104
1679	400.000	-0.012	399.999	1.142	3.472	1771879925.343
1680	400.000	0.013	400.002	1.121	3.420	1771879925.604
1681	400.000	-0.002	400.000	1.149	3.432	1771879925.866
1682	400.000	0.030	400.001	1.049	3.441	1771879926.169
1683	400.000	0.007	400.001	1.123	3.463	1771879926.386
1684	400.000	0.005	399.998	1.088	3.430	1771879926.673
1685	400.000	0.009	399.998	1.091	3.387	1771879926.930
1686	400.000	-0.030	400.000	1.089	3.396	1771879927.228
1687	400.000	0.016	399.999	1.200	3.424	1771879927.468
1688	400.000	0.006	400.000	1.174	3.349	1771879927.771
1689	400.000	0.015	400.001	1.195	3.424	1771879928.041
1690	400.000	0.016	400.003	1.171	3.423	1771879928.266
1691	400.000	-0.025	399.999	1.106	3.428	1771879928.522
1692	400.000	0.016	399.999	1.142	3.474	1771879928.776
1693	400.000	-0.007	400.001	1.089	3.432	1771879929.029
1694	400.000	0.017	400.001	1.086	3.417	1771879929.334
1695	400.000	-0.023	400.001	1.180	3.435	1771879929.554
1696	400.000	-0.007	400.000	1.152	3.416	1771879929.838
1697	400.000	-0.003	399.999	1.203	3.478	1771879930.075
1698	400.000	-0.005	399.998	1.152	3.431	1771879930.367
1699	400.000	-0.016	400.001	1.089	3.432	1771879930.659
1700	400.000	0.011	400.001	1.217	3.447	1771879930.919
1701	400.000	-0.041	399.999	1.076	3.429	1771879931.191
1702	400.000	-0.032	400.002	1.082	3.431	1771879931.478
1703	400.000	-0.023	399.998	1.168	3.369	1771879931.735
1704	400.000	0.054	400.001	1.127	3.438	1771879931.982
1705	400.000	-0.011	399.998	1.226	3.438	1771879932.232
1706	400.000	0.047	400.001	1.148	3.379	1771879932.495
1707	400.000	-0.058	400.000	1.158	3.469	1771879932.808
1708	400.000	-0.014	400.002	1.160	3.448	1771879933.105
1709	400.000	0.020	399.998	1.166	3.482	1771879933.360
1710	400.000	-0.011	400.000	1.118	3.416	1771879933.590
1711	400.000	-0.003	400.002	1.116	3.410	1771879933.841
1712	400.000	-0.030	399.997	1.100	3.516	1771879934.087
1713	400.000	0.004	400.003	1.097	3.362	1771879934.354
1714	400.000	0.023	400.000	1.083	3.507	1771879934.596
1715	400.000	0.021	400.002	1.175	3.483	1771879934.843
1716	400.000	0.011	399.999	1.155	3.385	1771879935.095
1717	400.000	0.005	399.998	1.175	3.393	1771879935.339
1718	400.000	-0.032	399.998	1.181	3.442	1771879935.589
1719	400.000	0.014	400.001	1.154	3.408	1771879935.847
1720	400.000	0.036	399.997	1.051	3.450	1771879936.096
1721	400.000	-0.023	400.002	1.089	3.383	1771879936.326
1722	400.000	-0.030	400.000	1.141	3.384	1771879936.607
1723	400.000	-0.001	399.999	1.111	3.374	1771879936.842
1724	400.000	0.040	399.999	1.145	3.520	1771879937.098
1725	400.000	-0.023	400.001	1.116	3.385	1771879937.344
1726	400.000	0.020	399.998	1.104	3.385	1771879937.574
1727	400.000	0.011	400.001	1.077	3.321	1771879937.841
1728	400.000	0.011	400.001	1.118	3.388	1771879938.099
1729	400.000	-0.004	400.001	1.096	3.359	1771879938.402
1730	400.000	-0.003	400.000	1.127	3.345	1771879938.657
1731	400.000	0.008	400.001	1.189	3.390	1771879938.929
1732	400.000	-0.025	400.001	1.103	3.373	1771879939.155
1733	400.000	0.019	399.999	1.114	3.321	1771879939.423
1734	400.000	-0.035	400.001	1.125	3.310	1771879939.658
1735	400.000	0.050	400.001	1.124	3.347	1771879939.928
1736	400.000	0.009	400.000	1.055	3.259	1771879940.188
1737	400.000	0.018	400.001	1.163	3.366	1771879940.444
1738	400.000	0.003	400.001	1.097	3.338	1771879940.698
1739	400.000	-0.012	399.997	1.141	3.320	1771879940.953
1740	400.000	0.018	399.998	1.125	3.302	1771879941.220
1741	400.000	0.040	400.000	1.119	3.373	1771879941.517
1742	400.000	-0.003	399.997	1.097	3.336	1771879941.750
1743	400.000	-0.022	400.003	1.094	3.293	1771879942.013
1744	400.000	-0.012	400.004	1.129	3.380	1771879942.266
1745	400.000	-0.008	400.006	1.062	3.355	1771879942.576
1746	400.000	0.015	399.998	1.106	3.451	1771879942.841
1747	400.000	0.011	399.997	1.148	3.355	1771879943.120
1748	400.000	-0.017	399.999	1.144	3.416	1771879943.381
1749	400.000	0.025	399.996	1.118	3.332	1771879943.624
1750	400.000	0.009	400.000	1.127	3.284	1771879943.862
1751	400.000	-0.009	399.997	1.162	3.324	1771879944.153
1752	400.000	-0.034	400.000	1.141	3.373	1771879944.453
1753	400.000	0.005	400.000	1.039	3.345	1771879944.678
1754	400.000	0.014	400.001	1.073	3.344	1771879944.927
1755	400.000	0.031	400.001	1.202	3.308	1771879945.195
1756	400.000	0.021	400.002	1.116	3.462	1771879945.420
1757	400.000	0.008	400.004	1.242	3.411	1771879945.682
1758	400.000	0.015	399.999	1.144	3.385	1771879945.939
1759	400.000	0.033	399.999	1.070	3.328	1771879946.203
1760	400.000	0.078	400.004	1.149	3.392	1771879946.460
1761	400.000	-0.004	399.995	1.140	3.390	1771879946.708
1762	400.000	-0.038	399.996	1.111	3.483	1771879946.964
1763	400.000	-0.007	400.001	1.105	3.377	1771879947.201
1764	400.000	0.060	400.001	1.161	3.396	1771879947.492
1765	400.000	0.036	400.002	1.041	3.439	1771879947.732
1766	400.000	-0.040	400.000	1.144	3.395	1771879948.009
1767	400.000	0.036	399.998	1.154	3.472	1771879948.308
1768	400.000	0.007	400.000	1.081	3.477	1771879948.557
1769	400.000	0.022	399.999	1.114	3.424	1771879948.812
1770	400.000	-0.003	400.000	1.158	3.416	1771879949.063
1771	400.000	-0.002	400.003	1.179	3.383	1771879949.302
1772	400.000	-0.018	400.002	1.078	3.347	1771879949.558
1773	400.000	-0.037	399.996	1.167	3.432	1771879949.807
1774	400.000	0.001	400.001	1.075	3.465	1771879950.060
1775	400.000	0.041	400.002	1.043	3.418	1771879950.320
1776	400.000	-0.047	400.002	1.192	3.394	1771879950.564
1777	400.000	-0.004	400.000	1.171	3.509	1771879950.781
1778	400.000	-0.027	400.002	1.190	3.417	1771879951.045
1779	400.000	0.002	400.001	1.133	3.422	1771879951.315
1780	400.000	-0.029	399.999	1.100	3.448	1771879951.540
1781	400.000	0.015	399.998	1.074	3.374	1771879951.787
1782	400.000	0.017	399.997	1.100	3.418	1771879952.042
1783	400.000	0.008	400.000	1.050	3.450	1771879952.292
1784	400.000	0.021	400.002	1.181	3.401	1771879952.553
1785	400.000	-0.010	400.001	1.024	3.287	1771879952.787
1786	400.000	0.013	400.002	1.105	3.317	1771879953.067
1787	400.000	0.015	400.000	1.158	3.387	1771879953.365
1788	400.000	0.028	399.999	1.161	3.359	1771879953.613
1789	400.000	0.020	400.002	1.145	3.315	1771879953.843
1790	400.000	0.021	400.001	1.121	3.291	1771879954.104
1791	400.000	0.010	400.003	1.047	3.211	1771879954.362
1792	400.000	0.025	399.999	1.096	3.392	1771879954.649
1793	400.000	-0.012	399.995	1.201	3.423	1771879954.930
1794	400.000	-0.003	399.997	1.198	3.396	1771879955.187
1795	400.000	-0.050	400.000	1.204	3.403	1771879955.459
1796	400.000	0.007	400.000	1.136	3.353	1771879955.711
1797	400.000	-0.021	399.998	1.077	3.368	1771879955.953
1798	400.000	-0.037	400.004	1.101	3.393	1771879956.223
1799	400.000	-0.000	400.000	1.205	3.374	1771879956.449
1800	400.000	-0.004	400.003	1.076	3.443	1771879956.726
1801	400.000	-0.018	399.998	1.093	3.320	1771879956.970
1802	400.000	0.023	400.000	1.115	3.322	1771879957.231
1803	400.000	0.019	400.001	1.137	3.335	1771879957.489
1804	400.000	-0.027	400.000	1.077	3.340	1771879957.733
1805	400.000	0.051	400.002	1.068	3.379	1771879958.016
1806	400.000	0.052	400.003	1.171	3.351	1771879958.312
1807	400.000	0.028	399.999	1.025	3.263	1771879958.557
1808	400.000	0.045	400.003	1.128	3.274	1771879958.873
1809	400.000	-0.029	400.000	1.096	3.325	1771879959.116
1810	400.000	0.029	400.005	1.138	3.320	1771879959.370
1811	400.000	0.013	399.999	1.168	3.305	1771879959.598
1812	400.000	0.013	400.000	1.104	3.344	1771879959.880
1813	400.000	0.017	400.001	1.138	3.295	1771879960.141
1814	400.000	0.044	399.998	1.147	3.314	1771879960.431
1815	400.000	-0.039	399.999	1.208	3.286	1771879960.685
1816	400.000	-0.059	400.001	1.107	3.333	1771879960.985
1817	400.000	-0.013	400.000	1.111	3.370	1771879961.236
1818	400.000	0.044	400.003	1.125	3.385	1771879961.496
1819	400.000	-0.007	399.998	1.106	3.305	1771879961.729
1820	400.000	-0.020	400.003	1.120	3.359	1771879961.975
1821	400.000	0.024	399.998	1.129	3.281	1771879962.234
1822	400.000	0.011	400.000	1.155	3.320	1771879962.492
1823	400.000	-0.055	400.002	1.126	3.391	1771879962.717
1824	400.000	0.035	399.999	1.189	3.285	1771879962.985
1825	400.000	0.037	400.001	1.113	3.443	1771879963.238
1826	400.000	-0.038	400.001	1.200	3.402	1771879963.467
1827	400.000	-0.004	399.999	1.153	3.404	1771879963.748
1828	400.000	-0.008	400.000	1.076	3.348	1771879963.964
1829	400.000	-0.010	400.003	1.104	3.347	1771879964.245
1830	400.000	-0.020	399.998	1.163	3.303	1771879964.467
1831	400.000	-0.012	400.001	1.170	3.330	1771879964.745
1832	400.000	-0.006	400.000	1.035	3.399	1771879964.968
1833	400.000	-0.016	399.997	1.034	3.307	1771879965.222
1834	400.000	-0.039	400.002	1.168	3.372	1771879965.489
1835	400.000	-0.002	400.000	1.106	3.323	1771879965.723
