Point No.	Frequency Set (GHz)	THz Photocurrent (nA)	Frequency Act (GHz)	Amplitude (via StrMod)	Phase (via StrMod)	Timestamp (s)
1	500.000	0.011	500.000	1.885	5.153	1771616099.631
2	500.000	0.059	499.998	2.002	5.088	1771616099.843
3	500.000	-0.014	500.001	1.935	5.169	1771616100.036
4	500.000	-0.012	500.002	1.941	5.075	1771616100.235
5	500.000	-0.042	500.002	1.905	5.087	1771616100.490
6	500.000	-0.027	500.000	1.879	5.144	1771616100.729
7	500.000	0.004	500.001	1.906	5.150	1771616100.948
8	500.000	0.028	500.001	1.926	5.083	1771616101.169
9	500.000	-0.002	499.999	1.995	5.120	1771616101.419
10	500.000	-0.030	500.000	1.939	5.113	1771616101.643
11	500.000	-0.013	499.998	1.979	5.074	1771616101.870
12	500.000	0.039	500.001	1.940	5.110	1771616102.117
13	500.000	-0.031	500.005	1.948	5.085	1771616102.328
14	500.000	-0.041	499.999	1.903	5.143	1771616102.525
15	500.000	0.043	500.003	1.902	5.138	1771616102.800
16	500.000	0.023	499.997	1.909	5.148	1771616103.025
17	500.000	0.057	500.000	1.892	5.077	1771616103.226
18	500.000	-0.053	500.000	1.937	5.129	1771616103.523
19	500.000	-0.015	500.000	1.960	5.114	1771616103.737
20	500.000	0.002	500.000	1.946	5.151	1771616103.997
21	500.000	0.004	500.000	1.930	5.103	1771616104.223
22	500.000	-0.031	500.000	1.867	5.103	1771616104.413
23	500.000	0.098	500.002	1.933	5.114	1771616104.669
24	500.000	0.013	500.002	1.877	5.172	1771616104.910
25	500.000	0.033	499.999	1.937	5.090	1771616105.144
26	500.000	-0.045	500.001	1.918	5.072	1771616105.370
27	500.000	-0.048	500.001	1.877	5.097	1771616105.607
28	500.000	0.011	500.002	1.979	5.061	1771616105.838
29	500.000	0.072	500.003	1.967	5.062	1771616106.120
30	500.000	0.015	499.999	1.987	5.128	1771616106.366
31	500.000	0.039	499.998	1.981	5.124	1771616106.615
32	500.000	0.036	499.999	1.919	5.103	1771616106.879
33	500.000	0.007	500.002	1.980	5.086	1771616107.106
34	500.000	-0.047	500.001	1.926	5.070	1771616107.361
35	500.000	0.039	500.000	1.900	5.096	1771616107.607
36	500.000	0.005	499.998	1.933	5.141	1771616107.869
37	500.000	0.028	499.999	1.868	5.117	1771616108.093
38	500.000	-0.024	500.001	1.887	5.120	1771616108.294
39	500.000	-0.056	500.000	1.940	5.104	1771616108.550
40	500.000	-0.027	500.001	1.931	5.100	1771616108.781
41	500.000	-0.014	500.000	1.863	5.118	1771616108.977
42	500.000	0.019	499.999	1.942	5.072	1771616109.233
43	500.000	-0.023	500.003	1.861	5.115	1771616109.468
44	500.000	-0.016	500.001	1.958	5.195	1771616109.663
45	500.000	-0.005	499.996	1.793	5.114	1771616109.916
46	500.000	-0.008	499.998	1.825	5.130	1771616110.177
47	500.000	0.053	499.999	1.925	5.197	1771616110.406
48	500.000	0.031	500.001	1.937	5.156	1771616110.663
49	500.000	-0.048	500.003	1.895	5.114	1771616110.921
50	500.000	-0.034	499.999	1.877	5.081	1771616111.167
51	500.000	-0.025	499.995	1.921	5.173	1771616111.407
52	500.000	0.013	499.999	1.937	5.146	1771616111.661
53	500.000	0.045	500.001	1.938	5.113	1771616111.875
54	500.000	0.001	500.000	1.868	5.098	1771616112.098
55	500.000	-0.043	500.001	1.925	5.132	1771616112.274
56	500.000	0.006	500.001	1.782	5.159	1771616112.454
57	500.000	-0.045	500.003	1.988	5.118	1771616112.663
58	500.000	0.010	499.996	1.923	5.103	1771616112.928
59	500.000	-0.021	499.997	1.875	5.112	1771616113.171
60	500.000	-0.006	500.002	1.862	5.118	1771616113.426
61	500.000	-0.012	500.001	1.818	5.053	1771616113.684
62	500.000	-0.011	500.001	2.002	5.075	1771616113.922
63	500.000	-0.001	500.002	1.955	5.082	1771616114.168
64	500.000	0.008	500.000	1.887	5.085	1771616114.414
65	500.000	0.020	499.999	1.935	5.111	1771616114.663
66	500.000	-0.018	500.001	1.949	5.110	1771616114.913
67	500.000	0.026	500.000	1.952	5.124	1771616115.180
68	500.000	-0.079	500.001	1.950	5.084	1771616115.453
69	500.000	0.043	500.000	1.941	5.184	1771616115.668
70	500.000	-0.043	500.000	1.919	5.154	1771616115.922
71	500.000	-0.012	499.999	1.913	5.121	1771616116.159
72	500.000	0.049	500.000	1.860	5.139	1771616116.422
73	500.000	0.010	500.000	1.853	5.139	1771616116.664
74	500.000	-0.035	500.001	1.896	5.117	1771616116.930
75	500.000	0.007	500.001	1.873	5.111	1771616117.191
76	500.000	-0.065	500.002	1.851	5.134	1771616117.425
77	500.000	-0.010	500.000	1.886	5.112	1771616117.676
78	500.000	-0.011	500.000	1.807	5.136	1771616117.908
79	500.000	0.008	500.001	1.889	5.115	1771616118.169
80	500.000	0.021	500.000	1.922	5.126	1771616118.415
81	500.000	-0.032	499.996	1.965	5.121	1771616118.672
82	500.000	0.015	499.997	1.913	5.084	1771616118.924
83	500.000	0.025	499.997	1.892	5.138	1771616119.203
84	500.000	-0.037	500.000	1.915	5.142	1771616119.425
85	500.000	-0.003	500.002	1.950	5.118	1771616119.637
86	500.000	-0.010	500.002	1.901	5.099	1771616119.841
87	500.000	0.008	499.994	1.928	5.110	1771616120.046
88	500.000	0.032	500.000	1.970	5.087	1771616120.291
89	500.000	-0.008	500.002	1.894	5.112	1771616120.485
90	500.000	-0.037	500.003	1.959	5.137	1771616120.685
91	500.000	-0.005	500.000	1.944	5.106	1771616120.928
92	500.000	-0.024	500.000	1.858	5.149	1771616121.125
93	500.000	-0.010	500.000	1.992	5.092	1771616121.376
94	500.000	0.047	500.001	1.921	5.119	1771616121.601
95	500.000	-0.014	500.001	1.942	5.093	1771616121.811
96	500.000	0.035	500.000	1.954	5.105	1771616122.051
97	500.000	-0.044	500.000	1.994	5.127	1771616122.281
98	500.000	0.031	499.999	1.970	5.144	1771616122.477
99	500.000	-0.015	499.996	1.922	5.132	1771616122.758
100	500.000	0.050	499.998	1.965	5.079	1771616123.006
101	500.000	-0.044	500.001	1.961	5.133	1771616123.269
102	500.000	0.019	500.001	1.877	5.080	1771616123.486
103	500.000	-0.014	499.999	1.940	5.120	1771616123.755
104	500.000	-0.018	500.001	1.914	5.086	1771616124.011
105	500.000	0.021	500.001	1.854	5.125	1771616124.243
106	500.000	0.032	500.000	1.888	5.119	1771616124.487
107	500.000	0.056	500.001	1.917	5.099	1771616124.725
108	500.000	-0.042	500.001	1.860	5.133	1771616124.926
109	500.000	0.003	500.001	1.925	5.138	1771616125.190
110	500.000	-0.011	499.999	1.891	5.102	1771616125.412
111	500.000	-0.076	500.000	2.012	5.150	1771616125.602
112	500.000	-0.053	500.001	1.939	5.125	1771616125.883
113	500.000	0.003	500.003	1.892	5.136	1771616126.116
114	500.000	-0.055	499.997	1.948	5.095	1771616126.367
115	500.000	0.001	500.000	2.026	5.232	1771616126.571
116	500.000	0.014	500.000	1.849	5.129	1771616126.802
117	500.000	-0.012	499.996	1.859	5.103	1771616126.983
118	500.000	0.012	500.003	1.917	5.145	1771616127.200
119	500.000	-0.014	500.000	1.974	5.069	1771616127.448
120	500.000	-0.026	500.001	1.983	5.116	1771616127.679
121	500.000	0.052	500.003	1.955	5.127	1771616127.891
122	500.000	0.019	499.999	1.982	5.127	1771616128.121
123	500.000	0.025	500.000	1.966	5.060	1771616128.364
124	500.000	-0.030	500.000	1.890	5.113	1771616128.565
125	500.000	-0.036	499.997	1.963	5.146	1771616128.794
126	500.000	-0.035	500.000	1.959	5.096	1771616129.043
127	500.000	-0.016	500.002	2.005	5.108	1771616129.304
128	500.000	-0.031	500.001	1.965	5.081	1771616129.555
129	500.000	-0.004	500.001	1.990	5.129	1771616129.774
130	500.000	-0.004	500.000	1.969	5.085	1771616129.966
131	500.000	0.001	500.001	2.045	5.094	1771616130.202
132	500.000	0.032	499.999	1.909	5.110	1771616130.419
133	500.000	0.031	500.002	1.874	5.144	1771616130.613
134	500.000	0.015	500.001	1.875	5.106	1771616130.891
135	500.000	0.019	499.997	2.003	5.082	1771616131.135
136	500.000	0.009	500.002	1.937	5.143	1771616131.353
137	500.000	-0.011	500.002	1.879	5.162	1771616131.545
138	500.000	0.005	500.000	1.879	5.167	1771616131.791
139	500.000	0.031	499.999	1.877	5.108	1771616132.003
140	500.000	0.018	500.002	2.007	5.120	1771616132.237
141	500.000	-0.052	500.002	1.981	5.147	1771616132.522
142	500.000	0.049	499.999	1.919	5.120	1771616132.734
143	500.000	-0.015	500.001	1.918	5.099	1771616132.928
144	500.000	0.002	500.000	1.892	5.119	1771616133.183
145	500.000	-0.010	499.997	1.888	5.171	1771616133.423
146	500.000	0.041	500.001	1.930	5.124	1771616133.612
147	500.000	-0.015	500.002	1.960	5.102	1771616133.810
148	500.000	-0.002	500.000	1.877	5.114	1771616134.075
149	500.000	-0.040	500.001	2.001	5.124	1771616134.301
150	500.000	0.004	500.000	1.891	5.156	1771616134.539
151	500.000	0.000	500.004	1.899	5.127	1771616134.810
152	500.000	0.019	499.997	1.970	5.138	1771616135.061
153	500.000	0.036	500.001	1.870	5.133	1771616135.300
154	500.000	0.044	499.999	1.913	5.073	1771616135.535
155	500.000	-0.042	499.998	1.976	5.142	1771616135.730
156	500.000	-0.029	500.002	1.899	5.105	1771616135.983
157	500.000	0.015	500.001	2.030	5.083	1771616136.178
158	500.000	-0.000	499.998	1.932	5.119	1771616136.423
159	500.000	-0.005	499.998	1.940	5.117	1771616136.672
160	500.000	0.010	499.993	1.849	5.189	1771616136.885
161	500.000	-0.021	500.000	1.827	5.148	1771616137.122
162	500.000	-0.055	500.002	1.911	5.153	1771616137.375
163	500.000	0.038	499.999	1.881	5.150	1771616137.644
164	500.000	-0.018	500.000	1.950	5.082	1771616137.874
165	500.000	-0.022	499.999	1.920	5.156	1771616138.133
166	500.000	0.001	500.001	1.967	5.134	1771616138.375
167	500.000	0.016	500.001	1.916	5.114	1771616138.638
168	500.000	0.004	499.998	2.023	5.073	1771616138.876
169	500.000	-0.061	500.001	1.937	5.088	1771616139.124
170	500.000	-0.013	499.999	1.904	5.163	1771616139.368
171	500.000	0.031	500.001	1.964	5.080	1771616139.615
172	500.000	0.003	499.999	1.945	5.089	1771616139.882
173	500.000	-0.027	499.998	1.866	5.091	1771616140.117
174	500.000	-0.023	500.005	1.946	5.109	1771616140.363
175	500.000	0.020	499.998	1.984	5.157	1771616140.626
176	500.000	0.002	500.003	1.984	5.085	1771616140.871
177	500.000	-0.019	500.000	1.932	5.137	1771616141.133
178	500.000	0.027	499.999	1.961	5.129	1771616141.389
179	500.000	-0.036	499.999	1.871	5.192	1771616141.629
180	500.000	0.019	499.999	1.888	5.121	1771616141.868
181	500.000	0.054	500.002	1.940	5.103	1771616142.127
182	500.000	0.027	499.998	1.841	5.106	1771616142.382
183	500.000	-0.040	499.999	1.885	5.129	1771616142.636
184	500.000	-0.055	500.000	1.932	5.092	1771616142.871
185	500.000	0.093	500.003	1.933	5.139	1771616143.095
186	500.000	0.024	499.999	1.966	5.157	1771616143.320
187	500.000	-0.037	500.000	1.874	5.137	1771616143.565
188	500.000	-0.022	499.996	1.898	5.113	1771616143.802
189	500.000	-0.012	500.000	2.028	5.095	1771616144.058
190	500.000	-0.009	500.000	1.927	5.144	1771616144.298
191	500.000	-0.002	499.999	1.954	5.099	1771616144.512
192	500.000	0.049	499.998	1.871	5.109	1771616144.760
193	500.000	0.014	500.000	1.908	5.104	1771616144.970
194	500.000	-0.006	500.001	1.991	5.032	1771616145.182
195	500.000	-0.084	499.999	1.985	5.150	1771616145.429
196	500.000	0.023	500.003	1.988	5.147	1771616145.671
197	500.000	-0.018	500.000	1.952	5.125	1771616145.945
198	500.000	-0.025	500.003	1.989	5.144	1771616146.190
199	500.000	-0.045	499.998	1.983	5.172	1771616146.423
200	500.000	0.020	500.000	2.007	5.148	1771616146.677
201	500.000	-0.031	500.001	1.948	5.150	1771616146.938
202	500.000	-0.048	500.002	1.944	5.166	1771616147.184
203	500.000	-0.019	499.997	1.931	5.117	1771616147.436
204	500.000	-0.009	499.997	1.952	5.142	1771616147.679
205	500.000	-0.013	500.000	1.866	5.133	1771616147.927
206	500.000	0.025	500.002	1.979	5.117	1771616148.187
207	500.000	0.025	500.000	1.897	5.103	1771616148.447
208	500.000	-0.023	500.002	1.853	5.120	1771616148.682
209	500.000	-0.042	500.001	1.928	5.151	1771616148.936
210	500.000	0.003	499.998	1.857	5.129	1771616149.196
211	500.000	0.004	499.999	1.869	5.132	1771616149.466
212	500.000	-0.027	499.997	1.974	5.144	1771616149.684
213	500.000	-0.028	499.999	1.962	5.171	1771616149.931
214	500.000	-0.056	500.001	1.938	5.137	1771616150.179
215	500.000	-0.005	500.001	1.985	5.113	1771616150.427
216	500.000	0.009	499.999	1.905	5.137	1771616150.619
217	500.000	-0.033	499.999	1.941	5.143	1771616150.887
218	500.000	-0.040	500.000	1.903	5.138	1771616151.134
219	500.000	0.003	499.998	2.026	5.119	1771616151.410
220	500.000	0.020	500.002	1.983	5.188	1771616151.623
221	500.000	0.002	499.998	1.924	5.131	1771616151.830
222	500.000	0.006	499.999	1.903	5.093	1771616152.100
223	500.000	-0.030	500.002	2.009	5.117	1771616152.318
224	500.000	0.019	500.000	1.953	5.160	1771616152.521
225	500.000	-0.069	500.000	1.872	5.141	1771616152.770
226	500.000	-0.047	500.000	1.928	5.113	1771616153.050
227	500.000	-0.013	500.000	1.883	5.119	1771616153.341
228	500.000	0.023	500.002	2.075	5.118	1771616153.553
229	500.000	0.031	499.999	2.013	5.139	1771616153.738
230	500.000	-0.046	500.000	1.845	5.124	1771616153.935
231	500.000	-0.005	500.004	1.951	5.124	1771616154.199
232	500.000	-0.010	499.996	1.928	5.113	1771616154.434
233	500.000	-0.025	500.000	2.005	5.150	1771616154.624
234	500.000	0.007	500.003	1.929	5.127	1771616154.876
235	500.000	0.012	500.003	1.943	5.107	1771616155.080
236	500.000	0.015	499.997	1.969	5.177	1771616155.313
237	500.000	0.066	499.999	2.024	5.138	1771616155.593
238	500.000	-0.003	499.999	2.004	5.136	1771616155.832
239	500.000	-0.018	500.002	1.992	5.092	1771616156.076
240	500.000	0.058	500.000	1.936	5.133	1771616156.347
241	500.000	0.005	500.002	1.941	5.150	1771616156.554
242	500.000	-0.016	500.000	1.965	5.106	1771616156.792
243	500.000	-0.028	500.001	1.995	5.142	1771616157.018
244	500.000	0.024	500.002	1.956	5.165	1771616157.266
245	500.000	-0.036	500.000	1.950	5.147	1771616157.530
246	500.000	0.016	500.000	1.924	5.112	1771616157.776
247	500.000	-0.033	500.001	1.953	5.114	1771616158.019
248	500.000	-0.046	500.000	1.935	5.132	1771616158.262
249	500.000	-0.013	499.999	1.932	5.154	1771616158.539
250	500.000	-0.004	499.999	1.836	5.090	1771616158.750
251	500.000	-0.035	500.003	1.944	5.121	1771616158.953
252	500.000	0.042	499.998	1.956	5.144	1771616159.185
253	500.000	0.034	499.999	1.907	5.174	1771616159.377
254	500.000	0.036	499.998	1.869	5.119	1771616159.641
255	500.000	-0.024	500.001	1.934	5.092	1771616159.891
256	500.000	0.006	499.998	1.933	5.078	1771616160.148
257	500.000	0.028	500.002	1.986	5.123	1771616160.388
258	500.000	0.022	500.001	1.989	5.124	1771616160.643
259	500.000	0.014	500.000	1.925	5.143	1771616160.904
260	500.000	-0.025	500.001	1.859	5.073	1771616161.144
261	500.000	0.024	499.998	1.923	5.119	1771616161.404
262	500.000	-0.005	500.001	2.013	5.130	1771616161.646
263	500.000	0.038	500.003	1.990	5.097	1771616161.896
264	500.000	-0.030	500.001	1.954	5.129	1771616162.124
265	500.000	0.064	499.999	1.832	5.148	1771616162.325
266	500.000	0.035	499.999	1.948	5.101	1771616162.581
267	500.000	-0.026	500.001	1.881	5.113	1771616162.825
268	500.000	0.002	499.999	1.934	5.088	1771616163.065
269	500.000	0.065	500.002	1.927	5.112	1771616163.348
270	500.000	-0.041	500.000	1.978	5.091	1771616163.583
271	500.000	0.019	499.997	1.979	5.068	1771616163.835
272	500.000	0.004	500.004	1.969	5.055	1771616164.070
273	500.000	0.001	499.998	1.978	5.119	1771616164.351
274	500.000	-0.058	500.001	2.012	5.119	1771616164.574
275	500.000	0.025	499.996	1.948	5.127	1771616164.844
276	500.000	0.027	500.002	2.009	5.080	1771616165.074
277	500.000	0.018	500.000	1.899	5.140	1771616165.326
278	500.000	-0.025	500.000	1.896	5.109	1771616165.578
279	500.000	-0.062	500.000	1.972	5.100	1771616165.818
280	500.000	0.004	499.996	1.979	5.087	1771616166.099
281	500.000	-0.035	500.003	1.977	5.156	1771616166.351
282	500.000	0.062	500.001	2.007	5.156	1771616166.589
283	500.000	0.032	499.999	1.854	5.182	1771616166.827
284	500.000	0.015	500.001	1.835	5.147	1771616167.099
285	500.000	0.000	500.000	1.895	5.116	1771616167.334
286	500.000	-0.025	500.003	1.880	5.129	1771616167.586
287	500.000	0.027	499.997	1.979	5.133	1771616167.843
288	500.000	-0.035	499.999	1.922	5.150	1771616168.075
289	500.000	-0.002	500.002	1.930	5.145	1771616168.331
290	500.000	0.041	499.997	1.902	5.118	1771616168.584
291	500.000	0.014	499.999	2.013	5.095	1771616168.814
292	500.000	-0.020	500.000	1.889	5.131	1771616168.988
293	500.000	0.047	499.997	1.993	5.120	1771616169.185
294	500.000	-0.016	500.002	1.908	5.119	1771616169.442
295	500.000	-0.032	499.996	1.949	5.130	1771616169.694
296	500.000	0.048	500.001	1.889	5.166	1771616169.940
297	500.000	0.036	500.002	1.921	5.131	1771616170.194
298	500.000	0.048	500.001	1.868	5.133	1771616170.445
299	500.000	0.001	499.998	1.858	5.109	1771616170.704
300	500.000	-0.023	499.996	1.964	5.091	1771616170.956
301	500.000	0.015	500.001	1.977	5.129	1771616171.205
302	500.000	-0.057	499.999	1.943	5.134	1771616171.456
303	500.000	-0.009	499.999	1.996	5.136	1771616171.714
304	500.000	0.010	499.999	1.894	5.173	1771616171.974
305	500.000	-0.030	499.998	1.909	5.143	1771616172.195
306	500.000	0.043	499.999	2.000	5.091	1771616172.389
307	500.000	0.013	499.999	1.990	5.142	1771616172.649
308	500.000	0.072	499.997	1.984	5.130	1771616172.890
309	500.000	0.057	500.001	1.923	5.125	1771616173.147
310	500.000	-0.001	499.999	1.965	5.082	1771616173.374
311	500.000	-0.002	500.002	2.045	5.063	1771616173.560
312	500.000	0.032	500.002	2.012	5.108	1771616173.803
313	500.000	-0.017	500.003	1.820	5.087	1771616174.018
314	500.000	0.010	500.001	1.968	5.128	1771616174.246
315	500.000	0.023	499.999	1.949	5.115	1771616174.525
316	500.000	0.070	500.000	1.957	5.142	1771616174.737
317	500.000	0.006	499.998	1.886	5.159	1771616174.945
318	500.000	0.001	499.999	1.914	5.153	1771616175.232
319	500.000	0.062	499.996	1.866	5.123	1771616175.442
320	500.000	0.021	499.997	1.968	5.135	1771616175.615
321	500.000	-0.074	499.999	1.842	5.180	1771616175.802
322	500.000	-0.013	499.999	1.931	5.149	1771616176.033
323	500.000	0.033	499.998	1.900	5.208	1771616176.253
324	500.000	-0.013	499.998	1.923	5.147	1771616176.530
325	500.000	0.059	500.000	2.062	5.091	1771616176.748
326	500.000	0.049	500.000	1.839	5.088	1771616176.931
327	500.000	-0.011	500.003	1.881	5.084	1771616177.137
328	500.000	-0.015	500.001	1.930	5.146	1771616177.370
329	500.000	0.037	499.997	1.949	5.150	1771616177.581
330	500.000	-0.011	499.998	1.917	5.126	1771616177.840
331	500.000	0.002	500.001	2.007	5.117	1771616178.040
332	500.000	-0.010	500.000	2.028	5.129	1771616178.245
333	500.000	-0.009	500.001	1.896	5.143	1771616178.522
334	500.000	-0.000	499.999	1.803	5.155	1771616178.747
335	500.000	0.020	500.004	1.919	5.062	1771616178.931
336	500.000	-0.022	499.999	2.024	5.080	1771616179.143
337	500.000	-0.029	499.999	2.005	5.089	1771616179.414
338	500.000	-0.020	500.005	1.992	5.092	1771616179.693
339	500.000	-0.003	500.001	1.829	5.156	1771616179.917
340	500.000	0.004	500.000	1.904	5.120	1771616180.175
341	500.000	0.009	499.999	2.020	5.128	1771616180.430
342	500.000	-0.021	499.998	1.979	5.120	1771616180.659
343	500.000	0.029	499.999	1.998	5.132	1771616180.931
344	500.000	0.011	499.996	1.977	5.138	1771616181.181
345	500.000	0.041	500.002	1.908	5.188	1771616181.408
346	500.000	0.026	499.999	1.993	5.100	1771616181.666
347	500.000	0.012	500.000	2.013	5.125	1771616181.923
348	500.000	-0.063	500.001	1.969	5.083	1771616182.175
349	500.000	-0.014	499.996	2.015	5.089	1771616182.420
350	500.000	-0.009	500.001	1.954	5.133	1771616182.667
351	500.000	-0.038	500.001	2.020	5.133	1771616182.916
352	500.000	0.032	500.002	2.003	5.113	1771616183.167
353	500.000	0.036	500.001	1.979	5.154	1771616183.424
354	500.000	0.037	500.001	1.956	5.128	1771616183.659
355	500.000	-0.030	500.000	1.936	5.176	1771616183.929
356	500.000	-0.000	500.001	1.928	5.085	1771616184.159
357	500.000	-0.026	500.002	1.926	5.153	1771616184.329
358	500.000	0.001	500.000	1.886	5.102	1771616184.548
359	500.000	0.045	500.002	1.953	5.125	1771616184.744
360	500.000	0.041	500.005	1.929	5.099	1771616185.011
361	500.000	0.019	500.001	1.993	5.100	1771616185.251
362	500.000	0.044	500.000	1.898	5.097	1771616185.506
363	500.000	-0.010	500.000	2.029	5.092	1771616185.743
364	500.000	0.002	499.998	1.968	5.124	1771616186.023
365	500.000	-0.046	500.001	1.918	5.123	1771616186.261
366	500.000	-0.016	499.999	1.865	5.102	1771616186.499
367	500.000	0.003	499.995	1.975	5.109	1771616186.754
368	500.000	-0.020	500.000	1.958	5.153	1771616186.987
369	500.000	-0.008	500.001	2.006	5.134	1771616187.247
370	500.000	0.012	500.001	1.995	5.104	1771616187.506
371	500.000	-0.067	499.997	1.939	5.157	1771616187.740
372	500.000	0.040	500.003	1.999	5.112	1771616187.995
373	500.000	0.010	500.000	1.978	5.114	1771616188.243
374	500.000	0.019	500.001	2.084	5.153	1771616188.470
375	500.000	-0.034	500.001	2.008	5.142	1771616188.672
376	500.000	0.025	499.997	2.027	5.113	1771616188.889
377	500.000	0.007	500.001	1.960	5.084	1771616189.126
378	500.000	-0.037	499.999	1.931	5.116	1771616189.377
379	500.000	0.035	500.000	1.923	5.133	1771616189.614
380	500.000	-0.023	499.996	1.922	5.159	1771616189.877
381	500.000	-0.029	500.000	1.938	5.122	1771616190.115
382	500.000	0.045	500.003	1.969	5.091	1771616190.376
383	500.000	-0.008	500.001	1.894	5.124	1771616190.635
384	500.000	-0.036	500.000	2.030	5.079	1771616190.864
385	500.000	-0.011	500.000	2.041	5.102	1771616191.122
386	500.000	-0.018	500.000	1.930	5.140	1771616191.347
387	500.000	-0.042	499.999	1.915	5.056	1771616191.572
388	500.000	-0.022	499.997	1.953	5.114	1771616191.818
389	500.000	0.010	499.999	2.002	5.080	1771616192.051
390	500.000	-0.033	500.000	1.969	5.119	1771616192.239
391	500.000	0.042	500.000	1.997	5.082	1771616192.534
392	500.000	0.063	500.002	1.999	5.024	1771616192.736
393	500.000	0.007	499.999	1.953	5.115	1771616192.948
394	500.000	-0.049	500.002	1.952	5.092	1771616193.198
395	500.000	-0.011	500.002	1.925	5.134	1771616193.444
396	500.000	0.003	500.003	1.965	5.126	1771616193.706
397	500.000	-0.000	500.000	1.893	5.082	1771616193.949
398	500.000	0.016	499.996	1.938	5.095	1771616194.205
399	500.000	-0.011	499.999	1.955	5.145	1771616194.430
400	500.000	0.022	499.999	1.940	5.105	1771616194.659
401	500.000	0.024	499.999	1.906	5.080	1771616194.913
402	500.000	0.044	500.000	1.930	5.115	1771616195.143
403	500.000	-0.004	500.000	1.909	5.134	1771616195.363
404	500.000	-0.051	500.001	1.949	5.099	1771616195.583
405	500.000	0.011	499.997	1.917	5.142	1771616195.855
406	500.000	0.030	499.998	1.979	5.093	1771616196.053
407	500.000	0.038	500.001	1.918	5.102	1771616196.248
408	500.000	-0.056	499.997	1.993	5.132	1771616196.426
409	500.000	0.028	500.000	2.091	5.049	1771616196.641
410	500.000	0.005	499.997	1.948	5.105	1771616196.886
411	500.000	-0.066	500.001	2.032	5.107	1771616197.123
412	500.000	-0.030	500.000	1.992	5.144	1771616197.408
413	500.000	-0.003	500.001	1.916	5.076	1771616197.637
414	500.000	-0.004	500.001	1.901	5.155	1771616197.882
415	500.000	0.011	500.000	1.937	5.120	1771616198.131
416	500.000	0.026	500.001	1.919	5.096	1771616198.379
417	500.000	-0.015	499.999	1.934	5.120	1771616198.637
418	500.000	-0.016	499.999	1.916	5.099	1771616198.865
419	500.000	0.028	499.997	1.953	5.141	1771616199.144
420	500.000	0.025	499.998	1.952	5.150	1771616199.388
421	500.000	-0.001	499.998	1.936	5.053	1771616199.627
422	500.000	-0.007	499.998	1.963	5.134	1771616199.820
423	500.000	0.013	499.999	2.031	5.101	1771616200.071
424	500.000	-0.033	499.999	1.921	5.155	1771616200.318
425	500.000	-0.029	500.001	1.933	5.085	1771616200.553
426	500.000	-0.001	499.997	1.956	5.046	1771616200.757
427	500.000	0.005	500.000	2.032	5.075	1771616200.974
428	500.000	-0.031	500.006	1.925	5.156	1771616201.231
429	500.000	0.012	500.001	1.944	5.121	1771616201.470
430	500.000	0.028	500.001	1.963	5.064	1771616201.721
431	500.000	-0.026	499.999	1.971	5.119	1771616201.986
432	500.000	0.001	499.999	1.963	5.143	1771616202.226
433	500.000	0.021	500.003	1.970	5.120	1771616202.462
434	500.000	-0.031	500.001	1.956	5.120	1771616202.656
435	500.000	0.008	500.001	1.970	5.119	1771616202.885
436	500.000	0.036	500.002	2.076	5.071	1771616203.160
437	500.000	0.012	499.998	1.984	5.091	1771616203.404
438	500.000	0.003	499.999	1.928	5.114	1771616203.661
439	500.000	0.039	500.001	1.899	5.129	1771616203.902
440	500.000	-0.005	500.000	1.968	5.078	1771616204.148
441	500.000	-0.016	500.000	1.947	5.104	1771616204.406
442	500.000	-0.035	500.000	1.920	5.095	1771616204.652
443	500.000	-0.002	500.002	2.005	5.136	1771616204.915
444	500.000	0.061	500.000	2.017	5.177	1771616205.146
445	500.000	-0.021	500.002	1.979	5.138	1771616205.397
446	500.000	0.017	499.997	1.953	5.089	1771616205.652
447	500.000	-0.047	500.001	1.954	5.084	1771616205.912
448	500.000	0.005	499.999	2.006	5.096	1771616206.153
449	500.000	0.044	500.004	1.907	5.091	1771616206.378
450	500.000	-0.066	500.001	1.964	5.111	1771616206.601
451	500.000	-0.030	500.001	2.051	5.114	1771616206.862
452	500.000	-0.012	500.003	1.913	5.113	1771616207.075
453	500.000	-0.018	500.001	1.905	5.116	1771616207.349
454	500.000	-0.028	500.000	1.967	5.089	1771616207.596
455	500.000	0.049	500.001	1.972	5.110	1771616207.859
456	500.000	0.019	500.000	1.940	5.120	1771616208.098
457	500.000	0.007	499.999	1.999	5.109	1771616208.335
458	500.000	0.007	499.999	1.942	5.110	1771616208.587
459	500.000	-0.040	499.998	1.903	5.074	1771616208.824
460	500.000	0.032	500.003	2.028	5.084	1771616209.095
461	500.000	0.016	500.001	1.982	5.123	1771616209.329
462	500.000	0.023	500.001	1.883	5.113	1771616209.512
463	500.000	0.005	499.998	1.928	5.158	1771616209.787
464	500.000	0.019	499.999	1.993	5.092	1771616210.023
465	500.000	0.027	499.998	1.955	5.137	1771616210.213
466	500.000	-0.036	499.997	1.941	5.096	1771616210.471
467	500.000	0.003	500.000	1.911	5.119	1771616210.723
468	500.000	-0.029	500.001	2.011	5.097	1771616210.974
469	500.000	0.011	500.000	1.958	5.148	1771616211.248
470	500.000	-0.010	499.999	2.062	5.016	1771616211.461
471	500.000	0.009	500.000	1.946	5.084	1771616211.719
472	500.000	0.014	499.995	1.996	5.125	1771616211.977
473	500.000	-0.001	500.001	1.864	5.139	1771616212.232
474	500.000	-0.045	499.996	1.982	5.157	1771616212.484
475	500.000	-0.005	500.002	1.901	5.094	1771616212.740
476	500.000	-0.004	500.001	1.975	5.112	1771616212.974
477	500.000	-0.049	500.000	1.902	5.099	1771616213.224
478	500.000	-0.032	500.001	2.019	5.129	1771616213.473
479	500.000	-0.021	500.000	1.910	5.140	1771616213.712
480	500.000	0.045	500.000	1.928	5.113	1771616213.963
481	500.000	0.028	500.001	2.022	5.029	1771616214.217
482	500.000	0.050	499.998	2.008	5.100	1771616214.464
483	500.000	0.047	499.999	1.971	5.111	1771616214.720
484	500.000	-0.006	500.005	2.013	5.118	1771616214.976
485	500.000	0.033	500.002	1.905	5.116	1771616215.204
486	500.000	0.006	500.001	1.969	5.101	1771616215.458
487	500.000	-0.024	499.996	1.894	5.108	1771616215.722
488	500.000	0.005	500.000	1.927	5.156	1771616215.957
489	500.000	-0.051	499.999	1.955	4.968	1771616216.155
490	500.000	-0.024	499.999	1.877	5.141	1771616216.413
491	500.000	-0.031	500.000	1.941	5.098	1771616216.661
492	500.000	0.006	500.001	2.034	5.139	1771616216.896
493	500.000	0.004	500.001	1.994	5.063	1771616217.117
494	500.000	0.016	499.999	1.914	5.077	1771616217.365
495	500.000	0.049	500.002	1.875	5.102	1771616217.613
496	500.000	0.025	500.000	1.905	5.073	1771616217.874
497	500.000	0.042	500.002	1.961	5.064	1771616218.097
498	500.000	0.042	500.002	2.043	5.026	1771616218.352
499	500.000	-0.043	500.005	2.053	5.045	1771616218.611
500	500.000	0.016	500.002	1.910	5.106	1771616218.853
501	500.000	0.039	499.998	1.987	5.089	1771616219.096
502	500.000	0.016	499.999	1.946	5.097	1771616219.369
503	500.000	0.015	499.999	1.949	5.108	1771616219.613
504	500.000	0.013	500.002	1.918	5.112	1771616219.868
505	500.000	-0.000	500.001	1.989	5.083	1771616220.107
506	500.000	0.026	500.000	2.007	5.054	1771616220.360
507	500.000	0.012	499.998	1.930	5.056	1771616220.616
508	500.000	-0.001	499.999	1.935	5.144	1771616220.881
509	500.000	-0.034	500.003	1.887	5.081	1771616221.115
510	500.000	-0.051	500.000	2.009	5.055	1771616221.375
511	500.000	0.014	499.999	2.017	5.054	1771616221.615
512	500.000	-0.009	500.001	1.987	5.089	1771616221.874
513	500.000	-0.021	500.000	1.958	5.119	1771616222.108
514	500.000	-0.020	500.000	1.962	5.070	1771616222.353
515	500.000	-0.065	500.000	1.890	5.068	1771616222.613
516	500.000	0.037	500.000	1.991	5.034	1771616222.881
517	500.000	-0.012	499.997	2.030	5.041	1771616223.115
518	500.000	0.038	500.000	1.915	5.089	1771616223.339
519	500.000	0.016	500.000	1.959	5.106	1771616223.611
520	500.000	-0.010	499.999	1.920	5.075	1771616223.856
521	500.000	-0.017	500.000	1.962	5.105	1771616224.127
522	500.000	-0.008	500.001	1.987	5.095	1771616224.369
523	500.000	0.008	500.000	1.906	5.113	1771616224.621
524	500.000	0.004	500.000	1.951	5.078	1771616224.844
525	500.000	-0.040	499.995	1.979	5.089	1771616225.041
526	500.000	-0.017	499.998	1.946	5.109	1771616225.235
527	500.000	-0.035	499.998	1.938	5.087	1771616225.413
528	500.000	-0.034	499.999	1.926	5.084	1771616225.674
529	500.000	0.006	499.998	1.981	5.132	1771616225.919
530	500.000	0.019	500.000	1.919	5.067	1771616226.181
531	500.000	-0.014	500.001	2.009	5.023	1771616226.416
532	500.000	0.016	500.002	2.029	5.042	1771616226.649
533	500.000	0.028	499.999	1.984	5.053	1771616226.845
534	500.000	-0.069	500.000	1.968	5.044	1771616227.093
535	500.000	0.011	500.005	1.927	5.081	1771616227.307
536	500.000	0.001	499.997	2.005	5.068	1771616227.532
537	500.000	-0.041	499.998	1.921	5.118	1771616227.713
538	500.000	0.015	499.998	1.944	5.095	1771616227.987
539	500.000	0.001	500.001	2.000	5.058	1771616228.226
540	500.000	-0.002	500.002	2.007	5.069	1771616228.497
541	500.000	0.021	499.998	1.977	5.079	1771616228.743
542	500.000	0.000	499.999	1.961	5.107	1771616228.989
543	500.000	0.002	499.999	1.962	5.056	1771616229.227
544	500.000	0.051	499.996	1.928	5.097	1771616229.470
545	500.000	0.001	500.001	1.953	5.062	1771616229.726
546	500.000	0.011	500.001	1.898	5.009	1771616229.931
547	500.000	0.013	500.003	1.907	5.124	1771616230.171
548	500.000	-0.036	500.002	1.907	5.112	1771616230.443
549	500.000	0.003	500.000	1.942	5.088	1771616230.691
550	500.000	-0.031	499.999	1.997	5.070	1771616230.935
551	500.000	0.015	500.000	1.995	5.082	1771616231.184
552	500.000	0.050	500.002	2.003	5.062	1771616231.436
553	500.000	-0.021	500.000	2.029	5.086	1771616231.681
554	500.000	-0.014	499.998	2.002	5.078	1771616231.909
555	500.000	0.009	500.000	1.961	5.051	1771616232.162
556	500.000	0.043	500.003	1.929	5.116	1771616232.417
557	500.000	0.077	499.998	2.019	5.052	1771616232.669
558	500.000	-0.056	500.000	1.971	5.046	1771616232.927
559	500.000	-0.029	499.999	1.996	5.055	1771616233.143
560	500.000	0.062	500.003	1.947	5.097	1771616233.429
561	500.000	-0.026	499.998	1.982	5.047	1771616233.651
562	500.000	0.020	500.001	1.988	5.090	1771616233.824
563	500.000	0.035	500.001	1.903	5.115	1771616234.024
564	500.000	0.051	500.000	1.950	5.013	1771616234.265
565	500.000	-0.056	500.007	1.927	5.068	1771616234.474
566	500.000	-0.033	499.999	1.922	5.064	1771616234.710
567	500.000	-0.029	500.003	2.045	5.072	1771616234.970
568	500.000	0.017	500.001	1.869	5.114	1771616235.218
569	500.000	-0.035	499.999	1.945	5.058	1771616235.455
570	500.000	0.002	500.004	1.891	5.088	1771616235.719
571	500.000	0.005	499.998	1.921	5.050	1771616235.982
572	500.000	-0.009	500.001	2.012	5.068	1771616236.205
573	500.000	-0.070	500.001	1.946	5.061	1771616236.431
574	500.000	0.038	500.000	1.957	5.147	1771616236.659
575	500.000	0.015	500.001	1.924	5.070	1771616236.892
576	500.000	-0.001	500.001	1.967	5.074	1771616237.125
577	500.000	-0.037	500.000	1.981	5.072	1771616237.346
578	500.000	0.007	499.999	1.950	5.030	1771616237.605
579	500.000	-0.010	500.000	1.924	5.076	1771616237.836
580	500.000	-0.029	499.996	2.047	5.096	1771616238.079
581	500.000	-0.068	500.000	1.907	5.107	1771616238.333
582	500.000	0.011	499.999	1.941	5.101	1771616238.589
583	500.000	-0.062	500.001	1.942	5.040	1771616238.821
584	500.000	-0.001	500.003	1.980	5.088	1771616239.067
585	500.000	-0.008	500.000	1.928	5.125	1771616239.313
586	500.000	-0.015	499.999	1.946	5.062	1771616239.591
587	500.000	-0.010	500.002	1.943	5.149	1771616239.833
588	500.000	0.019	499.998	1.969	5.051	1771616240.091
589	500.000	0.050	500.001	1.922	5.085	1771616240.350
590	500.000	-0.031	500.001	1.852	5.088	1771616240.588
591	500.000	0.029	500.001	1.914	5.091	1771616240.806
592	500.000	-0.039	500.003	1.979	5.040	1771616241.091
593	500.000	-0.029	500.001	1.994	5.047	1771616241.335
594	500.000	-0.045	500.003	2.029	5.069	1771616241.586
595	500.000	0.015	500.004	1.969	5.114	1771616241.837
596	500.000	0.006	499.996	2.015	5.115	1771616242.091
597	500.000	-0.026	499.999	1.984	5.053	1771616242.319
598	500.000	-0.022	500.000	1.909	5.101	1771616242.583
599	500.000	-0.009	500.002	1.972	5.081	1771616242.830
600	500.000	-0.057	500.003	2.008	5.059	1771616243.062
601	500.000	0.009	500.001	1.982	5.125	1771616243.320
602	500.000	-0.028	500.002	2.012	5.106	1771616243.581
603	500.000	-0.010	499.998	1.900	5.050	1771616243.829
604	500.000	0.026	500.003	1.958	5.113	1771616244.093
605	500.000	0.022	499.997	1.980	5.097	1771616244.319
606	500.000	0.006	500.002	1.970	5.079	1771616244.565
607	500.000	0.010	500.000	1.978	5.148	1771616244.809
608	500.000	-0.012	500.001	1.981	5.071	1771616245.100
609	500.000	-0.030	499.999	1.847	5.134	1771616245.306
610	500.000	0.022	500.000	2.030	5.033	1771616245.510
611	500.000	-0.006	499.995	1.931	5.058	1771616245.780
612	500.000	0.074	500.001	1.873	5.090	1771616246.011
613	500.000	-0.011	499.996	2.012	5.061	1771616246.284
614	500.000	0.008	500.000	1.907	5.139	1771616246.534
615	500.000	-0.010	499.994	1.997	5.114	1771616246.782
616	500.000	0.003	500.002	1.967	5.047	1771616247.025
617	500.000	-0.010	499.998	1.986	5.071	1771616247.297
618	500.000	0.026	500.000	1.922	5.091	1771616247.522
619	500.000	0.084	500.001	1.976	5.076	1771616247.763
620	500.000	0.002	500.005	2.025	5.107	1771616248.034
621	500.000	0.001	500.003	1.939	5.090	1771616248.297
622	500.000	0.021	499.999	1.999	5.113	1771616248.530
623	500.000	-0.054	500.003	1.968	5.043	1771616248.790
624	500.000	-0.012	500.000	1.960	5.129	1771616249.043
625	500.000	-0.088	499.999	1.892	5.181	1771616249.270
626	500.000	-0.037	500.000	1.897	5.119	1771616249.510
627	500.000	-0.035	499.999	1.936	5.042	1771616249.725
628	500.000	0.008	499.995	1.999	5.100	1771616249.979
629	500.000	0.041	500.000	2.102	5.089	1771616250.206
630	500.000	0.062	500.000	1.906	5.076	1771616250.463
631	500.000	-0.025	500.000	1.997	5.023	1771616250.706
632	500.000	0.051	499.999	1.968	5.087	1771616250.961
633	500.000	0.009	499.996	2.000	5.065	1771616251.154
634	500.000	-0.041	500.001	2.052	5.061	1771616251.388
635	500.000	-0.025	500.000	1.988	5.011	1771616251.579
636	500.000	-0.008	500.000	1.930	5.102	1771616251.857
637	500.000	-0.022	500.000	2.032	5.064	1771616252.089
638	500.000	0.024	500.002	1.940	5.069	1771616252.362
639	500.000	-0.033	499.997	2.014	5.107	1771616252.598
640	500.000	0.057	499.999	1.855	5.098	1771616252.838
641	500.000	-0.027	500.002	1.877	5.066	1771616253.082
642	500.000	0.063	500.000	1.894	5.162	1771616253.303
643	500.000	-0.026	500.002	1.966	5.112	1771616253.531
644	500.000	0.048	500.003	1.916	5.084	1771616253.787
645	500.000	0.057	499.999	1.960	5.037	1771616253.989
646	500.000	-0.022	499.999	2.017	5.059	1771616254.228
647	500.000	0.028	499.997	2.049	5.050	1771616254.498
648	500.000	-0.029	500.004	1.984	5.108	1771616254.720
649	500.000	-0.065	499.999	1.905	5.110	1771616254.903
650	500.000	0.027	500.002	1.947	5.081	1771616255.080
651	500.000	-0.019	500.002	2.008	5.128	1771616255.294
652	500.000	-0.013	500.001	2.002	5.067	1771616255.559
653	500.000	0.023	499.999	1.944	5.133	1771616255.803
654	500.000	0.092	499.999	1.966	5.121	1771616256.052
655	500.000	-0.033	499.999	1.995	5.096	1771616256.313
656	500.000	-0.000	500.001	1.969	5.070	1771616256.542
657	500.000	0.081	500.005	2.022	5.123	1771616256.795
658	500.000	0.039	500.001	1.962	5.113	1771616257.028
659	500.000	0.040	499.999	2.032	5.050	1771616257.285
660	500.000	-0.037	499.999	2.018	5.107	1771616257.540
661	500.000	-0.022	500.002	1.957	5.122	1771616257.801
662	500.000	0.061	499.999	1.955	5.121	1771616258.052
663	500.000	0.020	500.001	1.946	5.112	1771616258.295
664	500.000	-0.061	500.000	1.946	5.083	1771616258.536
665	500.000	0.064	499.998	1.882	5.131	1771616258.781
666	500.000	0.002	500.002	1.961	5.064	1771616259.049
667	500.000	0.014	500.002	1.968	5.090	1771616259.286
668	500.000	0.047	500.001	1.915	5.132	1771616259.553
669	500.000	0.042	500.002	1.912	5.119	1771616259.788
670	500.000	0.012	500.000	1.919	5.073	1771616260.024
671	500.000	0.021	500.000	1.968	5.051	1771616260.270
672	500.000	0.003	500.000	2.121	5.043	1771616260.489
673	500.000	0.032	500.002	1.948	5.065	1771616260.718
674	500.000	0.107	499.999	1.996	5.077	1771616260.966
675	500.000	0.008	500.001	1.918	5.099	1771616261.234
676	500.000	0.081	500.001	1.983	5.148	1771616261.464
677	500.000	-0.003	499.999	2.023	5.101	1771616261.724
678	500.000	0.039	500.002	1.990	5.117	1771616261.973
679	500.000	-0.015	500.001	1.967	5.180	1771616262.232
680	500.000	-0.013	499.997	2.020	5.095	1771616262.468
681	500.000	-0.029	500.004	1.916	5.063	1771616262.714
682	500.000	0.004	499.997	1.967	5.058	1771616262.978
683	500.000	-0.058	499.999	1.963	5.054	1771616263.224
684	500.000	0.021	500.000	1.924	5.115	1771616263.471
685	500.000	0.065	500.000	1.966	5.075	1771616263.729
686	500.000	0.002	499.999	1.996	5.100	1771616263.978
687	500.000	0.008	499.999	1.968	5.090	1771616264.212
688	500.000	-0.057	500.001	1.986	5.093	1771616264.465
689	500.000	-0.034	500.000	1.935	5.115	1771616264.723
690	500.000	-0.005	499.999	1.972	5.044	1771616264.963
691	500.000	-0.042	499.999	1.914	5.072	1771616265.158
692	500.000	0.016	500.002	1.966	5.068	1771616265.418
693	500.000	0.055	499.999	2.064	5.088	1771616265.688
694	500.000	-0.024	500.001	1.909	5.078	1771616265.913
695	500.000	0.023	500.000	2.012	5.133	1771616266.105
696	500.000	-0.022	499.999	1.906	5.107	1771616266.364
697	500.000	0.034	500.000	1.953	5.071	1771616266.633
698	500.000	0.070	500.003	1.964	5.071	1771616266.873
699	500.000	0.021	499.998	1.916	5.099	1771616267.121
700	500.000	-0.061	499.999	2.007	5.113	1771616267.348
701	500.000	0.035	500.002	1.892	5.140	1771616267.609
702	500.000	0.002	500.001	1.980	5.074	1771616267.860
703	500.000	-0.033	499.999	1.975	5.128	1771616268.123
704	500.000	-0.039	500.000	1.949	5.062	1771616268.367
705	500.000	0.020	500.002	1.999	5.077	1771616268.619
706	500.000	0.009	499.997	1.964	5.099	1771616268.870
707	500.000	-0.015	500.001	1.948	5.094	1771616269.097
708	500.000	0.053	500.001	1.851	5.097	1771616269.362
709	500.000	-0.008	499.995	1.938	5.090	1771616269.620
710	500.000	-0.026	500.000	1.992	5.064	1771616269.881
711	500.000	0.010	500.001	2.028	5.032	1771616270.103
712	500.000	-0.028	500.001	1.976	5.064	1771616270.330
713	500.000	-0.005	500.000	1.993	5.120	1771616270.556
714	500.000	0.024	500.000	2.025	5.031	1771616270.790
715	500.000	-0.032	500.001	2.000	5.066	1771616271.048
716	500.000	0.013	500.002	2.070	5.072	1771616271.295
717	500.000	-0.026	500.002	2.013	5.125	1771616271.536
718	500.000	0.026	499.997	2.036	5.113	1771616271.817
719	500.000	0.005	500.000	2.045	5.087	1771616272.053
720	500.000	-0.021	499.999	1.983	5.068	1771616272.309
721	500.000	0.079	499.997	1.993	5.087	1771616272.543
722	500.000	0.034	500.000	2.010	5.081	1771616272.772
723	500.000	-0.021	500.004	2.064	5.117	1771616273.037
724	500.000	0.004	500.000	1.933	5.036	1771616273.244
725	500.000	-0.018	499.997	2.069	5.038	1771616273.460
726	500.000	-0.063	500.001	2.000	5.039	1771616273.719
727	500.000	-0.048	500.002	1.993	5.157	1771616273.930
728	500.000	-0.051	500.000	1.863	5.061	1771616274.185
729	500.000	-0.038	500.001	2.013	5.038	1771616274.434
730	500.000	-0.043	499.999	1.966	5.087	1771616274.646
731	500.000	0.025	500.000	1.955	5.091	1771616274.852
732	500.000	-0.099	500.000	1.915	5.155	1771616275.119
733	500.000	-0.001	500.002	1.963	5.113	1771616275.344
734	500.000	0.019	500.001	1.991	5.012	1771616275.525
735	500.000	-0.034	500.003	1.995	5.098	1771616275.732
736	500.000	0.013	500.000	1.843	5.081	1771616275.992
737	500.000	-0.026	500.001	1.884	5.069	1771616276.204
738	500.000	0.026	499.996	1.936	5.043	1771616276.441
739	500.000	0.002	499.998	1.864	5.068	1771616276.696
740	500.000	0.044	500.000	2.024	5.065	1771616276.927
741	500.000	0.048	500.002	2.051	5.098	1771616277.152
742	500.000	0.015	499.998	1.912	5.101	1771616277.397
743	500.000	0.016	499.999	1.997	5.026	1771616277.627
744	500.000	-0.053	500.000	2.057	5.084	1771616277.900
745	500.000	0.013	500.003	1.962	5.075	1771616278.155
746	500.000	0.003	499.998	1.825	5.113	1771616278.396
747	500.000	-0.008	500.004	1.976	5.108	1771616278.627
748	500.000	-0.001	500.000	1.947	5.086	1771616278.856
749	500.000	-0.001	499.999	1.932	5.091	1771616279.099
750	500.000	-0.024	499.999	1.944	5.150	1771616279.329
751	500.000	-0.021	500.000	1.957	5.092	1771616279.549
752	500.000	0.005	500.000	1.920	5.106	1771616279.753
753	500.000	-0.007	500.003	1.966	5.074	1771616280.020
754	500.000	0.079	500.002	1.966	5.095	1771616280.265
755	500.000	-0.017	500.000	1.960	5.102	1771616280.520
756	500.000	-0.056	499.998	1.950	5.096	1771616280.780
757	500.000	0.065	500.002	1.948	5.090	1771616281.046
758	500.000	0.046	500.002	1.923	5.113	1771616281.295
759	500.000	-0.019	500.000	2.016	5.084	1771616281.495
760	500.000	0.037	499.998	1.880	5.082	1771616281.724
761	500.000	0.083	499.999	1.903	5.110	1771616281.970
762	500.000	-0.066	499.999	1.985	5.091	1771616282.186
763	500.000	-0.033	499.999	2.041	5.066	1771616282.418
764	500.000	0.033	500.000	1.992	5.112	1771616282.663
765	500.000	0.049	500.003	1.991	5.125	1771616282.909
766	500.000	0.014	499.995	1.946	5.089	1771616283.150
767	500.000	0.000	500.007	2.036	5.025	1771616283.398
768	500.000	0.004	499.997	1.945	5.165	1771616283.575
769	500.000	-0.000	499.999	1.811	5.196	1771616283.764
770	500.000	-0.014	499.998	1.929	5.143	1771616284.029
771	500.000	-0.001	500.001	1.886	5.038	1771616284.263
772	500.000	0.011	500.000	2.074	5.068	1771616284.452
773	500.000	-0.047	500.002	1.959	5.079	1771616284.710
774	500.000	0.001	499.998	1.980	5.124	1771616284.972
775	500.000	0.031	500.004	1.963	5.098	1771616285.208
776	500.000	0.016	499.999	1.947	5.146	1771616285.463
777	500.000	-0.027	499.999	2.007	5.063	1771616285.713
778	500.000	0.011	500.003	1.980	5.127	1771616285.981
779	500.000	-0.031	500.000	1.967	5.068	1771616286.208
780	500.000	-0.014	500.002	1.889	5.068	1771616286.406
781	500.000	-0.031	500.000	2.025	5.107	1771616286.676
782	500.000	-0.015	499.997	1.860	5.064	1771616286.901
783	500.000	0.036	499.998	2.034	5.112	1771616287.159
784	500.000	-0.039	499.999	2.013	5.086	1771616287.381
785	500.000	0.035	500.001	2.013	5.096	1771616287.614
786	500.000	0.008	500.005	2.005	5.083	1771616287.811
787	500.000	0.035	499.997	1.982	5.108	1771616288.060
788	500.000	-0.008	500.002	2.000	5.109	1771616288.299
789	500.000	-0.011	499.995	1.965	5.092	1771616288.509
790	500.000	0.046	499.998	1.883	5.094	1771616288.787
791	500.000	-0.023	499.998	1.942	5.060	1771616288.988
792	500.000	-0.002	500.000	1.910	5.138	1771616289.180
793	500.000	-0.003	500.000	1.925	5.048	1771616289.433
794	500.000	0.003	500.001	2.006	5.047	1771616289.674
795	500.000	-0.004	500.001	2.005	5.144	1771616289.874
796	500.000	-0.066	499.998	1.978	5.133	1771616290.131
797	500.000	0.045	500.001	1.923	5.101	1771616290.377
798	500.000	-0.028	500.003	2.034	5.138	1771616290.610
799	500.000	0.023	500.002	2.035	5.065	1771616290.821
800	500.000	0.022	500.000	1.913	5.107	1771616291.094
801	500.000	-0.033	500.001	1.905	5.089	1771616291.351
802	500.000	-0.013	500.001	2.002	5.106	1771616291.608
803	500.000	-0.015	499.999	1.962	5.069	1771616291.804
804	500.000	-0.036	500.002	1.961	5.097	1771616292.086
805	500.000	0.044	499.998	2.023	5.070	1771616292.287
806	500.000	-0.003	500.002	2.026	5.076	1771616292.506
807	500.000	0.014	500.000	1.999	5.125	1771616292.762
808	500.000	-0.021	499.999	1.923	5.094	1771616293.000
809	500.000	0.031	500.001	1.941	5.063	1771616293.256
810	500.000	0.024	500.005	2.009	5.070	1771616293.485
811	500.000	0.011	500.000	1.944	5.103	1771616293.756
812	500.000	-0.028	500.002	2.012	5.073	1771616293.976
813	500.000	-0.034	500.000	1.925	5.119	1771616294.164
814	500.000	0.013	499.996	2.022	5.103	1771616294.364
815	500.000	-0.021	500.002	1.973	5.100	1771616294.611
816	500.000	-0.051	499.999	1.961	5.097	1771616294.876
817	500.000	-0.017	499.999	1.988	5.074	1771616295.100
818	500.000	0.020	500.002	1.961	5.056	1771616295.298
819	500.000	0.011	500.000	2.024	5.067	1771616295.502
820	500.000	-0.030	500.003	1.886	5.100	1771616295.776
821	500.000	0.007	500.001	1.876	5.093	1771616296.003
822	500.000	0.006	499.999	1.920	5.084	1771616296.276
823	500.000	-0.030	500.000	1.995	5.111	1771616296.515
824	500.000	0.002	500.002	2.011	5.033	1771616296.750
825	500.000	-0.002	499.998	1.912	5.149	1771616297.010
826	500.000	0.007	499.999	1.960	5.097	1771616297.237
827	500.000	-0.003	499.998	2.022	5.016	1771616297.421
828	500.000	-0.014	500.000	2.001	5.114	1771616297.647
829	500.000	0.005	499.999	1.980	5.091	1771616297.869
830	500.000	0.022	500.001	1.952	5.080	1771616298.096
831	500.000	0.021	499.998	1.855	5.124	1771616298.317
832	500.000	-0.019	500.000	1.931	5.092	1771616298.564
833	500.000	-0.011	500.002	1.940	5.076	1771616298.797
834	500.000	0.071	500.000	1.867	5.092	1771616299.078
835	500.000	-0.040	500.000	1.922	5.022	1771616299.307
836	500.000	0.014	500.002	2.002	5.104	1771616299.545
837	500.000	-0.008	500.000	1.900	5.109	1771616299.813
838	500.000	0.015	500.002	1.963	5.074	1771616300.050
839	500.000	-0.032	500.000	1.979	5.100	1771616300.306
840	500.000	-0.014	499.997	1.903	5.125	1771616300.585
841	500.000	0.049	499.999	2.087	5.082	1771616300.819
842	500.000	0.004	499.998	1.967	5.081	1771616301.078
843	500.000	0.065	500.001	1.939	5.143	1771616301.334
844	500.000	-0.018	500.002	1.993	5.082	1771616301.579
845	500.000	-0.056	500.000	1.994	5.038	1771616301.812
846	500.000	0.049	500.001	1.921	5.079	1771616302.061
847	500.000	0.003	500.001	1.987	5.096	1771616302.297
848	500.000	0.013	500.000	1.930	5.115	1771616302.574
849	500.000	0.050	500.003	1.912	5.144	1771616302.801
850	500.000	-0.019	500.000	1.993	5.087	1771616303.063
851	500.000	0.060	499.997	1.959	5.114	1771616303.311
852	500.000	0.028	500.001	1.954	5.094	1771616303.574
853	500.000	-0.003	500.000	1.902	5.103	1771616303.813
854	500.000	-0.003	500.003	1.913	5.101	1771616304.046
855	500.000	-0.008	500.000	2.022	5.052	1771616304.318
856	500.000	-0.015	499.999	1.957	5.098	1771616304.543
857	500.000	-0.028	500.001	1.881	5.109	1771616304.745
858	500.000	0.018	500.000	1.969	5.089	1771616305.013
859	500.000	0.042	500.000	1.941	5.071	1771616305.251
860	500.000	0.021	500.002	1.997	5.051	1771616305.496
861	500.000	0.060	500.000	1.940	5.072	1771616305.747
862	500.000	0.021	500.001	1.991	5.109	1771616305.980
863	500.000	0.041	500.002	2.044	5.079	1771616306.258
864	500.000	-0.020	500.000	1.946	5.044	1771616306.500
865	500.000	0.028	499.999	1.993	5.067	1771616306.766
866	500.000	-0.024	500.001	2.034	5.037	1771616306.975
867	500.000	0.049	499.998	1.971	5.118	1771616307.169
868	500.000	-0.006	500.000	2.013	5.094	1771616307.431
869	500.000	-0.015	499.998	1.939	5.044	1771616307.679
870	500.000	0.032	499.999	1.921	5.073	1771616307.871
871	500.000	-0.017	500.002	1.909	5.107	1771616308.087
872	500.000	-0.004	500.000	2.001	5.073	1771616308.340
873	500.000	-0.025	499.996	1.941	5.043	1771616308.574
874	500.000	-0.029	500.001	1.943	5.042	1771616308.829
875	500.000	0.026	499.999	2.016	5.057	1771616309.080
876	500.000	-0.035	500.002	1.991	5.053	1771616309.331
877	500.000	-0.056	500.005	1.842	5.092	1771616309.562
878	500.000	-0.063	499.999	1.816	5.066	1771616309.768
879	500.000	-0.015	500.000	1.951	5.082	1771616310.012
880	500.000	0.025	499.997	1.969	5.092	1771616310.249
881	500.000	-0.008	499.999	1.973	5.071	1771616310.464
882	500.000	0.017	500.001	1.931	5.088	1771616310.705
883	500.000	-0.083	500.002	1.878	5.132	1771616310.946
884	500.000	-0.062	500.003	1.954	5.081	1771616311.198
885	500.000	0.044	500.002	1.903	5.054	1771616311.464
886	500.000	-0.020	499.999	1.991	5.129	1771616311.703
887	500.000	0.084	499.999	2.002	5.076	1771616311.960
888	500.000	0.019	500.005	1.850	5.071	1771616312.191
889	500.000	-0.046	499.998	1.964	5.068	1771616312.397
890	500.000	0.022	499.998	2.031	5.070	1771616312.646
891	500.000	-0.010	500.000	2.033	5.100	1771616312.885
892	500.000	0.017	499.997	1.936	5.090	1771616313.141
893	500.000	-0.032	500.001	1.960	5.042	1771616313.393
894	500.000	-0.020	500.000	1.935	5.046	1771616313.636
895	500.000	-0.023	500.000	1.921	5.035	1771616313.881
896	500.000	0.013	500.000	2.014	5.041	1771616314.093
897	500.000	0.024	500.002	1.959	5.071	1771616314.332
898	500.000	0.008	499.998	1.947	5.066	1771616314.586
899	500.000	-0.006	499.996	1.991	5.059	1771616314.827
900	500.000	-0.001	500.000	1.984	5.017	1771616315.079
901	500.000	-0.035	500.001	1.932	5.068	1771616315.333
902	500.000	0.009	499.999	2.005	5.110	1771616315.574
903	500.000	0.008	500.000	2.043	5.096	1771616315.836
904	500.000	-0.024	500.002	2.025	5.114	1771616316.073
905	500.000	-0.027	500.001	2.001	5.048	1771616316.340
906	500.000	-0.046	500.002	1.991	5.028	1771616316.576
907	500.000	0.059	500.001	2.004	5.075	1771616316.806
908	500.000	0.009	500.002	1.946	5.095	1771616317.067
909	500.000	-0.043	500.000	1.871	5.042	1771616317.270
910	500.000	0.034	500.000	1.950	5.039	1771616317.504
911	500.000	0.032	500.003	1.916	5.069	1771616317.755
912	500.000	0.006	499.999	1.924	5.038	1771616318.011
913	500.000	0.028	500.000	1.969	5.082	1771616318.210
914	500.000	-0.025	500.002	1.950	5.052	1771616318.485
915	500.000	0.030	500.002	1.872	5.092	1771616318.724
916	500.000	0.031	500.000	1.952	5.076	1771616318.975
917	500.000	0.032	499.999	1.947	5.081	1771616319.225
918	500.000	-0.025	500.000	2.024	5.048	1771616319.473
919	500.000	0.013	499.999	2.005	5.051	1771616319.718
920	500.000	-0.031	499.995	1.915	5.040	1771616319.942
921	500.000	-0.008	500.002	2.000	5.094	1771616320.152
922	500.000	0.032	500.000	1.963	5.068	1771616320.392
923	500.000	-0.019	499.997	1.884	5.107	1771616320.622
924	500.000	0.003	500.000	1.889	5.069	1771616320.838
925	500.000	0.021	500.001	1.965	5.107	1771616321.090
926	500.000	0.010	500.002	2.021	5.015	1771616321.331
927	500.000	-0.006	500.002	1.989	5.027	1771616321.591
928	500.000	0.014	499.997	1.881	5.096	1771616321.800
929	500.000	-0.011	500.000	1.962	5.033	1771616322.028
930	500.000	-0.029	500.001	1.887	5.060	1771616322.270
931	500.000	-0.060	500.000	1.884	5.064	1771616322.463
932	500.000	0.017	500.004	1.964	5.034	1771616322.716
933	500.000	0.006	500.001	2.028	5.069	1771616322.959
934	500.000	0.001	499.999	2.028	5.047	1771616323.154
935	500.000	-0.019	500.005	1.986	5.012	1771616323.426
936	500.000	0.037	499.999	1.901	5.117	1771616323.623
937	500.000	-0.009	500.001	1.945	5.115	1771616323.849
938	500.000	0.019	500.000	1.980	5.075	1771616324.082
939	500.000	0.050	500.000	1.894	5.072	1771616324.274
940	500.000	-0.076	500.000	1.916	5.123	1771616324.504
941	500.000	-0.003	500.003	2.024	5.090	1771616324.782
942	500.000	-0.051	500.003	1.965	5.040	1771616324.980
943	500.000	0.016	499.996	2.029	5.043	1771616325.188
944	500.000	0.011	500.002	1.989	5.032	1771616325.444
945	500.000	-0.011	500.000	1.990	5.035	1771616325.700
946	500.000	0.040	500.002	2.000	5.086	1771616325.956
947	500.000	-0.013	500.000	1.959	5.089	1771616326.216
948	500.000	-0.028	500.000	1.857	5.104	1771616326.405
949	500.000	-0.008	500.002	2.015	5.018	1771616326.675
950	500.000	0.048	500.000	1.999	5.106	1771616326.915
951	500.000	-0.014	499.993	1.928	5.040	1771616327.146
952	500.000	0.049	499.999	2.011	5.085	1771616327.342
953	500.000	-0.013	500.000	1.993	5.068	1771616327.575
954	500.000	-0.046	500.000	1.951	5.066	1771616327.768
955	500.000	-0.025	500.000	1.951	5.030	1771616327.972
956	500.000	-0.035	500.000	1.927	5.089	1771616328.218
957	500.000	0.056	500.000	1.925	5.042	1771616328.474
958	500.000	0.001	499.998	2.019	5.035	1771616328.712
959	500.000	0.008	500.002	1.917	5.111	1771616328.974
960	500.000	-0.018	499.998	2.020	5.097	1771616329.188
961	500.000	-0.004	499.998	1.903	5.047	1771616329.405
962	500.000	-0.002	499.999	1.965	5.041	1771616329.659
963	500.000	-0.088	500.000	2.053	5.082	1771616329.882
964	500.000	0.002	500.000	1.998	5.093	1771616330.091
965	500.000	0.002	499.999	1.945	5.115	1771616330.356
966	500.000	-0.005	499.999	1.926	5.115	1771616330.617
967	500.000	-0.072	499.999	1.991	5.123	1771616330.829
968	500.000	-0.045	500.003	2.065	5.097	1771616331.077
969	500.000	-0.017	500.001	1.970	5.101	1771616331.273
970	500.000	0.020	500.003	1.945	5.108	1771616331.530
971	500.000	-0.011	499.997	1.940	5.069	1771616331.767
972	500.000	-0.035	500.001	1.938	5.099	1771616331.978
973	500.000	-0.063	500.000	1.973	5.102	1771616332.230
974	500.000	0.035	500.003	1.971	5.068	1771616332.481
975	500.000	-0.059	500.001	1.944	5.051	1771616332.709
976	500.000	0.011	500.000	2.022	5.055	1771616332.982
977	500.000	0.026	500.001	1.998	5.054	1771616333.232
978	500.000	0.023	500.001	1.925	5.114	1771616333.464
979	500.000	-0.018	500.000	2.027	5.075	1771616333.706
980	500.000	0.053	499.999	1.877	5.129	1771616333.908
981	500.000	0.005	499.999	1.969	5.058	1771616334.144
982	500.000	-0.039	500.000	1.953	5.069	1771616334.381
983	500.000	-0.024	499.998	1.979	5.039	1771616334.588
984	500.000	0.003	499.999	1.939	5.097	1771616334.826
985	500.000	0.019	499.999	1.993	5.079	1771616335.024
986	500.000	-0.021	500.001	2.003	5.070	1771616335.211
987	500.000	-0.007	500.001	1.898	5.143	1771616335.407
988	500.000	0.004	500.000	1.914	5.060	1771616335.656
989	500.000	0.012	499.998	1.872	5.084	1771616335.913
990	500.000	-0.059	500.000	2.027	5.036	1771616336.151
991	500.000	-0.018	500.000	2.045	5.011	1771616336.387
992	500.000	0.006	500.002	2.002	5.028	1771616336.620
993	500.000	0.008	499.997	1.870	5.149	1771616336.842
994	500.000	0.041	500.002	1.951	5.045	1771616337.070
995	500.000	0.027	499.999	1.915	5.099	1771616337.346
996	500.000	0.016	500.003	1.975	5.068	1771616337.588
997	500.000	0.030	499.997	2.024	4.999	1771616337.833
998	500.000	0.021	499.997	2.016	5.014	1771616338.087
999	500.000	-0.010	500.000	1.992	5.117	1771616338.330
1000	500.000	0.025	500.001	1.912	4.988	1771616338.543
1001	500.000	-0.056	500.000	1.963	5.055	1771616338.762
1002	500.000	-0.036	500.000	1.879	5.057	1771616338.946
1003	500.000	0.059	500.001	1.947	5.074	1771616339.163
1004	500.000	-0.002	499.999	1.932	5.050	1771616339.420
1005	500.000	0.005	500.001	1.892	5.121	1771616339.651
1006	500.000	0.000	500.002	1.951	5.075	1771616339.913
1007	500.000	0.003	500.005	1.943	5.083	1771616340.143
1008	500.000	-0.005	500.001	1.927	5.090	1771616340.328
1009	500.000	-0.048	500.000	1.943	5.130	1771616340.526
1010	500.000	-0.001	499.996	1.946	5.108	1771616340.796
1011	500.000	-0.039	500.000	2.008	5.056	1771616341.021
1012	500.000	0.006	499.997	1.969	5.060	1771616341.266
1013	500.000	-0.027	500.001	1.977	5.060	1771616341.530
1014	500.000	0.029	500.002	1.981	5.103	1771616341.792
1015	500.000	-0.038	500.002	2.067	5.017	1771616342.023
1016	500.000	0.047	499.999	1.970	5.122	1771616342.281
1017	500.000	-0.008	500.001	1.957	5.076	1771616342.543
1018	500.000	0.006	499.999	1.878	5.068	1771616342.790
1019	500.000	0.038	500.001	2.012	5.063	1771616343.039
1020	500.000	-0.021	499.997	1.891	5.075	1771616343.283
1021	500.000	0.008	500.001	1.918	5.091	1771616343.510
1022	500.000	-0.007	500.000	1.939	5.096	1771616343.777
1023	500.000	-0.036	500.002	1.943	5.047	1771616344.024
1024	500.000	-0.000	500.003	1.949	5.057	1771616344.287
1025	500.000	-0.014	500.004	1.937	5.036	1771616344.532
1026	500.000	-0.019	500.000	1.941	5.132	1771616344.765
1027	500.000	-0.053	500.001	1.983	5.085	1771616344.978
1028	500.000	0.000	500.001	2.004	5.049	1771616345.219
1029	500.000	0.015	500.000	1.955	5.114	1771616345.450
1030	500.000	-0.013	499.999	1.986	5.127	1771616345.704
1031	500.000	-0.010	500.000	2.076	5.060	1771616345.954
1032	500.000	-0.005	500.002	1.967	5.077	1771616346.214
1033	500.000	-0.019	500.002	1.973	5.052	1771616346.474
1034	500.000	-0.042	499.998	1.942	5.092	1771616346.718
1035	500.000	0.021	499.999	1.912	5.057	1771616346.970
1036	500.000	-0.050	500.001	2.059	5.021	1771616347.227
1037	500.000	0.020	500.001	2.009	5.056	1771616347.473
1038	500.000	-0.048	499.999	1.917	5.030	1771616347.713
1039	500.000	-0.002	500.000	1.951	5.073	1771616347.978
1040	500.000	-0.028	499.999	1.984	5.036	1771616348.249
1041	500.000	-0.027	500.000	1.985	5.001	1771616348.470
1042	500.000	0.037	500.001	2.017	5.033	1771616348.719
1043	500.000	0.044	499.999	1.965	5.034	1771616348.981
1044	500.000	-0.025	500.001	1.909	5.075	1771616349.204
1045	500.000	0.002	500.001	1.910	4.985	1771616349.392
1046	500.000	0.023	500.001	1.947	5.036	1771616349.603
1047	500.000	0.044	500.003	2.006	5.084	1771616349.824
1048	500.000	0.011	500.001	2.042	5.003	1771616350.083
1049	500.000	-0.001	500.003	1.937	5.092	1771616350.298
1050	500.000	0.019	500.000	2.002	5.018	1771616350.521
1051	500.000	-0.032	499.998	2.008	5.008	1771616350.767
1052	500.000	0.065	499.999	1.951	5.038	1771616351.004
1053	500.000	0.037	500.000	1.994	5.034	1771616351.203
1054	500.000	-0.063	499.999	1.994	5.051	1771616351.395
1055	500.000	0.011	499.999	2.004	4.992	1771616351.612
1056	500.000	-0.028	499.997	1.999	5.018	1771616351.839
1057	500.000	-0.065	499.998	1.987	5.018	1771616352.103
1058	500.000	0.027	499.999	1.972	5.051	1771616352.352
1059	500.000	-0.063	500.000	1.994	5.057	1771616352.614
1060	500.000	-0.016	499.997	1.833	5.057	1771616352.835
1061	500.000	-0.071	499.998	1.975	5.006	1771616353.096
1062	500.000	0.026	500.001	2.038	5.035	1771616353.323
1063	500.000	0.032	499.997	1.972	5.050	1771616353.588
1064	500.000	0.049	499.998	1.956	5.078	1771616353.845
1065	500.000	0.060	500.003	1.990	5.059	1771616354.109
1066	500.000	-0.004	500.006	1.999	5.097	1771616354.349
1067	500.000	-0.064	499.998	1.978	5.060	1771616354.596
1068	500.000	-0.057	500.002	1.978	5.029	1771616354.869
1069	500.000	0.043	500.000	1.921	5.011	1771616355.095
1070	500.000	-0.056	499.999	1.923	4.995	1771616355.353
1071	500.000	0.017	500.002	1.978	5.035	1771616355.604
1072	500.000	-0.022	500.000	1.884	5.042	1771616355.859
1073	500.000	-0.050	499.998	1.887	5.053	1771616356.097
1074	500.000	-0.018	500.001	1.960	5.075	1771616356.347
1075	500.000	-0.021	500.000	1.889	5.073	1771616356.604
1076	500.000	-0.009	500.001	1.923	5.047	1771616356.835
1077	500.000	-0.032	500.000	1.935	5.020	1771616357.017
1078	500.000	0.027	500.002	1.983	5.056	1771616357.265
1079	500.000	0.007	500.001	1.946	5.062	1771616357.484
1080	500.000	-0.007	500.000	1.922	5.064	1771616357.737
1081	500.000	0.019	500.001	1.994	5.058	1771616357.960
1082	500.000	-0.035	500.002	1.941	5.031	1771616358.205
1083	500.000	-0.002	500.000	2.005	4.957	1771616358.405
1084	500.000	-0.004	499.999	1.970	5.036	1771616358.665
1085	500.000	0.045	500.001	2.079	5.020	1771616358.880
1086	500.000	0.035	500.001	1.992	5.035	1771616359.104
1087	500.000	-0.028	500.000	2.005	5.048	1771616359.382
1088	500.000	-0.017	500.000	1.930	5.059	1771616359.622
1089	500.000	-0.028	499.999	1.927	5.108	1771616359.876
1090	500.000	0.057	500.001	1.953	5.089	1771616360.121
1091	500.000	0.015	500.001	1.957	5.088	1771616360.350
1092	500.000	-0.005	500.002	1.943	5.051	1771616360.598
1093	500.000	-0.054	500.001	1.982	5.048	1771616360.844
1094	500.000	0.010	500.001	1.962	5.092	1771616361.021
1095	500.000	-0.000	500.000	1.997	5.077	1771616361.207
1096	500.000	0.043	499.997	1.980	4.980	1771616361.433
1097	500.000	0.067	499.999	1.973	5.069	1771616361.661
1098	500.000	-0.073	500.001	1.975	5.032	1771616361.910
1099	500.000	0.016	500.001	1.965	5.067	1771616362.156
1100	500.000	0.003	500.001	2.003	4.993	1771616362.364
1101	500.000	-0.032	499.999	1.922	5.028	1771616362.604
1102	500.000	-0.004	500.001	2.039	5.048	1771616362.867
1103	500.000	-0.010	499.998	1.979	5.066	1771616363.102
1104	500.000	0.046	500.001	1.929	5.109	1771616363.377
1105	500.000	0.001	500.001	2.003	5.074	1771616363.624
1106	500.000	0.024	499.998	1.989	5.031	1771616363.845
1107	500.000	0.018	500.000	1.953	5.033	1771616364.116
1108	500.000	-0.051	500.003	1.910	5.044	1771616364.344
1109	500.000	0.040	500.002	1.997	5.026	1771616364.610
1110	500.000	0.018	500.004	1.938	5.005	1771616364.877
1111	500.000	0.003	499.998	1.949	4.991	1771616365.110
1112	500.000	0.039	500.001	1.937	5.051	1771616365.375
