Point No.	Frequency Set (GHz)	THz Photocurrent (nA)	Frequency Act (GHz)	Amplitude (via StrMod)	Phase (via StrMod)	Timestamp (s)
1	100.000	0.002	99.998	4.317	0.289	1771878415.739
2	100.000	-0.015	100.001	4.389	0.281	1771878415.997
3	100.000	0.041	100.001	4.290	0.269	1771878416.261
4	100.000	0.024	99.999	4.494	0.306	1771878416.563
5	100.000	0.053	100.000	4.332	0.303	1771878416.813
6	100.000	0.012	100.003	4.348	0.311	1771878417.135
7	100.000	-0.020	99.997	4.357	0.327	1771878417.428
8	100.000	-0.020	100.001	4.354	0.328	1771878417.668
9	100.000	-0.011	100.000	4.329	0.340	1771878417.920
10	100.000	-0.019	100.000	4.266	0.342	1771878418.199
11	100.000	0.029	100.003	4.352	0.346	1771878418.501
12	100.000	-0.013	99.999	4.435	0.380	1771878418.746
13	100.000	-0.016	99.999	4.307	0.352	1771878419.055
14	100.000	-0.019	100.000	4.493	0.339	1771878419.279
15	100.000	0.059	99.998	4.395	0.342	1771878419.568
16	100.000	0.018	99.999	4.302	0.337	1771878419.845
17	100.000	-0.058	99.998	4.452	0.334	1771878420.105
18	100.000	-0.008	100.004	4.286	0.301	1771878420.392
19	100.000	0.048	100.003	4.338	0.341	1771878420.671
20	100.000	-0.023	99.999	4.277	0.361	1771878420.928
21	100.000	0.022	99.999	4.312	0.389	1771878421.180
22	100.000	0.043	100.003	4.297	0.326	1771878421.440
23	100.000	-0.043	99.998	4.290	0.278	1771878421.697
24	100.000	0.012	99.998	4.351	0.382	1771878422.003
25	100.000	0.017	100.000	4.202	0.372	1771878422.313
26	200.000	0.055	109.211	0.528	3.098	1771878422.615
27	200.000	-0.038	139.565	0.385	5.949	1771878422.868
28	200.000	-0.035	160.167	0.175	5.531	1771878423.106
29	200.000	-0.041	174.800	0.234	0.725	1771878423.370
30	200.000	0.026	184.756	0.093	3.497	1771878423.598
31	200.000	0.021	191.568	0.091	0.620	1771878423.861
32	200.000	-0.020	195.777	0.060	4.783	1771878424.130
33	200.000	-0.007	198.620	0.730	2.618	1771878424.432
34	200.000	0.014	199.761	0.441	4.499	1771878424.661
35	200.000	-0.029	200.328	0.194	5.499	1771878424.938
36	200.000	0.007	200.597	1.323	2.530	1771878425.241
37	200.000	0.047	200.618	1.368	1.603	1771878425.499
38	200.000	-0.011	200.558	1.705	3.592	1771878425.722
39	200.000	0.017	200.472	1.369	0.295	1771878425.979
40	200.000	0.006	200.374	0.520	4.288	1771878426.229
41	200.000	0.019	200.292	0.332	3.123	1771878426.485
42	200.000	0.029	200.230	0.763	5.554	1771878426.731
43	200.000	-0.014	200.178	1.443	0.555	1771878426.997
44	200.000	0.051	200.128	2.092	2.190	1771878427.251
45	200.000	0.015	200.105	2.498	3.219	1771878427.472
46	200.000	-0.056	200.080	2.587	4.051	1771878427.752
47	200.000	-0.052	200.065	2.612	4.596	1771878427.989
48	200.000	0.043	200.047	2.793	4.998	1771878428.270
49	200.000	-0.022	200.040	2.704	5.302	1771878428.575
50	200.000	0.022	200.037	2.686	5.523	1771878428.811
51	200.000	0.009	200.030	2.813	5.664	1771878429.050
52	200.000	-0.008	200.022	2.936	5.692	1771878429.326
53	200.000	-0.001	200.025	2.856	5.820	1771878429.564
54	200.000	0.010	200.021	2.852	5.876	1771878429.807
55	200.000	0.006	200.021	2.860	5.859	1771878430.063
56	200.000	0.024	200.019	2.891	5.890	1771878430.309
57	200.000	-0.008	200.015	2.935	5.888	1771878430.584
58	200.000	0.015	200.017	2.888	6.030	1771878430.880
59	200.000	0.038	200.011	2.951	6.071	1771878431.129
60	200.000	-0.010	200.010	2.947	6.109	1771878431.380
61	200.000	-0.062	200.013	2.988	6.113	1771878431.621
62	200.000	0.030	200.012	2.933	6.099	1771878431.897
63	200.000	-0.016	200.009	2.899	6.121	1771878432.185
64	200.000	-0.021	200.006	2.907	6.217	1771878432.435
65	200.000	0.048	200.008	2.929	6.240	1771878432.667
66	200.000	-0.016	200.006	3.009	6.193	1771878432.940
67	200.000	-0.033	200.004	2.993	6.273	1771878433.184
68	200.000	-0.034	200.007	2.948	6.220	1771878433.443
69	200.000	0.086	200.002	3.030	6.272	1771878433.698
70	200.000	0.066	200.010	2.922	6.230	1771878433.933
71	200.000	-0.011	200.008	2.930	6.234	1771878434.196
72	200.000	-0.045	200.002	3.031	0.027	1771878434.445
73	200.000	-0.020	200.009	2.888	0.056	1771878434.697
74	200.000	0.001	200.001	2.978	0.046	1771878434.927
75	200.000	0.005	200.002	2.928	0.062	1771878435.205
76	200.000	-0.018	200.000	2.981	0.036	1771878435.444
77	200.000	0.076	200.000	3.102	0.060	1771878435.666
78	200.000	-0.037	199.999	2.914	0.106	1771878435.937
79	200.000	0.015	200.000	2.830	0.108	1771878436.185
80	200.000	-0.032	200.003	2.936	0.172	1771878436.439
81	200.000	-0.037	200.001	3.010	0.189	1771878436.685
82	200.000	0.019	200.001	2.922	0.148	1771878436.909
83	200.000	-0.032	200.002	2.940	0.153	1771878437.199
84	200.000	-0.064	200.001	3.052	0.167	1771878437.437
85	200.000	0.006	200.003	2.999	0.099	1771878437.691
86	200.000	0.001	200.002	2.996	0.175	1771878437.918
87	200.000	-0.051	199.996	2.976	0.193	1771878438.186
88	200.000	-0.009	200.001	3.060	0.168	1771878438.449
89	200.000	0.010	200.002	3.047	0.176	1771878438.671
90	200.000	0.012	199.999	2.991	0.144	1771878438.927
91	200.000	0.035	200.004	2.939	0.189	1771878439.196
92	200.000	0.039	199.999	2.971	0.181	1771878439.456
93	200.000	-0.025	200.004	2.975	0.194	1771878439.688
94	200.000	-0.036	200.001	3.050	0.210	1771878439.921
95	200.000	-0.018	199.999	3.024	0.240	1771878440.195
96	200.000	-0.007	200.001	2.993	0.165	1771878440.457
97	200.000	0.015	200.000	3.043	0.189	1771878440.728
98	200.000	-0.005	200.003	2.935	0.170	1771878441.008
99	200.000	0.012	199.999	2.894	0.137	1771878441.227
100	200.000	0.016	200.001	3.000	0.138	1771878441.516
101	200.000	0.030	199.998	2.998	0.157	1771878441.759
102	200.000	-0.056	200.000	3.039	0.096	1771878441.995
103	200.000	0.016	199.999	3.058	0.147	1771878442.251
104	200.000	-0.018	200.001	3.035	0.184	1771878442.484
105	200.000	0.036	200.004	2.964	0.145	1771878442.751
106	200.000	0.055	200.002	2.988	0.104	1771878442.995
107	200.000	-0.029	199.998	3.088	0.206	1771878443.278
108	200.000	0.001	200.003	2.951	0.213	1771878443.557
109	200.000	0.019	200.001	3.100	0.158	1771878443.811
110	200.000	0.032	200.002	3.079	0.156	1771878444.090
111	200.000	-0.004	200.000	2.918	0.098	1771878444.366
112	200.000	0.026	200.001	2.952	0.162	1771878444.630
113	200.000	-0.041	200.000	3.085	0.147	1771878444.875
114	200.000	-0.053	200.001	2.956	0.081	1771878445.105
115	200.000	0.018	199.997	3.052	0.086	1771878445.369
116	200.000	-0.007	200.002	3.009	0.155	1771878445.610
117	200.000	-0.039	199.997	2.963	0.160	1771878445.875
118	200.000	-0.020	200.001	3.044	0.203	1771878446.168
119	200.000	0.032	200.000	2.936	0.242	1771878446.449
120	200.000	0.005	199.998	3.021	0.240	1771878446.664
121	200.000	0.003	200.000	2.983	0.232	1771878446.938
122	200.000	-0.002	199.999	3.022	0.248	1771878447.192
123	200.000	0.017	199.999	3.007	0.223	1771878447.482
124	200.000	-0.001	200.001	2.968	0.187	1771878447.710
125	200.000	0.007	199.997	2.960	0.235	1771878447.982
126	200.000	-0.001	199.998	3.017	0.219	1771878448.214
127	200.000	-0.022	200.000	3.016	0.173	1771878448.497
128	200.000	0.003	200.001	2.966	0.144	1771878448.790
129	200.000	-0.004	200.002	3.000	0.156	1771878449.090
130	200.000	-0.013	200.003	3.006	0.198	1771878449.359
131	200.000	-0.003	199.997	2.980	0.189	1771878449.603
132	200.000	-0.012	199.998	3.015	0.175	1771878449.847
133	200.000	0.016	199.997	3.032	0.228	1771878450.091
134	200.000	0.000	199.998	2.944	0.194	1771878450.318
135	200.000	-0.044	200.000	3.035	0.242	1771878450.615
136	200.000	-0.029	199.999	3.096	0.194	1771878450.860
137	200.000	-0.019	200.002	3.000	0.202	1771878451.170
138	200.000	-0.003	199.998	3.018	0.192	1771878451.410
139	200.000	-0.009	199.998	2.921	0.188	1771878451.645
140	200.000	-0.016	200.004	3.015	0.181	1771878451.883
141	200.000	-0.002	200.003	3.026	0.184	1771878452.164
142	200.000	0.002	199.997	2.986	0.187	1771878452.411
143	200.000	-0.045	200.001	3.037	0.218	1771878452.657
144	200.000	-0.035	199.999	3.048	0.243	1771878452.937
145	200.000	-0.010	200.001	2.926	0.192	1771878453.214
146	200.000	0.066	199.996	2.936	0.220	1771878453.457
147	200.000	0.031	200.002	3.041	0.181	1771878453.733
148	200.000	-0.089	200.001	2.996	0.156	1771878454.005
149	200.000	-0.015	199.999	3.000	0.107	1771878454.265
150	200.000	0.051	200.001	2.955	0.151	1771878454.501
151	200.000	0.066	199.997	2.915	0.131	1771878454.775
152	200.000	-0.062	200.002	2.926	0.133	1771878455.029
153	200.000	0.025	199.999	2.940	0.226	1771878455.264
154	200.000	-0.026	200.008	2.972	0.166	1771878455.510
155	200.000	0.018	200.001	2.998	0.219	1771878455.748
156	200.000	0.039	199.999	3.082	0.151	1771878456.031
157	200.000	-0.001	200.002	2.964	0.152	1771878456.331
158	200.000	-0.020	199.998	2.921	0.157	1771878456.589
159	200.000	0.009	199.997	1.972	0.095	1771878456.838
160	200.000	0.006	200.003	0.767	4.019	1771878457.087
161	200.000	0.010	199.999	0.955	6.060	1771878457.323
162	200.000	-0.027	200.000	0.959	3.797	1771878457.575
163	200.000	-0.026	200.003	1.058	3.831	1771878457.829
164	200.000	-0.005	199.997	0.503	4.276	1771878458.100
165	200.000	0.042	200.000	1.627	3.704	1771878458.358
166	200.000	0.025	199.999	0.612	4.296	1771878458.639
167	200.000	0.052	199.999	0.557	4.496	1771878458.892
168	200.000	0.016	199.999	0.552	6.024	1771878459.158
169	200.000	0.003	200.002	0.487	5.036	1771878459.408
170	200.000	-0.044	200.000	0.580	4.814	1771878459.659
171	200.000	-0.006	200.000	0.538	4.906	1771878459.909
172	200.000	-0.019	200.000	0.334	5.475	1771878460.206
173	200.000	-0.028	200.001	0.441	5.800	1771878460.438
174	200.000	-0.000	199.998	0.536	5.665	1771878460.724
175	200.000	-0.001	199.999	0.544	5.792	1771878461.007
176	200.000	0.011	199.998	0.529	5.420	1771878461.269
177	200.000	-0.015	199.998	1.224	0.154	1771878461.491
178	200.000	0.028	200.001	0.415	5.388	1771878461.780
179	200.000	0.002	199.999	0.641	6.146	1771878462.018
180	200.000	-0.013	200.000	0.305	4.628	1771878462.272
181	200.000	-0.002	199.999	0.365	4.782	1771878462.535
182	200.000	-0.011	200.000	0.449	5.320	1771878462.827
183	200.000	0.022	200.002	0.453	5.115	1771878463.068
184	200.000	0.026	200.003	0.335	4.962	1771878463.340
185	200.000	-0.009	200.001	0.533	5.698	1771878463.592
186	200.000	0.025	199.998	0.637	4.117	1771878463.846
187	200.000	0.010	200.001	0.611	5.633	1771878464.134
188	200.000	0.014	199.994	0.410	5.220	1771878464.407
189	200.000	-0.000	200.001	0.554	4.716	1771878464.645
190	200.000	-0.001	200.002	0.841	4.730	1771878464.907
191	200.000	-0.044	200.001	0.796	5.522	1771878465.167
192	200.000	-0.020	200.000	0.200	4.044	1771878465.464
193	200.000	0.029	200.004	0.248	4.445	1771878465.766
194	200.000	0.013	199.995	0.406	4.935	1771878466.029
195	200.000	-0.012	200.002	0.325	5.605	1771878466.244
196	200.000	-0.070	200.001	0.620	5.499	1771878466.541
197	200.000	-0.001	199.998	0.464	5.417	1771878466.849
198	200.000	0.017	200.001	0.500	5.468	1771878467.150
199	200.000	-0.048	200.001	0.216	5.965	1771878467.400
200	200.000	-0.052	199.999	0.589	4.102	1771878467.627
201	200.000	-0.028	200.003	0.320	4.600	1771878467.897
202	200.000	0.073	200.000	0.462	5.553	1771878468.160
203	200.000	-0.024	200.001	0.644	5.358	1771878468.462
204	200.000	-0.024	199.996	0.690	5.475	1771878468.708
205	200.000	0.019	200.003	0.601	6.270	1771878468.933
206	200.000	0.017	199.998	0.579	5.680	1771878469.191
207	200.000	-0.002	200.005	0.538	5.014	1771878469.458
208	200.000	0.034	199.998	0.661	5.349	1771878469.709
209	200.000	-0.032	200.000	0.436	4.745	1771878469.962
210	200.000	-0.042	199.997	0.432	4.693	1771878470.226
211	200.000	0.036	199.999	0.498	4.194	1771878470.485
212	200.000	0.037	199.998	0.506	5.012	1771878470.744
213	200.000	-0.064	199.999	0.303	5.400	1771878471.043
214	200.000	0.001	200.005	0.339	4.407	1771878471.267
215	200.000	-0.000	199.999	0.406	5.627	1771878471.533
216	200.000	-0.028	199.998	0.693	5.700	1771878471.807
217	200.000	-0.030	199.998	0.580	4.137	1771878472.105
218	200.000	0.037	200.000	0.498	4.528	1771878472.338
219	200.000	0.015	200.000	0.555	5.373	1771878472.594
220	200.000	-0.012	200.000	0.574	5.787	1771878472.853
221	200.000	-0.016	199.996	0.601	5.388	1771878473.171
222	200.000	0.005	200.000	0.598	5.771	1771878473.400
223	200.000	-0.026	199.999	0.588	5.885	1771878473.666
224	200.000	0.013	199.999	0.541	4.442	1771878473.898
225	200.000	-0.046	199.995	0.324	5.051	1771878474.175
226	200.000	-0.043	200.000	0.396	4.252	1771878474.402
227	200.000	0.049	200.000	0.456	5.508	1771878474.690
228	200.000	-0.018	200.003	0.617	6.020	1771878474.977
229	200.000	0.023	199.998	0.454	5.542	1771878475.293
230	200.000	0.016	200.002	0.452	4.071	1771878475.528
231	200.000	0.050	200.001	0.256	4.916	1771878475.786
232	200.000	0.053	200.000	0.462	4.943	1771878476.054
233	200.000	0.004	199.999	0.340	5.151	1771878476.296
234	200.000	-0.029	200.002	0.682	6.079	1771878476.522
235	200.000	-0.020	200.000	0.984	6.047	1771878476.792
236	200.000	0.002	200.000	3.094	3.266	1771878477.042
237	200.000	0.046	199.998	3.127	3.310	1771878477.300
238	200.000	0.027	200.000	3.120	3.278	1771878477.531
239	200.000	-0.003	199.997	3.118	3.274	1771878477.799
240	200.000	-0.010	200.000	3.254	3.253	1771878478.043
241	200.000	0.008	200.002	3.262	3.289	1771878478.276
242	200.000	0.012	199.999	3.095	3.218	1771878478.549
243	200.000	-0.019	199.999	3.208	3.240	1771878478.777
244	200.000	-0.006	200.000	3.241	3.258	1771878479.023
245	200.000	0.051	199.996	1.891	0.628	1771878479.287
246	200.000	-0.016	200.003	2.319	5.655	1771878479.538
247	200.000	-0.012	199.997	3.191	3.366	1771878479.779
248	200.000	0.014	199.997	1.866	0.569	1771878480.031
249	200.000	-0.030	200.001	2.337	5.617	1771878480.286
250	200.000	0.054	200.003	3.030	3.306	1771878480.542
251	200.000	0.002	200.002	2.572	0.470	1771878480.800
252	200.000	0.006	200.001	1.635	4.815	1771878481.087
253	200.000	0.010	199.998	2.195	3.018	1771878481.344
254	200.000	0.022	200.000	3.586	0.164	1771878481.605
255	200.000	0.006	200.001	2.338	3.806	1771878481.916
256	200.000	-0.013	199.999	0.984	2.196	1771878482.177
257	200.000	-0.033	200.005	3.318	6.145	1771878482.420
258	200.000	-0.034	199.999	2.817	3.648	1771878482.684
259	200.000	0.025	200.003	0.877	1.545	1771878482.924
260	200.000	-0.011	200.001	3.676	6.170	1771878483.164
261	200.000	-0.032	200.000	3.055	3.568	1771878483.463
262	200.000	-0.004	200.002	1.646	0.938	1771878483.743
263	200.000	-0.011	200.001	2.397	5.639	1771878483.997
264	200.000	-0.016	199.998	3.318	3.426	1771878484.212
265	200.000	0.008	199.999	1.949	0.678	1771878484.486
266	200.000	-0.009	199.996	2.500	5.653	1771878484.718
267	200.000	-0.005	199.999	3.122	3.438	1771878484.993
268	200.000	0.008	200.000	2.686	0.539	1771878485.229
269	200.000	0.002	200.002	2.181	5.473	1771878485.504
270	200.000	-0.012	200.001	2.692	3.198	1771878485.800
271	200.000	-0.038	200.002	3.324	0.267	1771878486.059
272	200.000	0.000	200.003	2.243	3.954	1771878486.352
273	200.000	0.000	200.001	1.062	2.412	1771878486.607
274	200.000	0.018	200.004	3.745	0.040	1771878486.845
275	200.000	-0.029	200.000	2.647	3.759	1771878487.119
276	200.000	-0.024	200.002	1.030	2.439	1771878487.347
277	200.000	-0.004	200.000	3.610	6.248	1771878487.608
278	200.000	0.011	200.000	2.849	3.594	1771878487.864
279	200.000	-0.039	199.997	0.922	1.651	1771878488.136
280	200.000	-0.020	200.001	2.611	5.857	1771878488.453
281	200.000	-0.002	200.001	2.811	3.324	1771878488.741
282	200.000	0.020	200.003	2.936	0.411	1771878489.010
283	200.000	-0.013	199.996	1.789	4.874	1771878489.239
284	200.000	0.004	199.999	2.543	3.069	1771878489.505
285	200.000	0.012	199.999	3.423	0.189	1771878489.759
286	200.000	-0.016	199.999	1.933	4.559	1771878490.032
287	200.000	-0.018	199.999	1.230	2.732	1771878490.324
288	200.000	0.044	199.998	3.693	6.175	1771878490.581
289	200.000	-0.018	200.001	2.656	3.774	1771878490.822
290	200.000	-0.025	199.997	1.121	2.449	1771878491.080
291	200.000	-0.035	200.001	3.077	5.989	1771878491.407
292	200.000	0.018	200.003	3.080	3.308	1771878491.692
293	200.000	0.035	199.999	2.506	0.368	1771878491.931
294	200.000	0.025	200.000	1.877	5.170	1771878492.215
295	200.000	0.016	200.000	2.376	3.112	1771878492.511
296	200.000	-0.009	200.002	3.585	0.186	1771878492.744
297	200.000	0.020	199.996	1.972	4.378	1771878493.012
298	200.000	-0.007	199.999	1.921	2.960	1771878493.268
299	200.000	-0.004	200.003	3.344	6.155	1771878493.578
300	200.000	-0.026	200.002	3.036	3.622	1771878493.807
301	200.000	-0.020	199.995	0.832	2.253	1771878494.050
302	200.000	-0.019	199.999	3.616	6.185	1771878494.308
303	200.000	-0.006	200.003	2.705	3.750	1771878494.568
304	200.000	0.015	200.002	0.803	2.087	1771878494.799
305	200.000	-0.007	199.998	3.590	6.185	1771878495.058
306	200.000	-0.013	200.001	2.820	3.644	1771878495.317
307	200.000	-0.006	200.000	0.946	1.866	1771878495.553
308	200.000	-0.026	200.000	3.820	6.087	1771878495.819
309	200.000	-0.013	200.003	3.062	3.487	1771878496.045
310	200.000	-0.033	199.998	0.936	2.171	1771878496.314
311	200.000	-0.029	200.000	3.523	6.041	1771878496.560
312	200.000	-0.013	199.998	2.880	3.618	1771878496.808
313	200.000	-0.002	199.996	0.930	1.432	1771878497.064
314	200.000	-0.025	200.001	3.583	6.077	1771878497.313
315	200.000	0.003	199.999	3.138	3.503	1771878497.574
316	200.000	0.017	199.999	0.838	1.562	1771878497.812
317	200.000	0.041	200.003	3.462	6.037	1771878498.065
318	200.000	0.002	200.000	3.044	3.554	1771878498.294
319	200.000	-0.006	199.999	0.735	2.123	1771878498.572
320	200.000	-0.013	200.000	3.564	6.031	1771878498.813
321	200.000	0.006	199.997	2.939	3.617	1771878499.073
322	200.000	-0.057	200.000	1.211	0.986	1771878499.323
323	200.000	0.007	200.001	3.549	6.082	1771878499.557
324	200.000	0.005	199.995	3.001	3.645	1771878499.820
325	200.000	-0.008	199.996	0.941	1.377	1771878500.049
326	200.000	0.008	200.003	3.279	6.030	1771878500.329
327	200.000	-0.004	200.000	3.102	3.499	1771878500.566
328	200.000	0.003	200.003	0.760	1.383	1771878500.831
329	200.000	-0.013	199.999	2.646	5.708	1771878501.115
330	200.000	-0.016	199.999	3.142	3.327	1771878501.388
331	200.000	-0.020	200.004	1.999	0.459	1771878501.610
332	200.000	0.005	200.002	2.461	5.620	1771878501.876
333	200.000	0.032	200.003	3.090	3.266	1771878502.131
334	200.000	0.007	200.001	2.452	0.365	1771878502.402
335	200.000	-0.008	199.998	1.689	4.764	1771878502.686
336	200.000	0.004	200.004	2.205	3.090	1771878502.956
337	200.000	0.011	199.998	3.434	0.216	1771878503.190
338	200.000	-0.020	199.998	1.790	4.414	1771878503.461
339	200.000	-0.011	199.998	2.425	3.078	1771878503.707
340	200.000	-0.027	199.998	3.421	0.144	1771878503.946
341	200.000	-0.003	199.997	1.743	4.510	1771878504.183
342	200.000	-0.002	200.001	2.582	3.115	1771878504.432
343	200.000	-0.004	200.000	3.364	0.151	1771878504.698
344	200.000	0.004	200.000	1.773	4.430	1771878504.931
345	200.000	0.018	200.001	2.350	3.160	1771878505.206
346	200.000	-0.009	200.001	3.545	0.040	1771878505.485
347	200.000	-0.043	200.000	2.560	3.811	1771878505.752
348	200.000	-0.013	200.000	1.240	2.690	1771878505.983
349	200.000	-0.004	200.000	3.627	6.251	1771878506.255
350	200.000	-0.015	199.999	2.835	3.692	1771878506.521
351	200.000	-0.015	199.999	0.899	1.305	1771878506.817
352	200.000	-0.026	199.996	3.076	5.950	1771878507.061
353	200.000	-0.030	200.000	3.143	3.541	1771878507.312
354	200.000	-0.000	200.001	1.323	0.787	1771878507.538
355	200.000	-0.065	199.999	3.168	5.990	1771878507.820
356	200.000	-0.051	200.001	3.176	3.382	1771878508.079
357	200.000	0.013	200.001	1.736	0.615	1771878508.336
358	200.000	0.025	200.002	2.270	5.599	1771878508.594
359	200.000	-0.018	200.001	3.067	3.363	1771878508.835
360	200.000	0.005	199.997	2.216	0.467	1771878509.086
361	200.000	-0.013	199.999	2.368	5.655	1771878509.350
362	200.000	-0.003	199.999	3.065	3.315	1771878509.607
363	200.000	0.016	200.003	2.899	0.276	1771878509.913
364	200.000	-0.009	199.999	1.602	4.361	1771878510.207
365	200.000	-0.012	200.000	1.589	2.918	1771878510.466
366	200.000	0.010	200.000	3.716	0.102	1771878510.693
367	200.000	-0.008	199.996	2.087	4.049	1771878510.965
368	200.000	-0.033	200.000	1.044	2.673	1771878511.196
369	200.000	0.007	199.996	3.699	0.033	1771878511.461
370	200.000	-0.008	200.000	2.397	3.884	1771878511.713
371	200.000	0.034	200.003	1.178	2.845	1771878511.960
372	200.000	0.030	200.002	3.668	0.037	1771878512.210
373	200.000	-0.006	200.000	2.467	3.802	1771878512.442
374	200.000	0.021	200.000	1.228	2.637	1771878512.688
375	200.000	-0.038	200.000	3.553	0.037	1771878512.947
376	200.000	0.009	200.003	2.665	3.803	1771878513.204
377	200.000	0.005	199.999	0.675	2.018	1771878513.453
378	200.000	-0.007	200.002	3.604	6.264	1771878513.713
379	200.000	-0.001	200.001	2.739	3.702	1771878513.964
380	200.000	-0.015	199.999	0.971	1.942	1771878514.211
381	200.000	0.038	199.999	3.379	6.162	1771878514.454
382	200.000	0.019	200.002	2.746	3.707	1771878514.677
383	200.000	0.026	200.003	0.877	2.232	1771878514.958
384	200.000	-0.019	200.000	3.321	6.091	1771878515.207
385	200.000	0.033	200.002	2.919	3.602	1771878515.460
386	200.000	0.006	200.001	0.841	1.297	1771878515.704
387	200.000	0.020	199.999	3.428	6.163	1771878515.934
388	200.000	-0.013	199.996	2.663	3.728	1771878516.202
389	200.000	-0.081	200.005	0.795	1.739	1771878516.445
390	200.000	0.010	199.998	3.169	6.061	1771878516.730
391	200.000	0.030	200.001	3.014	3.386	1771878516.961
392	200.000	0.013	200.002	1.061	0.680	1771878517.228
393	200.000	0.035	199.999	2.972	5.921	1771878517.476
394	200.000	-0.010	200.003	3.077	3.484	1771878517.717
395	200.000	0.001	200.001	1.243	0.721	1771878517.972
396	200.000	0.026	200.001	2.968	5.942	1771878518.235
397	200.000	-0.040	200.001	3.227	3.513	1771878518.475
398	200.000	-0.005	200.000	1.162	0.733	1771878518.699
399	200.000	-0.006	199.998	2.885	5.931	1771878518.976
400	200.000	-0.022	200.001	2.951	3.419	1771878519.219
401	200.000	0.042	200.002	1.370	0.583	1771878519.492
402	200.000	0.082	200.003	1.947	5.497	1771878519.791
403	200.000	-0.040	199.999	2.627	3.243	1771878520.044
404	200.000	0.073	199.997	2.803	0.340	1771878520.270
405	200.000	0.006	200.002	1.727	5.260	1771878520.536
406	200.000	-0.020	199.997	2.619	3.189	1771878520.797
407	200.000	0.021	199.999	3.347	0.158	1771878521.099
408	200.000	-0.011	199.999	2.057	4.040	1771878521.335
409	200.000	-0.020	200.001	1.625	2.948	1771878521.592
410	200.000	-0.001	200.004	3.430	0.010	1771878521.841
411	200.000	0.031	199.998	2.409	3.991	1771878522.139
412	200.000	-0.002	200.001	0.763	1.290	1771878522.434
413	200.000	0.000	199.999	2.834	5.938	1771878522.706
414	200.000	-0.050	199.992	3.188	3.464	1771878522.938
415	200.000	-0.031	199.999	1.633	0.588	1771878523.195
416	200.000	0.010	200.003	2.994	5.956	1771878523.413
417	200.000	-0.017	199.999	3.142	3.572	1771878523.695
418	200.000	-0.019	199.995	1.457	0.727	1771878523.930
419	200.000	-0.057	200.002	2.641	5.820	1771878524.198
420	200.000	-0.031	200.001	3.108	3.430	1771878524.454
421	200.000	-0.017	199.999	2.098	0.420	1771878524.751
422	200.000	0.021	199.999	1.747	5.053	1771878525.003
423	200.000	0.006	200.001	2.903	3.345	1771878525.271
424	200.000	0.003	199.997	3.217	0.209	1771878525.570
425	200.000	0.010	199.998	1.934	4.222	1771878525.811
426	200.000	-0.010	200.001	2.297	3.101	1771878526.072
427	200.000	-0.015	199.996	3.483	0.039	1771878526.320
428	200.000	0.033	199.996	1.945	4.204	1771878526.543
429	200.000	0.023	199.999	1.976	3.054	1771878526.806
430	200.000	0.036	200.003	3.488	0.058	1771878527.058
431	200.000	0.038	200.002	2.013	4.045	1771878527.319
432	200.000	0.021	200.000	1.435	2.884	1771878527.585
433	200.000	0.006	200.000	3.411	6.188	1771878527.886
434	200.000	0.002	199.998	2.781	3.581	1771878528.107
435	200.000	0.010	200.000	0.736	2.051	1771878528.369
436	200.000	0.041	200.000	3.318	6.148	1771878528.627
437	200.000	-0.019	200.002	2.866	3.620	1771878528.885
438	200.000	-0.037	199.998	0.808	1.321	1771878529.133
439	200.000	-0.017	200.005	2.745	5.944	1771878529.436
440	200.000	0.025	200.003	3.019	3.454	1771878529.694
441	200.000	0.073	200.003	2.049	0.458	1771878529.963
442	200.000	-0.038	200.001	2.089	5.583	1771878530.193
443	200.000	-0.007	200.002	2.946	3.327	1771878530.474
444	200.000	0.025	200.000	2.423	0.387	1771878530.699
445	200.000	0.032	200.002	1.860	5.475	1771878530.959
446	200.000	-0.016	199.999	2.767	3.282	1771878531.217
447	200.000	0.067	200.001	2.865	0.314	1771878531.526
448	200.000	-0.050	200.000	1.918	4.305	1771878531.748
449	200.000	0.001	200.004	2.354	3.147	1771878532.022
450	200.000	0.022	199.998	3.485	0.174	1771878532.274
451	200.000	0.005	199.998	2.076	4.179	1771878532.518
452	200.000	0.071	200.001	1.716	3.006	1771878532.785
453	200.000	-0.056	199.996	3.569	0.187	1771878533.013
454	200.000	0.007	200.001	2.008	4.117	1771878533.272
455	200.000	-0.041	199.998	1.654	2.934	1771878533.524
456	200.000	0.051	200.001	3.516	0.037	1771878533.780
457	200.000	0.007	199.996	2.296	3.982	1771878534.038
458	200.000	0.046	200.003	0.886	2.351	1771878534.334
459	200.000	0.043	200.001	3.111	6.002	1771878534.578
460	200.000	0.035	200.000	2.950	3.526	1771878534.840
461	200.000	0.030	199.999	0.893	1.327	1771878535.070
462	200.000	-0.032	199.998	3.254	6.118	1771878535.328
463	200.000	0.002	199.998	3.080	3.570	1771878535.581
464	200.000	-0.010	200.000	0.761	1.253	1771878535.812
465	200.000	0.007	200.002	3.282	6.128	1771878536.080
466	200.000	0.062	199.998	3.047	3.567	1771878536.313
467	200.000	0.018	200.002	0.729	1.435	1771878536.597
468	200.000	-0.027	199.999	2.797	5.909	1771878536.834
469	200.000	-0.008	199.999	3.119	3.506	1771878537.096
470	200.000	0.026	200.003	1.187	0.864	1771878537.331
471	200.000	0.002	199.997	3.174	6.099	1771878537.558
472	200.000	0.017	200.001	3.165	3.548	1771878537.836
473	200.000	-0.002	200.000	1.021	0.892	1771878538.063
474	200.000	-0.027	200.001	2.759	5.963	1771878538.339
475	200.000	0.000	199.995	3.187	3.475	1771878538.553
476	200.000	-0.040	200.000	0.874	0.930	1771878538.845
477	200.000	0.022	199.996	2.695	5.999	1771878539.077
478	200.000	0.008	200.000	3.158	3.445	1771878539.309
479	200.000	0.029	200.001	1.265	0.972	1771878539.568
480	200.000	0.021	200.000	2.724	5.941	1771878539.824
481	200.000	0.001	200.003	3.173	3.453	1771878540.064
482	200.000	0.008	199.999	1.538	0.533	1771878540.320
483	200.000	-0.002	199.996	2.379	5.849	1771878540.604
484	200.000	0.004	200.003	2.750	3.320	1771878540.913
485	200.000	-0.008	200.001	3.400	0.143	1771878541.205
486	200.000	-0.026	199.997	1.898	4.126	1771878541.444
487	200.000	-0.007	199.997	1.400	2.897	1771878541.726
488	200.000	0.018	200.000	3.597	0.117	1771878541.975
489	200.000	-0.022	200.003	2.221	3.857	1771878542.228
490	200.000	0.001	200.000	1.198	2.775	1771878542.475
491	200.000	0.004	200.000	3.589	0.104	1771878542.738
492	200.000	-0.021	200.001	2.644	3.642	1771878543.025
493	200.000	0.025	200.001	1.024	1.036	1771878543.283
494	200.000	-0.008	200.002	3.148	6.073	1771878543.546
495	200.000	0.033	200.002	3.097	3.565	1771878543.804
496	200.000	0.018	199.999	1.957	0.525	1771878544.102
497	200.000	0.012	200.000	1.948	5.549	1771878544.322
498	200.000	0.001	199.999	2.862	3.373	1771878544.621
499	200.000	-0.009	200.001	3.122	0.181	1771878544.917
500	200.000	-0.031	200.004	1.785	4.234	1771878545.171
501	200.000	0.002	200.002	2.126	3.165	1771878545.395
502	200.000	0.001	200.003	3.379	0.204	1771878545.675
503	200.000	0.029	200.002	1.897	4.044	1771878545.969
504	200.000	0.020	200.002	0.895	2.695	1771878546.241
505	200.000	-0.009	199.998	3.042	6.093	1771878546.543
506	200.000	-0.021	200.001	3.249	3.523	1771878546.787
507	200.000	-0.024	200.001	1.165	0.732	1771878547.033
508	200.000	0.012	200.003	2.669	5.927	1771878547.287
509	200.000	-0.002	200.000	3.243	3.379	1771878547.515
510	200.000	0.049	200.000	1.484	0.655	1771878547.785
511	200.000	0.039	200.003	3.058	6.031	1771878548.019
512	200.000	0.034	200.001	3.036	3.516	1771878548.291
513	200.000	-0.013	199.998	1.541	0.622	1771878548.549
514	200.000	-0.021	200.001	1.999	5.699	1771878548.848
515	200.000	-0.013	200.003	2.991	3.323	1771878549.065
516	200.000	0.006	199.997	2.404	0.473	1771878549.339
517	200.000	0.025	199.996	1.579	5.152	1771878549.593
518	200.000	-0.037	200.002	3.099	3.380	1771878549.850
519	200.000	-0.020	199.997	3.142	0.324	1771878550.108
520	200.000	-0.046	200.003	1.517	4.512	1771878550.405
521	200.000	0.031	199.998	1.903	3.081	1771878550.629
522	200.000	0.010	199.996	3.332	0.223	1771878550.902
523	200.000	0.005	200.001	1.920	4.195	1771878551.152
524	200.000	-0.008	199.999	1.578	3.021	1771878551.445
525	200.000	-0.049	200.000	3.233	6.223	1771878551.746
526	200.000	0.009	200.003	3.158	3.649	1771878551.982
527	200.000	0.013	200.003	0.890	1.276	1771878552.210
528	200.000	-0.010	200.001	3.367	6.243	1771878552.473
529	200.000	0.011	199.998	2.951	3.700	1771878552.705
530	200.000	-0.003	200.000	0.584	1.821	1771878552.974
531	200.000	-0.029	199.998	3.041	6.151	1771878553.225
532	200.000	0.047	200.002	2.948	3.705	1771878553.446
533	200.000	0.017	199.994	0.861	1.204	1771878553.731
534	200.000	0.004	199.999	3.170	6.218	1771878553.958
535	200.000	-0.002	199.999	2.821	3.698	1771878554.233
536	200.000	-0.033	200.001	0.846	1.472	1771878554.462
537	200.000	-0.036	199.998	3.068	6.223	1771878554.728
538	200.000	0.017	200.001	3.171	3.562	1771878554.993
539	200.000	-0.012	200.001	1.680	0.579	1771878555.281
540	200.000	-0.007	200.001	2.105	5.545	1771878555.525
541	200.000	-0.048	200.000	3.059	3.412	1771878555.796
542	200.000	-0.011	199.997	2.612	0.471	1771878556.038
543	200.000	-0.000	200.000	1.913	5.599	1771878556.285
544	200.000	0.005	199.998	2.886	3.423	1771878556.537
545	200.000	0.002	200.001	2.149	0.475	1771878556.761
546	200.000	0.014	199.998	2.097	5.855	1771878557.034
547	200.000	-0.022	200.000	3.251	3.492	1771878557.267
548	200.000	-0.006	199.999	2.009	0.632	1771878557.554
549	200.000	0.008	200.000	1.736	5.409	1771878557.784
550	200.000	0.002	200.001	3.245	3.480	1771878558.032
551	200.000	-0.009	199.999	2.436	0.503	1771878558.276
552	200.000	-0.020	200.002	1.617	5.409	1771878558.538
553	200.000	-0.013	200.001	2.863	3.378	1771878558.786
554	200.000	-0.005	199.998	2.547	0.478	1771878559.011
555	200.000	0.002	200.000	1.920	5.682	1771878559.283
556	200.000	0.028	200.001	2.740	3.371	1771878559.548
557	200.000	-0.028	199.995	3.080	0.170	1771878559.872
558	200.000	0.016	200.002	2.479	3.900	1771878560.179
559	200.000	-0.063	200.006	0.598	1.899	1771878560.404
560	200.000	0.011	200.001	3.119	6.271	1771878560.680
561	200.000	0.030	199.999	2.928	3.662	1771878560.913
562	200.000	-0.024	200.002	0.617	1.859	1771878561.161
563	200.000	-0.013	199.999	3.336	6.279	1771878561.401
564	200.000	0.021	200.003	2.901	3.758	1771878561.652
565	200.000	-0.030	199.997	0.522	1.495	1771878561.929
566	200.000	-0.024	200.001	2.285	5.988	1771878562.231
567	200.000	0.042	200.001	2.869	3.498	1771878562.526
568	200.000	-0.008	200.001	2.806	0.367	1771878562.786
569	200.000	0.016	200.000	1.407	4.976	1771878563.017
570	200.000	-0.019	199.998	2.503	3.410	1771878563.284
571	200.000	-0.006	199.999	3.028	0.302	1771878563.533
572	200.000	-0.020	200.000	1.422	4.299	1771878563.829
573	200.000	-0.005	200.000	1.649	3.195	1771878564.063
574	200.000	0.017	199.999	3.232	0.174	1771878564.337
575	200.000	-0.029	200.002	2.122	3.980	1771878564.575
576	200.000	-0.012	200.001	1.680	3.130	1771878564.833
577	200.000	0.026	200.000	3.378	0.143	1771878565.069
578	200.000	-0.000	199.999	2.015	4.037	1771878565.301
579	200.000	0.018	200.001	1.692	3.180	1771878565.571
580	200.000	-0.034	200.001	3.271	0.242	1771878565.806
581	200.000	0.016	199.999	1.708	4.187	1771878566.061
582	200.000	0.019	200.002	1.328	2.976	1771878566.307
583	200.000	-0.053	200.005	3.323	0.179	1771878566.537
584	200.000	-0.048	200.003	1.944	3.996	1771878566.809
585	200.000	-0.029	200.001	1.410	3.024	1771878567.094
586	200.000	-0.057	200.003	3.065	0.037	1771878567.383
587	200.000	-0.000	199.998	3.048	3.720	1771878567.628
588	200.000	0.010	200.001	0.682	1.321	1771878567.889
589	200.000	-0.017	200.003	3.152	6.253	1771878568.135
590	200.000	-0.002	200.003	2.880	3.640	1771878568.382
591	200.000	0.012	200.001	0.722	1.207	1771878568.611
592	200.000	0.028	199.997	3.040	6.251	1771878568.876
593	200.000	-0.037	200.001	2.902	3.647	1771878569.134
594	200.000	-0.033	199.999	0.726	1.250	1771878569.387
595	200.000	-0.037	199.996	2.690	6.015	1771878569.647
596	200.000	-0.035	199.997	3.093	3.587	1771878569.939
597	200.000	0.015	200.004	1.649	0.600	1771878570.173
598	200.000	0.023	200.003	2.038	5.901	1771878570.441
599	200.000	0.055	200.001	3.137	3.481	1771878570.697
600	200.000	0.023	200.000	1.891	0.538	1771878570.940
601	200.000	-0.036	200.005	1.737	5.563	1771878571.195
602	200.000	-0.036	200.001	3.239	3.449	1771878571.441
603	200.000	-0.032	200.002	1.943	0.452	1771878571.685
604	200.000	0.013	199.998	2.007	5.729	1771878571.920
605	200.000	0.004	200.000	3.117	3.458	1771878572.193
606	200.000	0.024	200.000	2.304	0.373	1771878572.447
607	200.000	0.006	199.999	1.575	5.302	1771878572.752
608	200.000	0.012	199.999	2.207	3.214	1771878573.020
609	200.000	0.047	200.002	3.107	0.214	1771878573.300
610	200.000	0.009	200.003	2.089	4.026	1771878573.574
611	200.000	-0.050	200.001	1.098	3.009	1771878573.805
612	200.000	0.020	199.999	3.234	0.168	1771878574.056
613	200.000	0.015	199.998	2.433	3.787	1771878574.334
614	200.000	0.027	200.000	0.661	2.002	1771878574.612
615	200.000	-0.004	200.001	2.495	6.137	1771878574.929
616	200.000	-0.018	199.999	2.924	3.337	1771878575.212
617	200.000	-0.023	200.001	2.564	0.347	1771878575.462
618	200.000	-0.024	200.001	1.495	5.374	1771878575.714
619	200.000	-0.015	199.998	3.088	3.404	1771878575.947
620	200.000	0.015	199.999	2.434	0.332	1771878576.208
621	200.000	-0.001	200.001	1.513	5.436	1771878576.448
622	200.000	-0.026	199.996	3.110	3.399	1771878576.708
623	200.000	0.049	200.002	2.514	0.310	1771878576.967
624	200.000	0.023	200.002	1.489	5.448	1771878577.220
625	200.000	0.024	200.002	2.433	3.379	1771878577.510
626	200.000	0.028	200.003	3.252	0.153	1771878577.781
627	200.000	0.017	199.998	1.837	4.075	1771878578.016
628	200.000	0.023	199.998	1.863	3.215	1771878578.286
629	200.000	-0.006	200.001	2.996	0.056	1771878578.601
630	200.000	-0.008	200.002	2.930	3.522	1771878578.884
631	200.000	-0.000	200.000	0.888	0.483	1771878579.147
632	200.000	-0.009	199.999	2.166	5.955	1771878579.405
633	200.000	-0.018	200.000	3.125	3.476	1771878579.639
634	200.000	-0.014	199.998	1.257	0.545	1771878579.893
635	200.000	-0.020	200.002	2.788	6.147	1771878580.129
636	200.000	0.007	199.997	3.091	3.475	1771878580.398
637	200.000	-0.064	200.000	1.068	0.570	1771878580.629
638	200.000	-0.007	199.999	2.930	6.164	1771878580.880
639	200.000	0.011	200.000	3.032	3.496	1771878581.154
640	200.000	-0.026	200.000	1.542	0.491	1771878581.397
641	200.000	-0.018	200.005	2.207	5.873	1771878581.652
642	200.000	-0.037	200.000	3.104	3.437	1771878581.904
643	200.000	-0.001	200.003	1.293	0.401	1771878582.135
644	200.000	-0.048	199.999	2.368	6.014	1771878582.410
645	200.000	0.006	199.998	3.165	3.419	1771878582.684
646	200.000	0.039	199.998	1.985	0.335	1771878582.953
647	200.000	-0.003	200.001	1.793	5.807	1771878583.202
648	200.000	0.002	200.003	3.115	3.467	1771878583.428
649	200.000	-0.043	200.001	1.887	0.334	1771878583.715
650	200.000	0.017	199.999	1.614	5.450	1771878583.924
651	200.000	-0.094	200.000	3.272	3.464	1771878584.196
652	200.000	-0.038	199.998	2.086	0.303	1771878584.447
653	200.000	-0.035	200.003	1.704	5.638	1771878584.719
654	200.000	0.007	199.997	2.941	3.332	1771878584.973
655	200.000	-0.044	200.000	2.492	0.222	1771878585.241
656	200.000	0.009	200.000	1.383	5.248	1771878585.502
657	200.000	-0.027	199.998	2.679	3.280	1771878585.785
658	200.000	0.015	200.004	3.189	0.096	1771878586.080
659	200.000	-0.027	200.006	2.584	3.716	1771878586.374
660	200.000	-0.003	200.002	0.382	2.103	1771878586.639
661	200.000	-0.012	200.002	2.884	6.179	1771878586.890
662	200.000	0.073	199.998	2.830	3.686	1771878587.129
663	200.000	-0.017	199.999	0.371	2.056	1771878587.387
664	200.000	-0.029	200.002	3.184	0.089	1771878587.622
665	200.000	0.022	199.999	1.844	4.013	1771878587.865
666	200.000	0.035	199.998	1.765	3.161	1771878588.124
667	200.000	0.005	199.998	3.279	0.083	1771878588.400
668	200.000	0.047	200.001	2.623	3.725	1771878588.672
669	200.000	0.026	199.999	0.614	2.543	1771878588.936
670	200.000	0.023	200.003	3.180	0.001	1771878589.166
671	200.000	0.028	200.000	2.206	3.791	1771878589.431
672	200.000	0.002	199.999	0.402	2.803	1771878589.679
673	200.000	-0.009	199.998	3.110	0.039	1771878589.961
674	200.000	0.033	199.999	3.132	3.509	1771878590.188
675	200.000	-0.025	199.999	0.361	2.645	1771878590.406
676	200.000	0.000	200.000	3.040	0.012	1771878590.723
677	200.000	0.019	199.999	3.187	3.508	1771878591.010
678	200.000	0.030	199.999	1.400	0.447	1771878591.246
679	200.000	0.033	199.997	2.250	5.944	1771878591.529
680	200.000	-0.001	199.996	2.952	3.394	1771878591.800
681	200.000	-0.014	200.003	2.245	0.263	1771878592.079
682	200.000	0.033	200.001	1.510	5.426	1771878592.312
683	200.000	0.040	199.997	3.071	3.420	1771878592.590
684	200.000	0.039	200.004	2.533	0.228	1771878592.889
685	200.000	-0.007	199.998	1.442	4.229	1771878593.125
686	200.000	0.068	199.999	2.516	3.331	1771878593.362
687	200.000	-0.030	200.002	3.026	0.130	1771878593.619
688	200.000	-0.015	200.002	1.610	4.151	1771878593.879
689	200.000	0.025	199.999	2.244	3.285	1771878594.127
690	200.000	0.012	199.997	2.797	0.183	1771878594.384
691	200.000	-0.017	200.002	1.578	4.160	1771878594.631
692	200.000	0.038	200.000	2.172	3.236	1771878594.918
693	200.000	0.024	199.998	3.140	0.048	1771878595.216
694	200.000	-0.034	200.001	2.482	3.619	1771878595.486
695	200.000	0.019	199.996	0.230	2.255	1771878595.765
696	200.000	-0.028	200.001	3.260	6.274	1771878596.005
697	200.000	0.016	199.997	1.437	4.366	1771878596.274
698	200.000	0.002	199.995	2.649	3.291	1771878596.512
699	200.000	0.070	200.000	2.937	0.140	1771878596.797
700	200.000	-0.043	200.001	2.174	3.726	1771878597.083
701	200.000	-0.004	199.999	0.431	2.942	1771878597.338
702	200.000	0.004	200.002	3.380	0.008	1771878597.562
703	200.000	0.002	200.001	2.335	3.723	1771878597.827
704	200.000	0.026	199.999	0.477	3.012	1771878598.081
705	200.000	0.011	200.003	2.934	6.200	1771878598.356
706	200.000	0.001	199.996	3.189	3.439	1771878598.623
707	200.000	-0.026	200.002	1.009	0.412	1771878598.902
708	200.000	-0.009	200.000	2.204	6.024	1771878599.168
709	200.000	-0.011	200.000	2.605	3.454	1771878599.486
710	200.000	0.036	200.001	2.877	0.228	1771878599.781
711	200.000	-0.032	199.999	2.234	3.777	1771878600.072
712	200.000	0.049	200.001	0.175	1.934	1771878600.355
713	200.000	0.002	199.997	2.174	5.973	1771878600.654
714	200.000	-0.022	200.004	3.372	3.456	1771878600.877
715	200.000	0.034	199.997	1.202	0.425	1771878601.142
716	200.000	0.001	200.000	2.250	5.913	1771878601.389
717	200.000	0.018	199.999	3.350	3.453	1771878601.657
718	200.000	0.009	200.000	1.908	0.277	1771878601.938
719	200.000	0.032	200.003	1.581	5.477	1771878602.202
720	200.000	0.064	200.006	2.897	3.411	1771878602.462
721	200.000	-0.029	200.003	2.547	0.218	1771878602.717
722	200.000	0.014	199.997	1.297	5.174	1771878602.969
723	200.000	0.001	199.994	2.827	3.352	1771878603.216
724	200.000	0.003	199.999	2.685	0.146	1771878603.468
725	200.000	-0.019	200.003	1.867	3.921	1771878603.710
726	200.000	-0.063	199.995	0.193	0.626	1771878604.030
727	200.000	0.001	199.999	2.933	6.196	1771878604.267
728	200.000	0.022	200.000	2.866	3.586	1771878604.523
729	200.000	0.042	200.000	0.399	3.379	1771878604.781
730	200.000	-0.017	199.999	2.887	6.206	1771878605.028
731	200.000	0.000	199.998	3.025	3.564	1771878605.259
732	200.000	0.005	199.997	0.300	3.133	1771878605.528
733	200.000	0.009	200.003	2.951	6.235	1771878605.779
734	200.000	-0.037	199.998	2.541	3.650	1771878606.027
735	200.000	0.018	200.005	0.711	3.104	1771878606.279
736	200.000	-0.015	200.001	3.232	0.064	1771878606.521
737	200.000	0.043	200.002	2.714	3.603	1771878606.755
738	200.000	0.010	200.000	0.120	3.850	1771878607.028
739	200.000	0.037	200.000	3.083	6.229	1771878607.279
740	200.000	-0.013	200.003	2.615	3.638	1771878607.521
741	200.000	0.002	200.004	0.495	3.072	1771878607.779
742	200.000	-0.017	200.001	2.893	0.008	1771878608.037
743	200.000	-0.074	200.002	3.109	3.552	1771878608.326
744	200.000	0.016	200.001	0.478	0.454	1771878608.566
745	200.000	0.040	199.997	2.878	6.194	1771878608.842
746	200.000	0.011	200.002	3.245	3.551	1771878609.097
747	200.000	-0.043	200.004	0.795	0.400	1771878609.386
748	200.000	0.021	199.998	2.336	5.989	1771878609.620
749	200.000	0.023	199.998	3.430	3.417	1771878609.897
750	200.000	-0.021	199.999	1.999	0.316	1771878610.144
751	200.000	-0.057	199.999	1.707	5.825	1771878610.391
752	200.000	-0.012	200.000	3.272	3.471	1771878610.647
753	200.000	0.056	199.999	1.888	0.237	1771878610.893
754	200.000	0.022	199.999	1.699	5.828	1771878611.160
755	200.000	-0.030	199.999	3.386	3.392	1771878611.386
756	200.000	0.040	200.002	1.756	0.278	1771878611.666
757	200.000	0.042	199.999	1.036	5.198	1771878611.964
758	200.000	0.008	200.003	2.300	3.321	1771878612.227
759	200.000	-0.003	199.998	2.966	0.169	1771878612.533
760	200.000	0.056	200.000	2.048	3.737	1771878612.765
761	200.000	0.024	200.003	2.142	3.377	1771878613.005
762	200.000	0.020	200.001	2.826	0.179	1771878613.285
763	200.000	0.013	200.001	1.661	3.914	1771878613.580
764	200.000	0.073	200.000	1.289	3.408	1771878613.816
765	200.000	0.009	200.000	3.152	0.123	1771878614.100
766	200.000	0.070	200.005	2.273	3.617	1771878614.378
767	200.000	-0.009	200.003	0.053	3.931	1771878614.637
768	200.000	-0.029	199.997	2.986	0.027	1771878614.862
769	200.000	0.012	200.001	2.880	3.615	1771878615.156
770	200.000	0.035	199.998	0.196	3.865	1771878615.395
771	200.000	0.021	200.000	3.237	0.096	1771878615.648
772	200.000	0.001	200.000	2.621	3.669	1771878615.902
773	200.000	0.009	200.000	0.352	4.011	1771878616.170
774	200.000	0.003	199.998	3.255	0.151	1771878616.410
775	200.000	-0.033	200.000	2.430	3.697	1771878616.633
776	200.000	-0.074	199.999	1.201	3.502	1771878616.922
777	200.000	0.069	199.998	3.117	0.018	1771878617.140
778	200.000	0.049	200.000	2.320	3.653	1771878617.425
779	200.000	0.009	199.997	0.160	5.715	1771878617.740
780	200.000	-0.026	199.999	2.359	6.125	1771878617.974
781	200.000	0.046	199.998	3.331	3.515	1771878618.200
782	200.000	-0.025	200.001	0.135	2.956	1771878618.475
783	200.000	0.022	199.998	2.620	6.195	1771878618.720
784	200.000	0.036	199.998	3.376	3.472	1771878618.976
785	200.000	-0.012	200.001	1.360	0.244	1771878619.204
786	200.000	0.023	200.000	2.423	6.188	1771878619.482
787	200.000	0.040	200.001	3.346	3.453	1771878619.736
788	200.000	0.000	200.001	1.140	0.301	1771878620.037
789	200.000	0.002	200.003	1.270	5.648	1771878620.295
790	200.000	0.001	199.997	2.803	3.442	1771878620.603
791	200.000	0.013	199.999	2.811	0.241	1771878620.853
792	200.000	-0.021	199.997	1.265	4.137	1771878621.102
793	200.000	0.023	200.000	2.391	3.462	1771878621.340
794	200.000	-0.020	199.999	2.887	0.189	1771878621.597
795	200.000	0.002	200.000	1.012	4.450	1771878621.837
796	200.000	-0.001	200.004	2.457	3.462	1771878622.138
797	200.000	-0.028	199.998	3.300	0.202	1771878622.383
798	200.000	0.045	199.997	1.578	3.891	1771878622.640
799	200.000	-0.043	199.997	2.173	3.456	1771878622.872
800	200.000	0.008	200.001	2.896	0.231	1771878623.096
801	200.000	-0.019	199.996	1.295	4.097	1771878623.379
802	200.000	-0.013	199.999	2.318	3.450	1771878623.626
803	200.000	-0.005	199.998	3.053	0.218	1771878623.882
804	200.000	0.012	200.003	1.902	3.974	1771878624.106
805	200.000	-0.012	200.002	2.210	3.630	1771878624.390
806	200.000	0.048	199.998	3.171	0.240	1771878624.601
807	200.000	0.032	199.998	1.261	4.184	1771878624.877
808	200.000	-0.002	200.006	2.163	3.567	1771878625.125
809	200.000	-0.021	200.003	3.134	0.191	1771878625.397
810	200.000	0.007	200.000	2.525	3.625	1771878625.679
811	200.000	-0.018	199.997	0.996	3.649	1771878625.957
812	200.000	-0.007	199.999	3.065	0.050	1771878626.194
813	200.000	-0.008	200.000	3.127	3.597	1771878626.462
814	200.000	-0.025	200.001	0.285	6.257	1771878626.743
815	200.000	-0.022	200.005	2.496	6.223	1771878626.992
816	200.000	-0.002	200.000	3.426	3.485	1771878627.253
817	200.000	0.008	200.000	0.963	0.082	1771878627.501
818	200.000	-0.014	199.996	2.458	6.191	1771878627.764
819	200.000	-0.010	199.997	3.313	3.516	1771878628.070
820	200.000	0.011	200.001	2.085	0.201	1771878628.312
821	200.000	0.051	199.998	1.023	5.530	1771878628.580
822	200.000	-0.019	199.999	1.889	3.507	1771878628.905
823	200.000	-0.000	199.998	2.903	0.057	1771878629.189
824	200.000	-0.006	200.001	3.358	3.529	1771878629.463
825	200.000	0.004	199.999	1.080	0.235	1771878629.774
826	200.000	0.056	200.001	0.999	5.463	1771878630.055
827	200.000	0.030	200.002	1.882	3.585	1771878630.321
828	200.000	0.004	200.005	3.255	0.091	1771878630.554
829	200.000	-0.035	200.005	2.282	3.661	1771878630.831
830	200.000	0.002	199.996	0.967	3.725	1771878631.116
831	200.000	0.004	200.002	3.205	0.129	1771878631.370
832	200.000	-0.020	200.001	1.521	3.811	1771878631.601
833	200.000	-0.017	199.998	3.078	3.505	1771878631.873
834	200.000	0.023	200.000	2.936	0.117	1771878632.131
835	200.000	-0.023	200.003	3.554	3.455	1771878632.374
836	200.000	0.018	199.998	0.986	6.238	1771878632.627
837	200.000	-0.012	199.997	2.378	6.165	1771878632.878
838	200.000	-0.012	200.000	3.449	3.512	1771878633.136
839	200.000	-0.016	200.001	0.775	6.209	1771878633.380
840	200.000	0.010	200.002	1.782	5.988	1771878633.701
841	200.000	-0.011	199.995	3.469	3.421	1771878633.944
842	200.000	-0.022	200.000	1.980	0.058	1771878634.194
843	200.000	0.033	200.002	1.163	5.558	1771878634.432
844	200.000	-0.018	199.999	3.468	3.355	1771878634.692
845	200.000	-0.011	199.999	2.032	0.105	1771878634.937
846	200.000	0.003	200.000	1.040	5.296	1771878635.225
847	200.000	-0.000	199.998	3.217	3.453	1771878635.452
848	200.000	0.025	200.001	1.953	0.165	1771878635.729
849	200.000	0.021	200.000	1.619	5.850	1771878635.960
850	200.000	-0.010	200.000	3.584	3.415	1771878636.203
851	200.000	0.011	199.999	1.277	0.069	1771878636.466
852	200.000	-0.000	199.996	1.813	5.929	1771878636.725
853	200.000	-0.011	200.002	3.604	3.430	1771878636.983
854	200.000	-0.010	200.000	1.381	0.147	1771878637.191
855	200.000	0.016	200.001	2.182	6.152	1771878637.498
856	200.000	-0.030	200.002	2.885	3.413	1771878637.797
857	200.000	0.014	200.001	2.925	0.196	1771878638.081
858	200.000	-0.044	200.006	1.169	4.285	1771878638.348
859	200.000	0.044	200.004	2.523	3.439	1771878638.611
860	200.000	-0.002	199.999	2.971	0.173	1771878638.923
861	200.000	-0.019	200.002	3.010	3.546	1771878639.142
862	200.000	-0.001	200.001	1.013	3.529	1771878639.415
863	200.000	0.006	200.002	3.386	0.136	1771878639.649
864	200.000	-0.012	200.000	2.388	3.633	1771878639.933
865	200.000	-0.018	200.002	0.278	5.515	1771878640.241
866	200.000	0.001	200.002	2.061	6.106	1771878640.520
867	200.000	-0.011	200.000	3.540	3.460	1771878640.805
868	200.000	0.017	200.002	1.754	0.164	1771878641.100
869	200.000	0.043	200.001	0.700	4.465	1771878641.376
870	200.000	0.036	200.006	1.961	3.525	1771878641.688
871	200.000	-0.045	199.999	3.149	0.079	1771878641.916
872	200.000	0.002	200.000	2.380	3.585	1771878642.200
873	200.000	0.070	199.999	0.997	3.726	1771878642.425
874	200.000	0.031	200.002	3.137	0.147	1771878642.697
875	200.000	0.014	200.002	2.073	3.643	1771878642.938
876	200.000	0.011	200.000	2.450	3.466	1771878643.184
877	200.000	0.038	200.002	3.040	0.150	1771878643.421
878	200.000	-0.027	200.001	1.902	3.644	1771878643.654
879	200.000	0.005	200.004	1.499	3.550	1771878643.944
880	200.000	-0.005	199.998	2.994	0.061	1771878644.175
881	200.000	-0.039	200.005	1.158	4.075	1771878644.417
882	200.000	-0.034	200.002	2.582	3.477	1771878644.672
883	200.000	0.005	199.998	2.946	0.062	1771878644.914
884	200.000	-0.015	199.999	1.860	3.674	1771878645.181
885	200.000	-0.019	199.998	1.409	3.659	1771878645.451
886	200.000	-0.029	199.997	2.649	6.242	1771878645.757
887	200.000	-0.003	199.999	3.285	3.453	1771878646.002
888	200.000	-0.051	200.001	0.540	4.297	1771878646.239
889	200.000	-0.050	200.001	3.125	0.100	1771878646.502
890	200.000	0.002	199.998	3.375	3.502	1771878646.798
891	200.000	-0.023	200.001	2.009	0.069	1771878647.113
892	200.000	0.007	200.001	0.927	4.862	1771878647.364
893	200.000	-0.006	199.999	2.751	3.459	1771878647.616
894	200.000	0.007	200.000	2.821	0.136	1771878647.887
895	200.000	-0.008	199.996	2.386	3.683	1771878648.200
896	200.000	0.027	199.999	0.591	5.940	1771878648.508
897	200.000	0.027	199.999	2.630	6.234	1771878648.755
898	200.000	0.020	200.000	3.710	3.460	1771878648.995
899	200.000	0.009	199.998	0.545	5.811	1771878649.219
900	200.000	0.049	200.000	2.917	0.057	1771878649.486
901	200.000	0.021	200.000	3.593	3.457	1771878649.744
902	200.000	0.004	199.997	1.477	0.199	1771878649.997
903	200.000	0.005	199.999	1.655	5.992	1771878650.244
904	200.000	-0.027	200.000	3.691	3.426	1771878650.484
905	200.000	-0.058	199.997	1.349	0.012	1771878650.738
906	200.000	0.023	200.000	2.744	0.009	1771878650.974
907	200.000	0.013	200.000	3.529	3.526	1771878651.245
908	200.000	0.027	200.001	0.378	5.000	1771878651.481
909	200.000	-0.068	200.003	2.560	0.056	1771878651.757
910	200.000	0.035	200.000	3.549	3.587	1771878652.025
911	200.000	0.020	199.998	1.241	0.013	1771878652.303
912	200.000	-0.073	200.003	1.724	6.070	1771878652.530
913	200.000	-0.056	200.000	3.961	3.508	1771878652.796
914	200.000	0.019	200.000	0.724	6.024	1771878653.067
915	200.000	0.019	200.000	1.849	6.113	1771878653.368
916	200.000	-0.022	199.998	2.518	3.572	1771878653.602
917	200.000	-0.001	199.998	2.898	0.192	1771878653.853
918	200.000	-0.020	200.003	1.084	4.024	1771878654.103
919	200.000	-0.004	200.005	2.784	3.521	1771878654.389
920	200.000	0.021	199.999	2.878	0.168	1771878654.663
921	200.000	0.012	200.001	1.905	3.762	1771878654.945
922	200.000	0.051	200.002	2.134	3.566	1771878655.169
923	200.000	0.019	200.003	0.799	5.352	1771878655.432
924	200.000	-0.025	199.999	2.251	3.589	1771878655.670
925	200.000	-0.005	199.998	3.012	0.177	1771878655.936
926	200.000	0.007	200.001	1.404	3.936	1771878656.200
927	200.000	-0.030	200.000	1.650	3.549	1771878656.497
928	200.000	0.019	200.000	3.072	0.091	1771878656.738
929	200.000	0.012	199.998	2.195	3.644	1771878657.006
930	200.000	-0.029	200.000	0.753	3.641	1771878657.290
931	200.000	-0.007	200.001	2.810	0.066	1771878657.561
932	200.000	0.010	199.999	3.292	3.566	1771878657.798
933	200.000	-0.003	200.000	0.470	4.429	1771878658.052
934	200.000	-0.062	199.997	2.955	0.174	1771878658.308
935	200.000	-0.027	199.998	2.664	3.551	1771878658.566
936	200.000	0.027	200.002	0.585	3.910	1771878658.808
937	200.000	-0.007	200.001	3.017	0.129	1771878659.038
938	200.000	-0.024	200.001	1.434	3.902	1771878659.286
939	200.000	-0.006	199.999	2.613	3.582	1771878659.540
940	200.000	0.065	200.003	2.781	0.145	1771878659.811
941	200.000	0.024	200.001	1.604	3.637	1771878660.049
942	200.000	0.011	199.999	2.669	3.521	1771878660.271
943	200.000	0.005	199.998	2.789	0.182	1771878660.535
944	200.000	0.010	199.999	1.632	3.853	1771878660.793
945	200.000	-0.090	200.000	1.941	3.530	1771878661.041
946	200.000	0.004	199.998	2.869	0.214	1771878661.298
947	200.000	0.022	200.000	1.958	3.747	1771878661.563
948	200.000	0.038	200.000	1.764	3.552	1771878661.830
949	200.000	-0.002	200.000	2.808	0.040	1771878662.131
950	200.000	-0.027	200.002	3.313	3.534	1771878662.350
951	200.000	-0.035	200.001	0.711	4.312	1771878662.624
952	200.000	0.005	200.001	2.533	0.034	1771878662.874
953	200.000	-0.021	200.000	1.122	5.907	1771878663.141
954	200.000	0.039	199.998	2.513	3.615	1771878663.424
955	200.000	0.033	200.001	0.758	4.558	1771878663.691
956	200.000	0.012	200.003	1.273	0.047	1771878663.928
957	200.000	-0.014	200.005	2.381	0.075	1771878664.199
958	200.000	0.004	199.998	3.912	3.576	1771878664.445
959	200.000	-0.005	200.000	0.624	3.942	1771878664.695
960	200.000	-0.043	200.001	3.154	0.179	1771878664.956
961	200.000	-0.027	200.001	2.440	3.655	1771878665.185
962	200.000	-0.055	200.004	1.318	3.607	1771878665.426
963	200.000	-0.008	200.001	3.025	0.151	1771878665.680
964	200.000	0.013	200.003	1.053	5.813	1771878665.932
965	200.000	-0.007	199.997	1.884	3.563	1771878666.186
966	200.000	-0.028	200.000	3.092	0.228	1771878666.461
967	200.000	0.034	200.000	2.256	3.672	1771878666.740
968	200.000	0.002	199.999	2.019	3.581	1771878667.025
969	200.000	-0.050	200.001	3.055	0.142	1771878667.320
970	200.000	0.014	200.001	3.315	3.510	1771878667.576
971	200.000	-0.007	199.998	0.590	6.026	1771878667.877
972	200.000	0.015	200.001	2.520	6.265	1771878668.107
973	200.000	0.054	200.002	3.558	3.510	1771878668.379
974	200.000	0.021	200.002	0.966	5.955	1771878668.644
975	200.000	-0.026	200.001	2.209	0.044	1771878668.892
976	200.000	0.018	200.000	3.889	3.539	1771878669.155
977	200.000	-0.002	200.000	1.481	0.051	1771878669.445
978	200.000	-0.071	200.002	0.876	5.812	1771878669.703
979	200.000	0.034	200.001	3.286	3.543	1771878669.979
980	200.000	0.045	199.997	2.812	0.236	1771878670.197
981	200.000	0.001	199.999	1.099	3.864	1771878670.472
982	200.000	-0.031	200.001	2.678	3.575	1771878670.734
983	200.000	-0.003	200.002	3.090	0.242	1771878670.982
984	200.000	-0.035	200.003	1.627	3.741	1771878671.230
985	200.000	-0.014	200.001	1.620	3.610	1771878671.473
986	200.000	0.039	199.997	3.188	0.198	1771878671.725
987	200.000	0.008	199.999	2.197	3.632	1771878671.981
988	200.000	-0.053	199.994	0.368	5.278	1771878672.284
989	200.000	0.024	200.003	2.286	0.074	1771878672.542
990	200.000	-0.042	199.999	3.696	3.529	1771878672.782
991	200.000	-0.002	199.997	1.211	6.274	1771878673.017
992	200.000	0.007	200.003	2.866	0.065	1771878673.292
993	200.000	-0.002	199.998	3.345	3.552	1771878673.520
994	200.000	-0.016	200.002	0.846	3.743	1771878673.788
995	200.000	-0.019	199.998	2.265	0.091	1771878674.028
996	200.000	0.066	199.997	3.782	3.457	1771878674.281
997	200.000	0.009	199.999	0.770	6.259	1771878674.538
998	200.000	0.005	200.005	2.467	0.043	1771878674.764
999	200.000	-0.034	199.999	3.450	3.443	1771878675.031
1000	200.000	0.011	200.000	0.452	5.468	1771878675.267
1001	200.000	0.016	200.000	2.445	0.045	1771878675.540
1002	200.000	-0.010	199.999	4.069	3.519	1771878675.798
1003	200.000	-0.046	199.998	0.441	5.493	1771878676.046
1004	200.000	-0.036	200.007	2.427	0.116	1771878676.293
1005	200.000	0.013	199.999	3.732	3.568	1771878676.548
1006	200.000	0.006	200.004	1.784	0.145	1771878676.801
1007	200.000	-0.008	199.998	2.381	0.049	1771878677.021
1008	200.000	0.001	199.999	3.462	3.557	1771878677.293
1009	200.000	-0.007	199.995	0.833	6.030	1771878677.531
1010	200.000	-0.010	200.000	3.178	0.162	1771878677.812
1011	200.000	0.048	200.000	3.557	3.474	1771878678.102
1012	200.000	-0.024	200.000	1.625	3.658	1771878678.347
1013	200.000	-0.003	200.002	1.601	3.753	1771878678.562
1014	200.000	-0.007	199.996	1.650	3.740	1771878678.869
1015	200.000	0.003	200.002	1.617	3.686	1771878679.166
1016	200.000	0.024	199.998	1.658	3.704	1771878679.408
1017	200.000	-0.009	200.002	1.637	3.698	1771878679.640
1018	200.000	0.028	200.000	1.556	3.631	1771878679.915
1019	200.000	0.025	199.998	1.619	3.746	1771878680.136
1020	200.000	-0.020	199.999	1.770	3.645	1771878680.411
1021	200.000	0.066	199.999	1.540	3.637	1771878680.668
1022	200.000	0.043	200.000	1.739	3.670	1771878680.973
1023	200.000	0.049	200.001	1.669	3.690	1771878681.202
1024	200.000	0.010	200.000	1.607	3.690	1771878681.473
1025	200.000	0.046	200.000	1.630	3.685	1771878681.704
1026	200.000	-0.041	199.999	1.635	3.742	1771878681.973
1027	200.000	-0.025	200.004	1.612	3.761	1771878682.223
1028	200.000	0.087	199.998	1.771	3.754	1771878682.491
1029	200.000	0.006	199.998	1.586	3.729	1771878682.774
1030	200.000	-0.001	200.001	1.652	3.690	1771878683.044
1031	200.000	-0.038	199.999	1.548	3.666	1771878683.267
1032	200.000	0.011	200.005	1.642	3.711	1771878683.529
1033	200.000	-0.062	200.000	1.597	3.697	1771878683.792
1034	200.000	-0.002	200.001	1.697	3.753	1771878684.054
1035	200.000	0.037	200.000	1.594	3.671	1771878684.291
1036	200.000	-0.019	199.999	1.569	3.706	1771878684.527
1037	200.000	-0.004	200.002	1.514	3.730	1771878684.772
1038	200.000	0.025	200.004	1.548	3.667	1771878685.024
1039	200.000	-0.020	200.001	1.520	3.604	1771878685.276
1040	200.000	0.003	200.001	1.621	3.762	1771878685.525
1041	200.000	0.013	199.997	1.682	3.742	1771878685.775
1042	200.000	0.002	200.002	1.614	3.680	1771878686.040
1043	200.000	-0.052	200.000	1.689	3.680	1771878686.269
1044	200.000	-0.044	200.000	1.687	3.776	1771878686.544
1045	200.000	-0.010	200.002	1.591	3.725	1771878686.798
1046	200.000	-0.032	200.000	1.575	3.720	1771878687.064
1047	200.000	-0.039	200.003	1.602	3.644	1771878687.319
1048	200.000	-0.025	200.004	1.566	3.682	1771878687.587
1049	200.000	0.009	199.998	1.654	3.715	1771878687.875
1050	200.000	0.036	200.002	1.621	3.705	1771878688.122
1051	200.000	0.030	199.998	1.624	3.714	1771878688.349
1052	200.000	0.004	199.995	1.620	3.647	1771878688.834
1053	200.000	0.008	199.998	1.624	3.701	1771878689.064
1054	200.000	0.021	200.001	1.572	3.746	1771878689.339
1055	200.000	0.003	199.997	1.470	3.618	1771878689.565
1056	200.000	-0.026	199.999	1.577	3.711	1771878689.846
1057	200.000	-0.019	200.002	1.677	3.812	1771878690.081
1058	200.000	0.032	200.000	1.601	3.768	1771878690.330
1059	200.000	-0.026	199.998	1.672	3.720	1771878690.598
1060	200.000	0.004	200.002	1.560	3.645	1771878690.833
1061	200.000	0.020	200.000	1.715	3.719	1771878691.105
1062	200.000	0.003	200.000	1.660	3.758	1771878691.402
1063	200.000	0.027	199.999	1.697	3.722	1771878691.651
1064	200.000	0.006	199.999	1.552	3.709	1771878691.917
1065	200.000	-0.006	200.004	1.520	3.737	1771878692.198
1066	200.000	0.028	199.998	1.634	3.738	1771878692.456
1067	200.000	-0.030	200.004	1.663	3.673	1771878692.689
1068	200.000	-0.046	199.999	1.595	3.721	1771878692.954
1069	200.000	-0.006	200.003	1.603	3.719	1771878693.215
1070	200.000	0.029	200.001	1.509	3.726	1771878693.509
1071	200.000	-0.005	199.996	1.488	3.689	1771878693.768
1072	200.000	0.019	200.004	1.616	3.662	1771878694.015
1073	200.000	-0.051	200.002	1.659	3.711	1771878694.255
1074	200.000	-0.028	200.000	1.644	3.716	1771878694.525
1075	200.000	0.003	199.997	1.587	3.729	1771878694.776
1076	200.000	0.022	200.002	1.484	3.667	1771878694.996
1077	200.000	0.019	199.999	1.592	3.762	1771878695.262
1078	200.000	-0.081	199.999	1.657	3.672	1771878695.503
1079	200.000	-0.008	200.003	1.464	3.716	1771878695.776
1080	200.000	-0.011	200.004	1.557	3.682	1771878696.066
1081	200.000	0.012	199.997	1.666	3.770	1771878696.329
1082	200.000	0.051	199.998	1.655	3.716	1771878696.572
1083	200.000	-0.086	200.002	1.605	3.817	1771878696.830
1084	200.000	-0.009	199.999	1.705	3.791	1771878697.081
1085	200.000	0.006	199.998	1.557	3.782	1771878697.321
1086	200.000	0.014	200.000	1.674	3.836	1771878697.581
1087	200.000	0.042	200.002	1.597	3.730	1771878697.798
1088	200.000	-0.040	200.004	1.615	3.694	1771878698.104
1089	200.000	0.011	199.998	1.644	3.730	1771878698.384
1090	200.000	0.014	200.001	1.628	3.750	1771878698.632
1091	200.000	0.036	199.996	1.763	3.775	1771878698.869
1092	200.000	0.064	199.997	1.652	3.801	1771878699.155
1093	200.000	-0.013	200.000	1.524	3.793	1771878699.406
1094	200.000	0.023	200.003	1.601	3.823	1771878699.667
1095	200.000	-0.094	199.999	1.589	3.779	1771878699.881
1096	200.000	-0.015	199.998	1.651	3.769	1771878700.158
1097	200.000	-0.002	199.997	1.585	3.671	1771878700.392
1098	200.000	-0.001	200.000	1.675	3.736	1771878700.675
1099	200.000	-0.031	200.001	1.608	3.794	1771878700.959
1100	200.000	0.031	200.000	1.680	3.788	1771878701.215
1101	200.000	0.030	200.001	1.593	3.806	1771878701.467
1102	200.000	-0.055	200.001	1.570	3.796	1771878701.739
1103	200.000	-0.030	200.000	1.562	3.763	1771878701.982
1104	200.000	0.031	200.004	1.659	3.800	1771878702.226
1105	200.000	-0.070	199.997	1.503	3.735	1771878702.460
1106	200.000	-0.014	200.002	1.709	3.850	1771878702.728
1107	200.000	0.013	199.998	1.583	3.721	1771878702.968
1108	200.000	-0.008	199.999	1.587	3.812	1771878703.196
1109	200.000	0.038	200.000	1.693	3.787	1771878703.474
1110	200.000	-0.033	200.002	1.531	3.689	1771878703.724
1111	200.000	0.019	199.995	1.686	3.851	1771878703.981
1112	200.000	-0.027	200.003	1.686	3.774	1771878704.279
1113	200.000	-0.032	200.001	1.687	3.742	1771878704.528
1114	200.000	-0.019	199.997	1.682	3.802	1771878704.763
1115	200.000	0.018	199.997	1.605	3.733	1771878705.010
1116	200.000	0.018	199.996	1.615	3.716	1771878705.311
1117	200.000	-0.019	200.003	1.636	3.795	1771878705.556
1118	200.000	0.037	200.003	1.663	3.795	1771878705.794
1119	200.000	-0.010	200.002	1.499	3.589	1771878706.061
1120	200.000	-0.036	200.002	1.651	3.674	1771878706.303
1121	200.000	0.010	200.000	1.595	3.716	1771878706.537
1122	200.000	0.033	199.998	1.654	3.840	1771878706.798
1123	200.000	-0.043	199.998	1.606	3.777	1771878707.053
1124	200.000	0.012	199.999	1.658	3.708	1771878707.291
1125	200.000	-0.017	200.004	1.674	3.698	1771878707.557
1126	200.000	-0.023	199.998	1.537	3.720	1771878707.780
1127	200.000	-0.050	200.000	1.628	3.781	1771878708.054
1128	200.000	-0.035	199.999	1.617	3.797	1771878708.273
1129	200.000	-0.001	200.004	1.595	3.750	1771878708.581
1130	200.000	-0.028	200.002	1.539	3.760	1771878708.875
1131	200.000	-0.045	200.001	1.660	3.683	1771878709.121
1132	200.000	0.038	200.001	1.567	3.722	1771878709.345
1133	200.000	0.048	200.000	1.617	3.758	1771878709.608
1134	200.000	0.008	199.999	1.445	3.740	1771878709.863
1135	200.000	0.046	200.003	1.652	3.781	1771878710.178
1136	200.000	-0.002	199.998	1.564	3.712	1771878710.416
1137	200.000	0.081	200.001	1.784	3.812	1771878710.674
1138	200.000	0.021	199.999	1.534	3.773	1771878710.903
1139	200.000	-0.031	199.998	1.519	3.712	1771878711.180
1140	200.000	0.073	199.998	1.563	3.623	1771878711.423
1141	200.000	0.025	200.000	1.805	3.744	1771878711.664
1142	200.000	0.016	199.999	1.630	3.652	1771878711.923
1143	200.000	-0.011	200.001	1.490	3.675	1771878712.179
1144	200.000	-0.002	200.002	1.525	3.578	1771878712.430
1145	200.000	-0.013	199.998	1.615	3.670	1771878712.655
1146	200.000	-0.002	199.998	1.636	3.635	1771878712.935
1147	200.000	-0.032	200.002	1.609	3.707	1771878713.168
1148	200.000	0.001	199.999	1.498	3.734	1771878713.451
1149	200.000	0.036	200.001	1.623	3.713	1771878713.754
1150	200.000	0.013	199.999	1.508	3.748	1771878714.000
1151	200.000	0.026	200.003	1.468	3.603	1771878714.228
1152	200.000	0.089	200.000	1.538	3.676	1771878714.491
1153	200.000	0.036	199.994	1.553	3.741	1771878714.725
1154	200.000	0.054	199.998	1.649	3.724	1771878715.004
1155	200.000	-0.010	200.003	1.738	3.712	1771878715.280
1156	200.000	0.092	199.997	1.519	3.760	1771878715.575
1157	200.000	0.009	200.000	1.665	3.759	1771878715.801
1158	200.000	-0.021	200.001	1.568	3.670	1771878716.091
1159	200.000	-0.006	199.998	1.524	3.651	1771878716.333
1160	200.000	-0.007	199.998	1.517	3.685	1771878716.657
1161	200.000	-0.043	199.995	1.692	3.752	1771878716.957
1162	200.000	0.087	200.000	1.461	3.715	1771878717.184
1163	200.000	0.041	199.998	1.558	3.753	1771878717.452
1164	200.000	0.039	199.999	1.597	3.797	1771878717.704
1165	200.000	0.033	200.001	1.493	3.690	1771878717.985
1166	200.000	0.005	200.002	1.538	3.755	1771878718.265
1167	200.000	-0.050	199.997	1.624	3.778	1771878718.526
1168	200.000	0.034	200.001	1.530	3.626	1771878718.755
1169	200.000	0.005	200.000	1.539	3.657	1771878719.041
1170	200.000	-0.035	199.997	1.581	3.770	1771878719.298
1171	200.000	-0.010	200.002	1.492	3.679	1771878719.595
1172	200.000	0.012	199.996	1.545	3.755	1771878719.814
1173	200.000	0.028	200.000	1.570	3.766	1771878720.067
1174	200.000	0.025	200.001	1.572	3.714	1771878720.328
1175	200.000	-0.063	199.997	1.578	3.648	1771878720.601
1176	200.000	-0.012	200.003	1.571	3.720	1771878720.893
1177	200.000	-0.045	200.001	1.694	3.737	1771878721.149
1178	200.000	-0.032	200.002	1.529	3.723	1771878721.380
1179	200.000	0.017	200.000	1.537	3.783	1771878721.646
1180	200.000	-0.027	199.999	1.448	3.724	1771878721.886
1181	200.000	-0.030	199.998	1.582	3.715	1771878722.153
1182	200.000	-0.030	199.999	1.606	3.703	1771878722.413
1183	200.000	0.027	200.002	1.611	3.732	1771878722.709
1184	200.000	-0.040	200.000	1.522	3.656	1771878722.955
1185	200.000	0.009	200.001	1.535	3.676	1771878723.212
1186	200.000	-0.006	200.001	1.443	3.714	1771878723.466
1187	200.000	-0.016	200.001	1.478	3.655	1771878723.702
1188	200.000	-0.014	199.998	1.522	3.672	1771878723.960
1189	200.000	0.004	199.999	1.679	3.728	1771878724.201
1190	200.000	-0.028	199.995	1.490	3.694	1771878724.529
1191	200.000	0.003	200.001	1.615	3.734	1771878724.779
1192	200.000	-0.013	199.999	1.602	3.732	1771878725.030
1193	200.000	-0.040	199.998	1.563	3.700	1771878725.267
1194	200.000	0.005	199.999	1.629	3.762	1771878725.517
1195	200.000	-0.016	200.005	1.530	3.759	1771878725.792
1196	200.000	-0.051	200.001	1.640	3.694	1771878726.104
1197	200.000	-0.005	199.997	1.605	3.734	1771878726.389
1198	200.000	0.039	200.001	1.600	3.817	1771878726.625
1199	200.000	-0.065	200.001	1.683	3.780	1771878726.894
1200	200.000	0.031	200.000	1.426	3.712	1771878727.146
1201	200.000	0.007	200.001	1.641	3.789	1771878727.389
1202	200.000	0.047	200.002	1.554	3.700	1771878727.633
1203	200.000	-0.015	199.998	1.568	3.700	1771878727.874
1204	200.000	-0.007	200.001	1.604	3.709	1771878728.125
1205	200.000	-0.020	200.004	1.620	3.739	1771878728.392
1206	200.000	0.026	200.001	1.530	3.624	1771878728.683
1207	200.000	0.023	200.002	1.567	3.657	1771878728.921
1208	200.000	-0.003	200.003	1.511	3.615	1771878729.172
1209	200.000	-0.039	199.998	1.586	3.716	1771878729.427
1210	200.000	-0.010	199.999	1.524	3.723	1771878729.686
1211	200.000	0.017	200.000	1.471	3.592	1771878729.920
1212	200.000	0.015	200.001	1.475	3.574	1771878730.169
1213	200.000	-0.076	200.001	1.460	3.576	1771878730.452
1214	200.000	-0.016	200.000	1.518	3.710	1771878730.756
1215	200.000	0.017	200.000	1.480	3.668	1771878731.002
1216	200.000	0.015	199.998	1.458	3.726	1771878731.259
1217	200.000	-0.023	199.998	1.537	3.668	1771878731.540
1218	200.000	0.010	199.997	1.602	3.763	1771878731.803
1219	200.000	-0.002	200.000	1.602	3.738	1771878732.050
1220	200.000	-0.013	200.001	1.632	3.766	1771878732.317
1221	200.000	-0.015	200.001	1.568	3.811	1771878732.554
1222	200.000	-0.014	199.999	1.574	3.688	1771878732.770
1223	200.000	-0.020	199.997	1.717	3.706	1771878733.066
1224	200.000	-0.042	200.000	1.622	3.717	1771878733.298
1225	200.000	-0.007	200.005	1.577	3.713	1771878733.538
1226	200.000	0.002	199.998	1.567	3.726	1771878733.798
1227	200.000	-0.026	200.005	1.414	3.635	1771878734.049
1228	200.000	0.047	200.003	1.503	3.619	1771878734.307
1229	200.000	-0.014	200.002	1.616	3.668	1771878734.518
1230	200.000	0.001	199.999	1.673	3.722	1771878734.811
1231	200.000	0.024	200.004	1.654	3.728	1771878735.034
1232	200.000	-0.013	200.000	1.520	3.681	1771878735.295
1233	200.000	0.005	200.004	1.483	3.649	1771878735.550
1234	200.000	0.026	200.000	1.587	3.758	1771878735.789
1235	200.000	-0.014	200.001	1.533	3.754	1771878736.070
1236	200.000	-0.020	199.998	1.564	3.692	1771878736.310
1237	200.000	0.017	199.997	1.519	3.652	1771878736.565
1238	200.000	-0.002	200.001	1.549	3.679	1771878736.792
1239	200.000	-0.017	200.000	1.454	3.618	1771878737.066
1240	200.000	-0.010	199.992	1.595	3.741	1771878737.299
1241	200.000	-0.067	199.997	1.612	3.734	1771878737.549
1242	200.000	-0.021	199.999	1.545	3.697	1771878737.799
1243	200.000	-0.016	200.001	1.523	3.748	1771878738.051
1244	200.000	-0.054	200.000	1.476	3.733	1771878738.319
1245	200.000	0.070	199.999	1.676	3.749	1771878738.549
1246	200.000	-0.017	200.001	1.555	3.759	1771878738.814
1247	200.000	-0.037	199.998	1.513	3.641	1771878739.042
1248	200.000	0.062	199.996	1.452	3.695	1771878739.329
1249	200.000	-0.075	200.000	1.579	3.704	1771878739.619
1250	200.000	-0.013	200.001	1.568	3.655	1771878739.873
1251	200.000	0.025	199.999	1.524	3.742	1771878740.094
1252	200.000	-0.009	200.001	1.409	3.672	1771878740.361
1253	200.000	-0.014	200.000	1.543	3.782	1771878740.601
1254	200.000	-0.057	200.004	1.565	3.699	1771878740.865
1255	200.000	0.072	199.999	1.630	3.716	1771878741.122
1256	200.000	-0.018	199.998	1.520	3.637	1771878741.407
1257	200.000	-0.036	200.000	1.665	3.707	1771878741.648
1258	200.000	-0.033	200.001	1.610	3.846	1771878741.943
1259	200.000	0.074	200.001	1.644	3.778	1771878742.179
1260	200.000	-0.020	200.001	1.542	3.745	1771878742.453
1261	200.000	-0.055	200.000	1.586	3.677	1771878742.673
1262	200.000	-0.019	200.002	1.600	3.594	1771878742.960
1263	200.000	0.005	200.004	1.602	3.703	1771878743.212
1264	200.000	-0.006	199.998	1.576	3.628	1771878743.534
1265	200.000	-0.026	199.999	1.572	3.713	1771878743.816
1266	200.000	-0.023	199.998	1.545	3.731	1771878744.060
1267	200.000	0.003	200.001	1.552	3.668	1771878744.326
1268	200.000	0.033	200.000	1.618	3.718	1771878744.574
1269	200.000	0.040	200.000	1.558	3.766	1771878744.806
1270	200.000	0.052	199.997	1.569	3.751	1771878745.072
1271	200.000	0.033	200.001	1.589	3.587	1771878745.313
1272	200.000	-0.007	200.000	1.536	3.677	1771878745.597
1273	200.000	0.020	200.003	1.505	3.683	1771878745.880
1274	200.000	0.082	200.002	1.493	3.695	1771878746.125
1275	200.000	0.006	199.999	1.516	3.789	1771878746.385
1276	200.000	0.015	199.995	1.529	3.693	1771878746.636
1277	200.000	-0.035	199.998	1.559	3.695	1771878746.855
1278	200.000	0.027	200.002	1.497	3.681	1771878747.137
1279	200.000	-0.025	199.996	1.517	3.773	1771878747.392
1280	200.000	0.049	200.003	1.406	3.676	1771878747.697
1281	200.000	-0.057	200.000	1.423	3.566	1771878747.924
1282	200.000	0.010	200.001	1.488	3.628	1771878748.188
1283	200.000	0.040	200.000	1.473	3.630	1771878748.444
1284	200.000	0.039	200.000	1.593	3.704	1771878748.679
1285	200.000	-0.022	199.997	1.507	3.670	1771878748.933
1286	200.000	0.050	200.000	1.587	3.726	1771878749.177
1287	200.000	0.038	200.001	1.456	3.671	1771878749.440
1288	200.000	0.006	199.998	1.569	3.651	1771878749.704
1289	200.000	-0.001	200.004	1.523	3.723	1771878749.950
1290	200.000	-0.019	200.002	1.544	3.751	1771878750.196
1291	200.000	-0.006	199.999	1.557	3.703	1771878750.439
1292	200.000	0.004	200.004	1.511	3.685	1771878750.703
1293	200.000	-0.040	200.003	1.585	3.670	1771878750.990
1294	200.000	-0.018	200.000	1.458	3.685	1771878751.274
1295	200.000	0.008	200.000	1.535	3.643	1771878751.523
1296	200.000	0.054	199.998	1.528	3.722	1771878751.778
1297	200.000	0.011	199.998	1.461	3.685	1771878752.017
1298	200.000	0.039	200.002	1.670	3.732	1771878752.272
1299	200.000	-0.015	200.001	1.569	3.736	1771878752.500
1300	200.000	-0.054	200.000	1.482	3.710	1771878752.764
1301	200.000	0.002	199.999	1.510	3.695	1771878753.005
1302	200.000	0.048	200.002	1.564	3.687	1771878753.284
1303	200.000	-0.009	199.998	1.447	3.702	1771878753.509
1304	200.000	-0.000	200.003	1.458	3.645	1771878753.741
1305	200.000	0.012	200.000	1.583	3.696	1771878754.006
1306	200.000	0.011	200.000	1.491	3.620	1771878754.258
1307	200.000	0.042	200.001	1.549	3.763	1771878754.533
1308	200.000	0.005	200.004	1.558	3.774	1771878754.828
1309	200.000	0.039	199.997	1.543	3.784	1771878755.096
1310	200.000	0.006	199.998	1.527	3.690	1771878755.330
1311	200.000	0.026	200.000	1.452	3.735	1771878755.595
1312	200.000	0.004	199.999	1.588	3.746	1771878755.833
1313	200.000	-0.014	200.000	1.458	3.754	1771878756.097
1314	200.000	-0.017	199.998	1.563	3.790	1771878756.349
1315	200.000	-0.030	200.001	1.601	3.673	1771878756.604
1316	200.000	-0.017	199.998	1.504	3.681	1771878756.857
1317	200.000	0.022	199.999	1.536	3.629	1771878757.097
1318	200.000	-0.008	200.003	1.481	3.677	1771878757.349
1319	200.000	0.039	200.003	1.468	3.663	1771878757.591
1320	200.000	0.065	200.003	1.514	3.664	1771878757.862
1321	200.000	0.003	199.999	1.505	3.643	1771878758.090
1322	200.000	-0.066	200.002	1.548	3.755	1771878758.338
1323	200.000	0.037	200.003	1.656	3.678	1771878758.614
1324	200.000	-0.014	200.001	1.604	3.762	1771878758.925
1325	200.000	0.009	200.001	1.480	3.709	1771878759.232
1326	200.000	0.012	199.998	1.526	3.764	1771878759.471
1327	200.000	-0.009	200.001	1.553	3.683	1771878759.717
1328	200.000	-0.036	200.001	1.521	3.651	1771878759.962
1329	200.000	-0.017	200.003	1.424	3.584	1771878760.224
1330	200.000	0.010	200.002	1.560	3.716	1771878760.479
1331	200.000	0.006	200.002	1.437	3.713	1771878760.712
1332	200.000	0.012	199.995	1.631	3.686	1771878760.969
1333	200.000	0.013	200.000	1.621	3.655	1771878761.208
1334	200.000	0.029	200.002	1.576	3.740	1771878761.470
1335	200.000	-0.027	199.997	1.595	3.742	1771878761.726
1336	200.000	-0.026	199.999	1.583	3.711	1771878761.957
1337	200.000	0.000	200.002	1.532	3.746	1771878762.204
1338	200.000	0.035	200.001	1.570	3.744	1771878762.457
1339	200.000	0.044	199.999	1.542	3.752	1771878762.747
1340	200.000	-0.004	200.000	1.582	3.638	1771878763.022
1341	200.000	-0.010	199.997	1.541	3.694	1771878763.280
1342	200.000	0.007	199.999	1.510	3.701	1771878763.519
1343	200.000	-0.024	200.001	1.531	3.689	1771878763.806
1344	200.000	-0.016	199.998	1.511	3.703	1771878764.102
1345	200.000	0.035	199.995	1.447	3.651	1771878764.352
1346	200.000	-0.032	200.000	1.506	3.574	1771878764.574
1347	200.000	0.001	200.000	1.511	3.723	1771878764.851
1348	200.000	-0.018	200.000	1.480	3.756	1771878765.089
1349	200.000	-0.010	200.000	1.496	3.803	1771878765.343
1350	200.000	0.056	199.997	1.689	3.683	1771878765.599
1351	200.000	-0.013	200.001	1.578	3.759	1771878765.833
1352	200.000	0.028	200.000	1.442	3.683	1771878766.107
1353	200.000	0.003	200.004	1.627	3.695	1771878766.383
1354	200.000	-0.014	199.998	1.619	3.787	1771878766.668
1355	200.000	-0.037	199.997	1.404	3.599	1771878766.922
