Frequency Set (GHz)	Frequency Act (GHz)	Amplitude (via StrMod)	Phase (via StrMod)
100.000	100.003	1.232	0.842
100.000	100.000	1.127	0.703
100.000	100.000	1.057	0.802
100.000	100.000	1.236	0.820
100.000	100.002	0.906	0.698
100.000	100.000	0.980	0.627
100.000	99.999	1.060	0.668
100.000	100.001	0.994	0.642
100.000	100.001	1.038	0.725
100.000	99.999	1.058	0.620
100.000	99.998	0.964	0.627
100.000	100.000	1.093	0.692
100.000	100.002	0.954	0.716
100.000	100.002	1.090	0.813
100.000	100.000	1.030	0.548
100.000	100.002	1.135	0.766
100.000	99.998	1.132	0.843
100.000	99.998	1.023	0.600
100.000	99.999	1.128	0.724
100.000	100.002	1.028	0.750
100.000	100.000	0.990	0.761
100.000	100.001	1.088	0.770
100.000	99.998	1.038	0.711
100.000	100.002	1.081	0.699
100.000	100.003	0.996	0.600
100.000	100.005	1.103	0.739
100.000	99.998	0.941	0.666
100.000	99.999	0.978	0.732
100.000	100.002	1.056	0.713
100.000	100.000	1.188	0.726
100.000	100.001	1.192	0.764
100.000	100.007	0.968	0.664
100.000	100.001	0.953	0.546
100.000	100.002	0.967	0.690
100.000	100.005	1.009	0.738
100.000	99.999	0.999	0.751
100.000	99.999	0.997	0.686
100.000	99.999	0.992	0.657
100.000	100.003	1.023	0.778
100.000	99.999	1.082	0.750
100.000	100.004	0.884	0.619
100.000	100.001	0.888	0.613
100.000	100.001	1.061	0.691
100.000	99.997	1.011	0.599
100.000	99.999	0.935	0.611
100.000	100.002	1.005	0.685
100.000	100.002	0.902	0.624
100.000	100.002	0.994	0.715
100.000	99.998	0.877	2.771
100.000	100.001	1.223	2.712
100.000	99.999	1.739	2.858
100.000	100.004	2.034	3.217
100.000	99.997	1.857	3.242
100.000	100.001	2.719	3.258
100.000	100.001	2.998	3.218
100.000	100.001	2.873	3.201
100.000	99.998	2.112	3.313
100.000	100.001	2.520	3.489
100.000	99.997	3.342	3.581
100.000	99.998	2.922	3.575
100.000	100.004	2.644	3.515
100.000	99.998	2.619	3.317
100.000	100.003	2.488	3.533
100.000	100.000	2.434	3.499
100.000	99.998	1.920	3.309
100.000	100.001	2.124	3.242
100.000	99.997	3.010	3.315
100.000	100.003	3.238	3.459
100.000	99.997	2.474	3.443
100.000	99.999	2.067	3.485
100.000	100.003	2.311	3.254
100.000	100.002	2.876	3.197
100.000	99.998	3.091	3.117
100.000	100.000	2.986	3.021
100.000	100.004	2.078	2.950
100.000	100.000	2.515	2.801
100.000	99.997	2.818	2.935
100.000	99.999	2.853	3.166
100.000	99.998	2.829	3.158
100.000	99.998	2.968	3.122
100.000	100.001	2.382	3.034
100.000	99.998	2.474	3.049
100.000	100.000	2.594	2.969
100.000	100.002	2.668	2.972
100.000	100.002	2.362	2.234
100.000	100.002	2.369	2.168
100.000	99.998	2.404	2.179
100.000	100.003	2.290	2.236
100.000	100.001	2.935	2.881
100.000	100.000	2.787	3.429
100.000	100.002	2.586	2.413
100.000	99.998	3.003	3.192
100.000	99.997	2.672	2.843
100.000	100.000	2.484	2.672
100.000	99.998	3.482	3.362
100.000	99.999	3.574	2.364
100.000	100.000	3.011	3.064
100.000	100.000	2.596	3.174
100.000	100.000	3.289	2.416
100.000	100.000	2.298	3.258
100.000	100.003	2.158	2.796
100.000	99.999	3.454	2.846
100.000	100.001	2.630	3.475
100.000	99.998	2.931	2.574
100.000	100.001	2.960	3.221
100.000	100.003	2.149	3.356
100.000	99.999	3.147	2.925
100.000	99.999	2.896	3.436
100.000	99.998	1.634	3.163
100.000	100.003	3.105	3.164
100.000	100.000	2.260	3.347
100.000	100.000	1.893	2.798
100.000	100.002	3.342	3.213
100.000	100.000	2.289	3.078
100.000	99.998	6.487	3.000
100.000	100.001	3.410	3.273
100.000	100.002	2.738	2.885
100.000	99.999	2.938	3.119
100.000	100.004	2.478	2.940
100.000	99.997	2.596	2.669
100.000	100.001	2.895	3.294
100.000	100.000	1.820	2.702
100.000	99.999	3.151	3.051
100.000	99.997	2.493	3.216
100.000	99.997	1.846	2.857
100.000	100.001	3.272	3.543
100.000	100.001	2.697	3.051
100.000	100.002	3.327	2.935
100.000	99.990	3.402	3.449
100.000	100.000	2.687	2.370
100.000	100.003	3.756	3.278
100.000	100.000	3.516	3.325
100.000	100.002	2.503	2.378
100.000	100.003	4.166	3.429
100.000	99.994	2.475	2.539
100.000	100.000	2.508	3.270
100.000	99.997	3.486	3.523
100.000	100.002	2.401	2.155
100.000	100.001	3.559	3.511
100.000	99.998	2.477	3.372
100.000	99.995	2.453	2.570
100.000	99.999	4.176	3.526
100.000	99.999	2.585	2.690
100.000	100.005	3.009	3.043
100.000	100.001	3.825	3.575
100.000	99.998	2.755	2.284
100.000	100.004	4.127	3.601
100.000	99.998	3.976	3.404
100.000	100.001	3.011	2.461
100.000	100.000	3.594	3.724
100.000	100.001	2.820	2.680
100.000	100.003	2.809	3.023
100.000	99.997	4.018	3.712
100.000	100.003	2.984	2.474
100.000	99.997	3.271	3.394
100.000	99.998	2.747	3.393
100.000	100.000	3.095	2.643
100.000	100.003	4.112	3.429
100.000	100.000	2.149	2.327
100.000	100.003	3.310	3.135
100.000	99.998	3.122	3.495
100.000	99.996	2.591	2.192
100.000	100.000	3.844	3.380
100.000	100.004	2.982	2.654
100.000	100.000	2.942	2.483
100.000	99.999	3.550	3.350
100.000	99.999	2.494	2.188
100.000	100.000	3.415	2.768
100.000	99.997	2.277	3.249
100.000	100.002	3.037	2.141
100.000	100.002	3.916	3.286
100.000	99.998	1.462	2.491
100.000	100.001	2.523	2.458
100.000	100.000	3.351	3.407
100.000	99.997	2.241	1.593
100.000	100.004	3.345	3.084
100.000	100.000	2.109	3.456
100.000	100.000	2.674	1.979
100.000	100.005	3.481	3.317
100.000	99.995	0.528	1.967
100.000	99.999	1.839	2.796
100.000	100.001	3.379	3.319
100.000	100.001	1.659	1.643
100.000	100.000	3.533	3.244
100.000	99.999	2.088	2.920
100.000	100.000	1.548	2.358
100.000	99.998	4.490	3.419
100.000	100.001	2.259	2.355
100.000	99.998	3.077	3.271
100.000	99.998	3.300	3.294
100.000	100.001	2.120	2.290
100.000	100.001	4.543	3.526
100.000	100.002	2.349	2.608
100.000	99.998	2.448	3.191
100.000	100.003	4.780	3.508
100.000	99.996	2.309	1.946
100.000	99.999	3.276	3.467
100.000	99.999	3.232	3.568
100.000	99.996	1.600	2.421
100.000	100.000	4.422	3.551
100.000	100.003	2.628	2.948
100.000	100.000	2.962	3.204
100.000	99.998	4.752	3.605
100.000	99.996	1.877	2.427
100.000	99.999	4.306	3.569
100.000	100.001	3.627	3.567
100.000	100.000	2.121	2.764
100.000	100.002	4.605	3.677
100.000	100.001	2.000	2.834
100.000	100.002	2.957	3.243
100.000	99.996	3.165	3.788
100.000	100.003	1.350	2.258
100.000	99.999	3.667	3.405
100.000	100.000	2.142	3.410
100.000	100.000	1.495	2.873
100.000	100.000	3.125	3.464
100.000	100.000	1.908	2.510
100.000	100.001	3.386	3.501
100.000	100.002	2.752	3.710
100.000	99.998	1.137	2.285
100.000	100.000	3.935	3.499
100.000	99.998	1.318	3.134
100.000	99.999	1.730	3.523
100.000	100.000	3.292	3.811
100.000	100.001	0.779	2.262
100.000	99.999	3.296	3.803
100.000	100.001	2.054	3.902
100.000	100.001	0.985	2.852
100.000	99.998	3.229	3.905
100.000	99.996	1.557	2.409
100.000	100.006	2.633	3.567
100.000	100.000	2.749	3.987
100.000	99.999	1.945	2.067
100.000	100.001	3.668	3.657
100.000	100.000	1.580	3.713
100.000	100.003	1.040	2.842
100.000	100.002	3.233	3.729
100.000	99.999	1.126	2.974
100.000	100.000	2.444	3.534
100.000	100.001	3.460	3.771
100.000	99.997	1.894	2.358
100.000	99.999	2.655	3.572
100.000	100.002	2.322	3.646
100.000	100.000	2.094	2.915
100.000	100.000	3.506	3.575
100.000	100.004	2.031	2.952
100.000	99.998	2.835	3.723
100.000	99.997	3.431	3.889
100.000	99.997	2.390	2.842
100.000	100.002	3.716	3.513
100.000	100.000	2.515	3.771
100.000	99.999	3.331	3.503
100.000	100.000	3.395	3.757
100.000	100.000	1.797	3.207
100.000	99.999	4.235	3.664
100.000	99.997	2.191	3.652
100.000	99.998	2.685	3.252
100.000	100.003	4.332	3.578
100.000	100.001	1.548	3.035
100.000	100.003	3.152	3.450
100.000	100.003	3.418	3.338
100.000	100.000	1.480	2.396
100.000	99.999	3.340	3.776
100.000	100.000	2.474	3.305
100.000	100.001	2.207	3.203
100.000	99.998	3.448	3.666
100.000	99.997	2.475	2.846
100.000	100.002	1.938	3.593
100.000	100.000	3.435	3.622
100.000	99.999	2.191	2.412
100.000	99.998	2.652	3.811
100.000	99.998	1.796	3.227
100.000	99.999	1.671	2.794
100.000	100.001	2.974	3.875
100.000	99.999	1.788	2.948
100.000	100.000	1.240	3.357
100.000	100.002	2.506	3.916
100.000	99.997	1.656	2.453
100.000	99.999	2.311	3.873
100.000	100.001	2.361	3.399
100.000	100.000	1.051	2.605
100.000	99.998	2.665	3.908
100.000	100.001	1.908	3.315
100.000	99.999	1.117	3.534
100.000	100.004	3.180	3.939
100.000	100.000	2.016	2.900
100.000	100.002	2.440	3.739
100.000	99.999	3.282	3.714
100.000	100.000	1.996	2.879
100.000	100.001	2.204	3.945
100.000	100.000	2.389	3.391
100.000	100.000	1.820	3.715
100.000	100.000	3.125	3.862
100.000	99.999	1.678	2.828
100.000	100.004	2.587	4.172
100.000	100.000	3.122	3.481
100.000	100.003	1.713	3.324
100.000	99.999	3.357	3.864
100.000	99.998	2.782	2.998
100.000	100.005	1.522	3.845
100.000	99.999	3.498	3.794
100.000	100.003	2.278	2.840
100.000	99.999	2.667	4.231
100.000	100.004	2.479	3.388
100.000	100.002	1.510	3.256
100.000	99.999	2.713	3.917
100.000	100.003	2.414	2.763
100.000	100.000	2.035	3.753
100.000	99.999	2.838	3.714
100.000	100.003	2.681	2.607
100.000	100.002	2.872	3.958
100.000	99.998	2.704	3.410
100.000	99.999	2.511	3.077
100.000	100.002	3.186	3.861
100.000	100.005	2.660	3.188
100.000	100.002	3.594	3.665
100.000	99.998	2.621	3.579
100.000	100.003	2.913	3.124
100.000	100.000	3.548	3.973
100.000	100.004	1.801	3.279
100.000	100.000	3.138	3.442
100.000	100.000	3.163	3.981
100.000	99.999	2.042	3.231
100.000	100.000	3.977	3.688
100.000	99.997	2.582	3.782
100.000	100.000	2.053	2.693
100.000	99.999	3.353	3.844
100.000	100.000	1.959	3.353
100.000	100.000	2.219	3.551
100.000	100.002	3.697	3.979
100.000	100.001	2.317	2.774
100.000	99.997	3.674	3.773
100.000	99.999	3.522	3.806
100.000	99.998	2.474	2.822
100.000	100.001	3.967	3.897
100.000	100.000	2.698	3.395
100.000	100.000	2.415	3.458
100.000	99.997	4.323	3.960
100.000	99.998	2.765	3.000
100.000	100.002	3.128	3.892
100.000	100.001	3.706	3.894
100.000	100.004	2.909	3.212
100.000	100.000	3.865	4.048
100.000	99.998	2.924	3.329
100.000	100.001	3.517	3.788
100.000	99.999	3.957	3.956
100.000	100.004	3.069	2.821
100.000	100.001	3.499	3.984
100.000	100.000	2.601	3.643
100.000	100.000	2.092	3.037
100.000	100.001	2.913	4.093
100.000	99.995	2.524	2.925
100.000	100.000	2.442	3.769
100.000	100.000	1.890	3.728
100.000	99.999	2.366	2.685
100.000	99.998	2.482	3.930
100.000	100.002	1.458	3.229
100.000	99.999	2.244	3.277
100.000	99.999	2.497	3.896
100.000	100.000	1.839	2.547
100.000	100.000	2.808	3.936
100.000	99.997	1.936	3.806
100.000	99.999	2.079	2.821
100.000	99.998	3.743	3.851
100.000	99.997	1.869	2.698
100.000	99.999	2.045	3.197
100.000	100.002	3.821	3.738
100.000	100.000	2.882	2.479
100.000	99.998	2.586	3.603
100.000	99.996	2.835	3.530
100.000	99.997	2.176	2.444
100.000	99.999	3.775	3.789
100.000	100.001	2.762	2.678
100.000	99.998	2.086	3.426
100.000	100.004	3.290	3.761
100.000	100.000	2.778	2.448
100.000	100.002	3.178	3.781
100.000	99.999	3.146	3.604
100.000	99.997	2.776	2.579
100.000	100.002	3.938	3.807
100.000	100.000	3.522	2.939
100.000	99.999	2.401	3.160
100.000	99.996	2.872	3.527
100.000	99.999	3.358	2.712
100.000	100.005	3.122	3.816
100.000	100.001	3.138	3.270
100.000	99.998	2.016	3.103
100.000	99.999	3.160	3.757
100.000	100.001	3.117	2.932
100.000	99.999	2.573	3.703
100.000	99.997	2.506	3.576
100.000	99.999	3.189	2.838
100.000	100.001	3.041	3.806
100.000	99.994	2.721	2.724
100.000	100.000	1.424	3.477
100.000	100.001	2.195	3.861
100.000	99.994	2.934	2.450
100.000	99.999	1.565	3.851
100.000	99.999	1.280	3.384
100.000	99.998	2.427	2.697
100.000	100.001	2.329	4.224
100.000	99.998	2.079	2.531
100.000	100.000	1.407	2.905
100.000	100.000	2.548	4.373
100.000	100.000	2.643	2.546
100.000	99.999	1.188	3.954
100.000	100.001	1.759	3.961
100.000	100.002	2.824	2.636
100.000	99.998	1.980	4.362
100.000	100.002	1.250	3.233
100.000	99.998	2.012	3.062
100.000	99.998	1.589	3.726
100.000	100.001	2.875	2.696
100.000	100.000	2.361	3.987
100.000	99.999	1.172	3.137
100.000	100.001	3.227	2.728
100.000	100.003	1.859	3.982
100.000	100.000	2.480	2.722
100.000	99.999	1.661	3.200
100.000	99.999	0.865	3.809
100.000	100.001	2.642	2.454
100.000	99.999	1.616	3.741
100.000	99.997	1.053	2.728
100.000	100.000	2.798	2.767
100.000	99.998	1.495	3.436
100.000	99.998	1.797	2.367
100.000	100.000	1.705	3.010
100.000	100.000	0.892	3.301
100.000	100.002	2.411	2.401
100.000	99.997	1.206	3.830
100.000	99.998	1.041	2.095
100.000	99.999	1.939	2.707
100.000	99.998	0.848	4.127
100.000	100.001	2.078	2.451
100.000	99.999	1.024	3.124
100.000	99.999	0.538	1.918
100.000	100.001	3.169	2.777
100.000	100.000	0.916	4.381
100.000	100.006	1.402	1.552
100.000	100.003	1.765	2.891
100.000	100.001	0.778	5.234
100.000	100.000	2.165	2.763
100.000	100.002	1.871	3.736
100.000	99.998	0.446	5.382
100.000	100.003	1.380	0.893
100.000	100.004	1.441	0.981
100.000	99.997	1.206	0.939
100.000	100.001	1.185	0.893
100.000	100.004	1.361	0.977
100.000	99.999	1.299	0.899
100.000	100.000	1.313	0.969
100.000	99.997	1.404	0.832
100.000	99.999	1.167	0.857
100.000	99.997	1.347	0.854
100.000	100.004	1.323	0.898
100.000	99.999	1.313	0.836
100.000	100.001	1.151	0.777
100.000	100.003	1.156	0.736
100.000	100.000	1.331	0.830
100.000	100.000	1.185	0.729
100.000	100.000	1.328	0.873
100.000	100.001	1.212	0.865
100.000	99.998	1.402	0.977
100.000	100.000	1.180	0.894
100.000	100.002	1.065	0.795
100.000	100.002	1.194	0.783
100.000	100.001	1.228	0.895
100.000	99.998	1.053	0.828
100.000	100.000	1.242	0.962
100.000	99.998	1.209	0.897
100.000	100.006	1.227	0.803
100.000	99.999	1.173	0.739
100.000	99.999	1.227	0.899
100.000	99.998	1.179	0.898
100.000	100.003	1.162	0.791
100.000	99.997	1.185	0.850
100.000	99.999	1.154	0.803
