Point No.	Frequency Set (GHz)	THz Photocurrent (nA)	Frequency Act (GHz)	Amplitude (via StrMod)	Phase (via StrMod)	Timestamp (s)
1	100.000	0.008	99.994	4.080	1.167	1773265807.476
2	100.000	-0.002	99.997	4.207	1.142	1773265807.761
3	100.000	0.002	99.999	4.230	1.087	1773265808.046
4	100.000	0.032	99.998	4.076	1.043	1773265808.323
5	100.000	0.011	100.003	4.219	1.122	1773265808.637
6	100.000	-0.002	99.999	4.117	1.041	1773265808.956
7	100.000	-0.011	99.995	4.240	1.173	1773265809.248
8	100.000	0.039	100.004	4.149	1.159	1773265809.496
9	100.000	-0.016	99.999	4.240	1.098	1773265809.741
10	100.000	-0.009	99.997	4.235	1.033	1773265810.056
11	100.000	-0.023	99.998	4.121	1.029	1773265810.316
12	100.000	0.002	100.000	4.121	1.010	1773265810.638
13	100.000	0.016	99.998	4.253	0.969	1773265810.924
14	100.000	-0.026	99.996	4.125	0.966	1773265811.190
15	100.000	0.003	100.000	4.217	0.927	1773265811.439
16	100.000	-0.011	100.001	4.430	1.021	1773265811.697
17	100.000	-0.029	99.995	4.116	1.053	1773265811.962
18	100.000	-0.024	100.006	4.199	1.053	1773265812.276
19	100.000	0.037	99.995	4.191	1.007	1773265812.588
20	100.000	0.016	99.998	4.356	1.098	1773265812.900
21	100.000	-0.005	99.996	4.227	1.054	1773265813.176
22	100.000	-0.001	100.002	4.167	0.991	1773265813.446
23	100.000	0.009	100.005	4.328	1.044	1773265813.704
24	100.000	-0.028	100.001	4.220	1.078	1773265813.921
25	100.000	0.016	100.004	4.207	1.062	1773265814.205
26	100.000	-0.011	99.998	4.336	0.994	1773265814.447
27	100.000	-0.013	100.000	4.221	1.037	1773265814.762
28	100.000	-0.007	100.001	4.040	0.959	1773265815.035
29	100.000	-0.029	99.998	4.081	1.016	1773265815.297
30	100.000	-0.011	100.003	4.085	1.006	1773265815.586
31	100.000	-0.002	99.999	4.207	1.068	1773265815.869
32	100.000	-0.028	99.998	4.267	0.994	1773265816.143
33	100.000	0.012	99.998	4.174	1.005	1773265816.434
34	100.000	0.001	100.002	4.372	1.083	1773265816.678
35	100.000	0.000	100.001	4.250	1.100	1773265816.939
36	100.000	-0.004	100.004	4.126	0.956	1773265817.196
37	100.000	-0.012	99.996	4.172	1.029	1773265817.445
38	100.000	-0.003	100.002	4.197	1.019	1773265817.720
39	100.000	-0.006	100.004	4.230	1.017	1773265818.015
40	100.000	0.012	99.999	4.281	0.928	1773265818.243
41	100.000	0.013	99.997	4.392	1.051	1773265818.526
42	100.000	-0.002	100.003	4.189	1.017	1773265818.838
43	100.000	0.022	100.003	4.258	1.009	1773265819.105
44	100.000	0.004	100.002	4.212	1.063	1773265819.390
45	100.000	0.025	99.999	4.024	1.099	1773265819.647
46	100.000	0.022	99.998	4.061	1.082	1773265819.951
47	100.000	0.004	99.999	4.162	0.958	1773265820.278
48	100.000	-0.009	99.999	4.317	0.987	1773265820.542
49	100.000	-0.008	100.000	4.212	1.001	1773265820.810
50	100.000	0.002	100.000	4.219	1.017	1773265821.040
51	100.000	-0.015	100.005	4.284	1.005	1773265821.321
52	100.000	-0.010	99.998	4.275	1.008	1773265821.553
53	100.000	0.016	99.997	4.242	0.998	1773265821.808
54	100.000	-0.019	100.001	4.154	0.971	1773265822.070
55	100.000	-0.014	99.997	4.353	0.991	1773265822.326
56	100.000	-0.019	100.000	4.136	0.945	1773265822.571
57	100.000	0.029	100.001	4.397	1.042	1773265822.838
58	100.000	0.007	99.999	4.434	0.997	1773265823.109
59	100.000	-0.019	99.999	4.225	0.985	1773265823.399
60	100.000	-0.011	100.005	4.220	1.048	1773265823.685
61	100.000	-0.015	99.999	4.482	1.079	1773265823.956
62	100.000	-0.001	100.003	4.171	1.007	1773265824.247
63	100.000	-0.019	99.997	4.229	0.942	1773265824.507
64	100.000	-0.021	99.999	3.981	0.927	1773265824.760
65	100.000	0.004	100.004	4.101	0.971	1773265824.996
66	100.000	0.031	100.004	4.045	1.045	1773265825.239
67	100.000	-0.034	100.000	4.258	0.976	1773265825.515
68	100.000	0.039	100.001	4.230	0.991	1773265825.758
69	100.000	0.005	100.003	4.135	0.954	1773265826.012
70	100.000	-0.043	99.996	4.107	0.885	1773265826.264
71	100.000	0.022	99.998	4.321	0.963	1773265826.508
72	100.000	-0.042	99.999	4.011	0.967	1773265826.763
73	100.000	0.011	100.002	4.414	0.945	1773265827.024
74	100.000	0.004	99.999	4.395	0.978	1773265827.311
75	100.000	-0.006	100.000	4.113	0.888	1773265827.571
76	100.000	0.023	100.000	4.284	0.870	1773265827.818
77	100.000	0.040	100.000	4.080	0.879	1773265828.074
78	100.000	0.009	100.000	4.123	0.960	1773265828.310
79	100.000	0.018	100.000	4.404	0.970	1773265828.540
80	100.000	-0.000	99.995	4.103	1.006	1773265828.819
81	100.000	0.002	99.998	4.167	0.988	1773265829.049
82	100.000	0.017	100.002	4.280	0.992	1773265829.337
83	100.000	-0.003	100.002	4.192	0.942	1773265829.588
84	100.000	-0.044	100.000	4.301	0.965	1773265829.844
85	100.000	-0.027	100.000	4.390	0.936	1773265830.147
86	100.000	0.007	100.004	4.384	0.898	1773265830.394
87	100.000	-0.000	99.999	3.573	0.822	1773265830.722
88	100.000	-0.039	100.002	3.711	0.915	1773265830.996
89	100.000	0.001	100.004	4.071	1.010	1773265831.267
90	100.000	0.040	100.002	4.274	1.064	1773265831.570
91	100.000	0.017	100.006	4.150	1.054	1773265831.824
92	100.000	0.035	99.999	4.039	1.083	1773265832.064
93	100.000	0.017	99.999	3.751	1.065	1773265832.340
94	100.000	0.010	99.999	3.749	1.112	1773265832.640
95	100.000	0.034	100.001	4.327	1.147	1773265832.885
96	100.000	0.003	99.999	4.360	1.127	1773265833.148
97	100.000	-0.013	99.998	4.563	1.154	1773265833.462
98	100.000	-0.011	100.005	4.491	1.180	1773265833.758
99	100.000	-0.025	100.003	4.238	1.190	1773265834.031
100	100.000	0.024	99.999	3.994	1.136	1773265834.280
101	100.000	0.008	100.000	3.757	1.233	1773265834.602
102	100.000	-0.026	99.998	4.071	1.242	1773265834.920
103	100.000	0.006	99.997	4.089	1.153	1773265835.212
104	100.000	-0.027	100.000	3.926	1.110	1773265835.461
105	100.000	0.002	100.002	3.399	1.218	1773265835.720
106	100.000	-0.002	99.997	3.701	1.201	1773265835.983
107	100.000	0.017	99.998	4.020	1.234	1773265836.287
108	100.000	0.008	99.999	4.131	1.304	1773265836.525
109	100.000	0.028	100.000	3.664	1.275	1773265836.787
110	100.000	0.039	99.998	3.585	1.152	1773265837.073
111	100.000	0.000	100.000	3.323	1.208	1773265837.340
112	100.000	0.000	100.004	3.159	1.282	1773265837.554
113	100.000	0.017	100.000	3.556	1.211	1773265837.830
114	100.000	0.018	99.997	3.282	1.155	1773265838.091
115	100.000	-0.016	99.999	3.141	1.246	1773265838.358
116	100.000	0.022	100.002	3.298	1.271	1773265838.613
117	100.000	-0.014	99.997	3.089	1.217	1773265838.882
118	100.000	-0.001	100.001	3.379	1.319	1773265839.197
119	100.000	0.004	100.003	3.689	1.313	1773265839.484
120	100.000	0.008	99.997	3.124	1.178	1773265839.749
121	100.000	0.023	99.996	3.187	1.312	1773265840.052
122	100.000	0.011	100.000	3.329	1.261	1773265840.313
123	100.000	-0.012	100.001	3.111	1.418	1773265840.576
124	100.000	0.001	100.003	3.490	1.416	1773265840.868
125	100.000	0.004	100.001	3.357	1.349	1773265841.138
126	100.000	-0.011	99.999	3.433	1.477	1773265841.423
127	100.000	0.007	99.998	3.530	1.547	1773265841.692
128	100.000	0.018	100.002	3.225	1.436	1773265841.979
129	100.000	-0.000	99.999	3.389	1.345	1773265842.239
130	100.000	0.007	99.997	2.870	1.408	1773265842.488
131	100.000	0.051	100.001	3.428	1.319	1773265842.745
132	100.000	-0.002	100.002	3.246	1.323	1773265842.959
133	100.000	0.030	100.002	3.072	1.290	1773265843.249
134	100.000	0.005	99.998	2.962	1.281	1773265843.500
135	100.000	0.021	99.997	3.274	1.239	1773265843.754
136	100.000	0.017	100.001	3.232	1.339	1773265844.004
137	100.000	-0.040	99.998	3.010	1.320	1773265844.268
138	100.000	0.014	100.004	3.256	1.329	1773265844.511
139	100.000	0.004	99.998	3.345	1.328	1773265844.778
140	100.000	0.001	100.001	3.412	1.289	1773265845.062
141	100.000	0.016	100.003	3.295	1.286	1773265845.328
142	100.000	0.002	99.998	3.264	1.297	1773265845.553
143	100.000	0.006	99.999	3.645	1.283	1773265845.839
144	100.000	0.006	100.003	3.484	1.284	1773265846.139
145	100.000	-0.008	99.999	3.689	1.295	1773265846.442
146	100.000	0.030	99.996	3.401	1.369	1773265846.720
147	100.000	0.016	100.003	3.561	1.308	1773265847.010
148	100.000	-0.015	100.000	3.779	1.283	1773265847.268
149	100.000	0.026	100.002	3.059	1.251	1773265847.498
150	100.000	-0.004	100.002	3.339	1.351	1773265847.770
151	100.000	-0.003	99.999	3.604	1.246	1773265848.100
152	100.000	-0.004	100.002	3.086	1.268	1773265848.370
153	100.000	-0.012	100.001	3.386	1.358	1773265848.637
154	100.000	-0.002	100.006	3.422	1.319	1773265848.958
155	100.000	0.002	99.997	3.225	1.318	1773265849.239
156	100.000	-0.002	99.998	3.519	1.309	1773265849.504
157	100.000	-0.002	99.996	3.221	1.301	1773265849.753
158	100.000	-0.006	100.000	2.973	1.226	1773265850.025
159	100.000	-0.013	100.002	3.181	1.176	1773265850.308
160	100.000	-0.004	99.996	3.251	1.406	1773265850.582
161	100.000	-0.023	99.999	3.470	1.431	1773265850.843
162	100.000	-0.008	99.997	3.586	1.436	1773265851.123
163	100.000	0.015	99.995	3.434	1.412	1773265851.387
164	100.000	-0.028	100.000	3.349	1.422	1773265851.652
165	100.000	0.016	99.997	3.410	1.390	1773265851.945
166	100.000	-0.002	100.002	3.348	1.369	1773265852.196
167	100.000	-0.004	99.998	3.269	1.350	1773265852.506
168	100.000	-0.038	99.999	3.581	1.279	1773265852.761
169	100.000	-0.007	100.001	4.283	1.238	1773265853.007
170	100.000	-0.007	99.998	4.424	1.070	1773265853.254
171	100.000	-0.013	99.997	3.933	0.955	1773265853.575
172	100.000	0.015	99.997	2.992	0.985	1773265853.905
173	100.000	-0.030	99.999	2.371	1.062	1773265854.212
174	100.000	0.002	100.002	1.851	1.084	1773265854.540
175	100.000	0.026	99.999	1.871	1.243	1773265854.816
176	100.000	-0.007	100.001	2.399	1.341	1773265855.133
177	100.000	0.011	100.000	2.858	1.342	1773265855.393
178	100.000	-0.001	100.004	3.754	1.320	1773265855.691
179	100.000	-0.019	99.999	4.425	1.233	1773265855.953
180	100.000	0.012	100.002	4.507	1.127	1773265856.205
181	100.000	0.013	99.998	3.779	0.999	1773265856.511
182	100.000	-0.021	99.999	2.792	1.035	1773265856.776
183	100.000	-0.011	99.997	2.324	1.131	1773265857.057
184	100.000	-0.040	100.004	1.951	1.361	1773265857.320
185	100.000	0.002	99.998	1.848	1.367	1773265857.567
186	100.000	-0.018	100.004	2.027	1.418	1773265857.834
187	100.000	-0.004	100.001	2.688	1.465	1773265858.118
188	100.000	0.019	100.003	3.378	1.418	1773265858.369
189	100.000	-0.009	100.002	3.897	1.329	1773265858.616
190	100.000	0.003	100.000	4.456	1.279	1773265858.883
191	100.000	-0.013	100.000	4.658	1.123	1773265859.137
192	100.000	0.001	100.000	4.214	0.957	1773265859.407
193	100.000	0.032	100.003	2.915	0.956	1773265859.693
194	100.000	-0.011	100.003	2.262	1.170	1773265859.949
195	100.000	-0.016	100.003	1.818	1.338	1773265860.197
196	100.000	0.004	100.001	1.521	1.366	1773265860.514
197	100.000	-0.026	99.997	1.673	1.549	1773265860.826
198	100.000	-0.017	100.001	2.405	1.621	1773265861.140
199	100.000	0.003	100.001	3.215	1.557	1773265861.395
200	100.000	-0.004	99.997	3.884	1.477	1773265861.659
201	100.000	0.027	99.999	4.770	1.347	1773265861.940
202	100.000	-0.009	100.000	4.883	1.230	1773265862.254
203	100.000	-0.004	100.000	3.949	1.062	1773265862.512
204	100.000	0.002	100.000	2.872	1.071	1773265862.769
205	100.000	0.002	100.002	2.094	1.117	1773265863.084
206	100.000	-0.018	100.000	2.077	1.367	1773265863.391
207	100.000	0.011	100.004	1.972	1.293	1773265863.707
208	100.000	-0.005	100.000	2.473	1.379	1773265864.023
209	100.000	0.020	99.998	3.023	1.398	1773265864.264
210	100.000	-0.021	100.001	3.890	1.349	1773265864.512
211	100.000	-0.025	99.999	4.458	1.255	1773265864.773
212	100.000	0.021	99.998	4.755	1.203	1773265865.073
213	100.000	0.032	99.995	4.401	1.092	1773265865.379
214	100.000	-0.032	100.003	3.513	1.085	1773265865.640
215	100.000	0.018	99.998	2.422	1.138	1773265865.895
216	100.000	-0.019	100.002	1.912	1.255	1773265866.162
217	100.000	-0.009	100.000	1.798	1.214	1773265866.409
218	100.000	-0.027	100.003	2.331	1.184	1773265866.674
219	100.000	-0.011	99.997	2.495	1.328	1773265866.964
220	100.000	-0.003	100.002	2.834	1.386	1773265867.248
221	100.000	-0.016	100.001	3.581	1.391	1773265867.526
222	100.000	-0.011	99.997	4.014	1.268	1773265867.782
223	100.000	0.010	100.000	4.355	1.205	1773265868.020
224	100.000	0.007	100.001	4.458	1.192	1773265868.336
225	100.000	-0.047	99.996	3.506	1.139	1773265868.600
226	100.000	-0.007	100.000	2.638	1.326	1773265868.882
227	100.000	-0.007	99.997	2.094	1.517	1773265869.149
228	100.000	0.010	99.995	2.254	1.483	1773265869.387
229	100.000	-0.000	100.000	2.528	1.387	1773265869.647
230	100.000	0.008	100.004	3.007	1.353	1773265869.912
231	100.000	-0.020	99.998	3.301	1.384	1773265870.212
232	100.000	-0.023	100.000	4.073	1.412	1773265870.441
233	100.000	-0.013	100.001	4.501	1.356	1773265870.721
234	100.000	0.017	100.002	4.686	1.181	1773265870.966
235	100.000	0.008	100.003	4.261	1.046	1773265871.240
236	100.000	0.027	99.997	3.620	1.089	1773265871.473
237	100.000	0.008	99.999	2.809	1.199	1773265871.734
238	100.000	0.027	100.001	2.219	1.405	1773265871.975
239	100.000	-0.007	100.002	1.871	1.503	1773265872.243
240	100.000	-0.024	100.000	2.050	1.425	1773265872.544
241	100.000	-0.007	100.000	2.490	1.463	1773265872.852
242	100.000	-0.029	100.004	3.057	1.437	1773265873.120
243	100.000	-0.050	100.002	3.776	1.398	1773265873.400
244	100.000	0.022	100.002	4.244	1.331	1773265873.677
245	100.000	-0.031	99.999	4.508	1.171	1773265873.970
246	100.000	-0.022	100.000	4.239	1.106	1773265874.244
247	100.000	-0.010	100.001	3.521	1.130	1773265874.535
248	100.000	-0.017	99.999	2.378	1.256	1773265874.794
249	100.000	0.012	99.999	1.963	1.400	1773265875.074
250	100.000	0.008	100.000	2.210	1.546	1773265875.393
251	100.000	0.009	99.997	2.500	1.436	1773265875.672
252	100.000	0.019	99.995	2.977	1.433	1773265875.948
253	100.000	0.001	100.002	3.498	1.348	1773265876.260
254	100.000	-0.026	100.000	4.144	1.299	1773265876.543
255	100.000	0.015	99.997	4.553	1.155	1773265876.820
256	100.000	0.020	99.999	4.106	1.118	1773265877.131
257	100.000	-0.003	100.000	3.339	1.044	1773265877.444
258	100.000	-0.010	99.999	2.203	1.162	1773265877.734
259	100.000	-0.028	99.999	1.642	1.433	1773265877.994
260	100.000	0.025	100.001	1.508	1.694	1773265878.242
261	100.000	0.031	100.002	1.846	1.514	1773265878.508
262	100.000	0.042	99.996	2.540	1.480	1773265878.757
263	100.000	-0.003	100.000	2.773	1.492	1773265878.998
264	100.000	-0.009	100.003	3.365	1.457	1773265879.238
265	100.000	0.000	100.001	4.060	1.354	1773265879.485
266	100.000	-0.033	99.998	4.568	1.253	1773265879.748
267	100.000	0.012	100.001	4.457	1.151	1773265880.005
268	100.000	0.009	100.000	3.840	1.067	1773265880.314
269	100.000	-0.013	99.995	2.754	1.232	1773265880.645
270	100.000	0.020	100.004	2.196	1.384	1773265880.940
271	100.000	-0.042	99.999	2.033	1.386	1773265881.194
272	100.000	-0.015	99.997	2.227	1.618	1773265881.419
273	100.000	0.012	100.000	2.818	1.574	1773265881.703
274	100.000	0.020	99.998	3.485	1.529	1773265882.019
275	100.000	-0.036	99.998	3.847	1.424	1773265882.319
276	100.000	-0.004	100.002	4.464	1.201	1773265882.606
277	100.000	-0.017	100.003	4.493	1.125	1773265882.886
278	100.000	-0.008	100.004	3.913	0.970	1773265883.135
279	100.000	-0.022	100.000	3.037	0.999	1773265883.437
280	100.000	0.005	99.997	2.150	1.176	1773265883.680
281	100.000	0.000	100.002	1.909	1.423	1773265883.938
282	100.000	-0.003	99.996	1.977	1.554	1773265884.166
283	100.000	0.025	100.000	2.352	1.521	1773265884.436
284	100.000	0.004	99.998	3.104	1.568	1773265884.687
285	100.000	0.010	99.997	3.563	1.532	1773265884.947
286	100.000	0.011	100.000	3.985	1.388	1773265885.218
287	100.000	0.018	99.998	4.535	1.306	1773265885.518
288	100.000	-0.003	99.999	4.476	1.180	1773265885.815
289	100.000	0.017	99.998	4.325	1.201	1773265886.067
290	100.000	0.032	100.000	3.548	1.152	1773265886.341
291	100.000	-0.012	100.001	2.375	1.356	1773265886.623
292	100.000	0.009	100.000	1.847	1.548	1773265886.890
293	100.000	0.012	100.003	2.168	1.545	1773265887.214
294	100.000	-0.015	99.998	2.637	1.522	1773265887.494
295	100.000	0.013	100.002	3.465	1.578	1773265887.777
296	100.000	0.018	99.999	3.900	1.474	1773265888.104
297	100.000	-0.031	100.001	4.570	1.398	1773265888.377
298	100.000	0.026	100.000	4.833	1.352	1773265888.636
299	100.000	-0.016	99.998	4.428	1.148	1773265888.877
300	100.000	-0.018	100.004	3.925	1.200	1773265889.132
301	100.000	-0.005	100.001	3.089	1.228	1773265889.387
302	100.000	0.013	100.001	2.135	1.316	1773265889.654
303	100.000	-0.008	100.003	1.757	1.429	1773265889.944
304	100.000	0.009	100.000	1.946	1.404	1773265890.250
305	100.000	0.001	100.001	2.695	1.499	1773265890.516
306	100.000	-0.033	100.006	3.525	1.545	1773265890.824
307	100.000	0.031	100.000	3.959	1.492	1773265891.092
308	100.000	-0.010	99.999	4.253	1.372	1773265891.412
309	100.000	0.034	100.003	4.311	1.198	1773265891.696
310	100.000	0.049	100.001	3.671	1.069	1773265891.948
311	100.000	-0.005	100.001	3.217	0.973	1773265892.188
312	100.000	-0.034	99.997	2.297	0.965	1773265892.457
313	100.000	-0.003	100.001	1.875	1.072	1773265892.766
314	100.000	-0.006	100.000	1.800	1.288	1773265893.078
315	100.000	0.026	99.999	2.154	1.392	1773265893.384
316	100.000	-0.017	100.004	2.999	1.506	1773265893.630
317	100.000	0.004	100.002	4.109	1.576	1773265893.885
318	100.000	0.023	100.005	4.381	1.516	1773265894.176
319	100.000	0.019	100.001	4.511	1.342	1773265894.451
320	100.000	-0.004	99.998	4.222	1.243	1773265894.722
321	100.000	0.008	99.995	3.789	1.133	1773265894.955
322	100.000	0.001	100.004	2.976	1.121	1773265895.223
323	100.000	0.010	100.000	2.231	1.147	1773265895.538
324	100.000	-0.015	100.000	1.706	1.251	1773265895.814
325	100.000	0.030	100.000	1.871	1.302	1773265896.083
326	100.000	-0.010	100.000	2.344	1.411	1773265896.330
327	100.000	0.014	99.999	2.967	1.473	1773265896.598
328	100.000	0.001	100.002	3.866	1.438	1773265896.850
329	100.000	-0.023	100.001	4.423	1.490	1773265897.112
330	100.000	-0.016	100.004	4.838	1.382	1773265897.371
331	100.000	-0.013	100.001	4.801	1.304	1773265897.639
332	100.000	0.013	99.998	4.215	1.247	1773265897.925
333	100.000	0.006	99.999	3.210	1.273	1773265898.181
334	100.000	0.042	99.999	2.504	1.217	1773265898.434
335	100.000	0.021	100.003	2.025	1.333	1773265898.737
336	100.000	-0.017	100.000	2.150	1.299	1773265898.995
337	100.000	-0.006	99.995	2.406	1.406	1773265899.250
338	100.000	-0.012	100.006	3.173	1.491	1773265899.565
339	100.000	0.006	100.002	3.932	1.496	1773265899.862
340	100.000	0.020	100.007	4.474	1.453	1773265900.122
341	100.000	0.030	100.004	5.107	1.368	1773265900.368
342	100.000	-0.016	99.996	4.517	1.255	1773265900.624
343	100.000	-0.019	99.998	4.159	1.186	1773265900.860
344	100.000	0.036	100.001	3.076	1.091	1773265901.123
345	100.000	0.004	100.004	2.015	1.185	1773265901.437
346	100.000	0.027	99.999	1.776	1.344	1773265901.737
347	100.000	0.000	100.004	1.838	1.416	1773265902.013
348	100.000	0.015	99.998	2.407	1.427	1773265902.290
349	100.000	-0.005	99.996	3.306	1.521	1773265902.560
350	100.000	-0.014	99.999	3.872	1.536	1773265902.817
351	100.000	-0.003	100.000	4.517	1.470	1773265903.064
352	100.000	-0.017	100.003	4.658	1.453	1773265903.314
353	100.000	-0.003	100.004	4.627	1.357	1773265903.574
354	100.000	0.017	100.002	3.806	1.237	1773265903.820
355	100.000	0.014	100.000	3.144	1.185	1773265904.116
356	100.000	0.005	99.999	2.131	1.253	1773265904.409
357	100.000	-0.040	100.002	1.643	1.247	1773265904.655
358	100.000	0.004	100.003	1.795	1.276	1773265904.895
359	100.000	0.008	100.000	2.085	1.231	1773265905.165
360	100.000	0.005	100.000	2.769	1.293	1773265905.495
361	100.000	0.009	100.003	3.619	1.405	1773265905.790
362	100.000	0.010	100.002	4.126	1.380	1773265906.079
363	100.000	-0.010	100.000	4.509	1.232	1773265906.340
364	100.000	0.009	100.004	4.221	1.213	1773265906.581
365	100.000	0.009	100.002	3.362	1.188	1773265906.839
366	100.000	-0.003	99.998	2.613	1.153	1773265907.087
367	100.000	0.003	99.996	1.902	1.145	1773265907.359
368	100.000	0.005	99.997	1.284	1.188	1773265907.644
369	100.000	-0.028	100.003	1.495	1.213	1773265907.905
370	100.000	0.024	100.002	1.948	1.231	1773265908.148
371	100.000	-0.005	100.002	2.885	1.276	1773265908.403
372	100.000	-0.033	99.999	3.404	1.308	1773265908.653
373	100.000	-0.016	99.998	4.296	1.304	1773265908.918
374	100.000	-0.001	99.999	4.404	1.267	1773265909.199
375	100.000	0.005	100.003	4.316	1.272	1773265909.458
376	100.000	-0.005	99.997	3.989	1.245	1773265909.709
377	100.000	-0.002	100.001	3.198	1.341	1773265909.979
378	100.000	-0.011	99.997	2.219	1.397	1773265910.293
379	100.000	-0.014	100.004	1.778	1.475	1773265910.608
380	100.000	-0.011	100.002	1.837	1.448	1773265910.902
381	100.000	-0.025	100.003	2.772	1.369	1773265911.221
382	100.000	-0.004	99.999	3.499	1.441	1773265911.533
383	100.000	0.001	99.995	4.305	1.384	1773265911.814
384	100.000	0.033	99.999	4.798	1.363	1773265912.080
385	100.000	0.045	99.998	4.966	1.317	1773265912.328
386	100.000	0.018	100.002	4.196	1.277	1773265912.597
387	100.000	-0.004	99.996	3.607	1.237	1773265912.846
388	100.000	-0.018	99.999	2.716	1.298	1773265913.104
389	100.000	0.014	99.999	2.263	1.470	1773265913.406
390	100.000	0.015	100.001	2.219	1.470	1773265913.718
391	100.000	0.026	99.999	2.679	1.408	1773265913.979
392	100.000	-0.014	100.000	3.340	1.376	1773265914.282
393	100.000	-0.000	100.001	4.375	1.365	1773265914.593
394	100.000	0.005	100.002	4.655	1.333	1773265914.861
395	100.000	0.048	100.001	4.960	1.312	1773265915.134
396	100.000	-0.017	100.003	4.712	1.301	1773265915.400
397	100.000	-0.002	99.997	3.925	1.365	1773265915.631
398	100.000	-0.015	99.999	2.984	1.448	1773265915.932
399	100.000	0.001	100.001	2.141	1.475	1773265916.226
400	100.000	-0.006	100.000	1.833	1.551	1773265916.534
401	100.000	0.019	99.995	1.984	1.475	1773265916.849
402	100.000	0.013	99.996	2.524	1.370	1773265917.158
403	100.000	-0.019	100.001	3.513	1.418	1773265917.383
404	100.000	-0.020	99.997	3.989	1.387	1773265917.664
405	100.000	0.001	100.001	4.652	1.300	1773265917.951
406	100.000	0.003	100.001	4.647	1.323	1773265918.224
407	100.000	-0.004	100.003	4.342	1.282	1773265918.458
408	100.000	0.014	99.999	3.669	1.371	1773265918.725
409	100.000	-0.001	100.006	2.854	1.486	1773265919.031
410	100.000	0.057	99.997	2.328	1.565	1773265919.284
411	100.000	-0.010	99.998	2.329	1.501	1773265919.589
412	100.000	-0.019	100.003	2.539	1.397	1773265919.831
413	100.000	0.016	99.997	2.870	1.347	1773265920.163
414	100.000	0.014	100.004	3.734	1.400	1773265920.474
415	100.000	0.021	99.998	4.739	1.370	1773265920.769
416	100.000	-0.007	100.000	4.905	1.237	1773265921.020
417	100.000	-0.017	100.006	4.822	1.214	1773265921.281
418	100.000	-0.011	99.995	3.877	1.199	1773265921.579
419	100.000	0.020	100.002	2.929	1.307	1773265921.847
420	100.000	-0.034	100.000	2.250	1.462	1773265922.086
421	100.000	0.020	99.999	1.990	1.580	1773265922.354
422	100.000	0.009	99.999	1.967	1.429	1773265922.648
423	100.000	-0.028	100.002	2.587	1.421	1773265922.913
424	100.000	0.002	100.003	3.275	1.433	1773265923.230
425	100.000	0.015	100.002	3.837	1.389	1773265923.510
426	100.000	-0.011	100.001	4.230	1.341	1773265923.776
427	100.000	0.009	100.004	4.434	1.247	1773265924.046
428	100.000	-0.022	100.000	4.425	1.273	1773265924.332
429	100.000	-0.009	99.998	3.791	1.326	1773265924.606
430	100.000	0.001	99.998	2.919	1.398	1773265924.883
431	100.000	-0.009	100.002	2.430	1.561	1773265925.151
432	100.000	-0.017	100.000	2.386	1.559	1773265925.439
433	100.000	0.002	99.999	2.432	1.536	1773265925.722
434	100.000	-0.002	100.003	3.140	1.407	1773265925.990
435	100.000	-0.012	99.998	3.586	1.441	1773265926.319
436	100.000	-0.005	99.998	4.253	1.374	1773265926.593
437	100.000	-0.019	100.001	4.342	1.236	1773265926.851
438	100.000	-0.022	99.999	4.347	1.176	1773265927.101
439	100.000	-0.008	100.003	4.182	1.154	1773265927.365
440	100.000	-0.019	100.005	2.999	1.209	1773265927.665
441	100.000	0.001	99.997	2.604	1.327	1773265927.976
442	100.000	-0.006	99.999	1.926	1.329	1773265928.232
443	100.000	-0.012	100.003	2.033	1.241	1773265928.511
444	100.000	0.033	99.996	2.486	1.329	1773265928.813
445	100.000	-0.005	99.998	3.056	1.396	1773265929.051
446	100.000	0.009	100.002	3.861	1.422	1773265929.323
447	100.000	-0.011	99.995	4.391	1.372	1773265929.631
448	100.000	0.014	100.000	4.373	1.306	1773265929.929
449	100.000	-0.004	100.000	4.221	1.229	1773265930.239
450	100.000	0.037	100.002	3.516	1.181	1773265930.507
451	100.000	-0.001	99.999	2.580	1.360	1773265930.808
452	100.000	0.010	100.000	2.165	1.488	1773265931.111
453	100.000	0.007	99.999	1.986	1.591	1773265931.381
454	100.000	-0.032	99.999	2.431	1.346	1773265931.664
455	100.000	-0.066	100.004	2.925	1.364	1773265931.924
456	100.000	-0.002	100.006	3.541	1.393	1773265932.169
457	100.000	0.013	100.005	4.255	1.346	1773265932.432
458	100.000	-0.016	100.002	4.573	1.272	1773265932.683
459	100.000	-0.002	99.997	4.439	1.190	1773265932.925
460	100.000	-0.010	99.998	3.877	1.068	1773265933.194
461	100.000	0.030	100.004	3.095	1.157	1773265933.445
462	100.000	0.001	100.001	2.394	1.219	1773265933.751
463	100.000	-0.004	99.999	1.807	1.428	1773265934.068
464	100.000	0.022	99.998	1.973	1.352	1773265934.370
465	100.000	-0.021	99.998	2.377	1.253	1773265934.624
466	100.000	0.002	99.999	3.052	1.348	1773265934.872
467	100.000	-0.036	99.997	3.784	1.399	1773265935.105
468	100.000	-0.020	100.003	4.211	1.381	1773265935.383
469	100.000	0.006	99.998	4.371	1.330	1773265935.632
470	100.000	0.026	99.998	4.138	1.262	1773265935.935
471	100.000	0.012	99.999	3.791	1.164	1773265936.181
472	100.000	-0.037	100.000	3.066	1.273	1773265936.493
473	100.000	0.003	100.001	2.413	1.291	1773265936.757
474	100.000	-0.020	99.998	2.096	1.244	1773265937.045
475	100.000	-0.010	100.002	1.987	1.319	1773265937.302
476	100.000	0.015	100.003	2.370	1.145	1773265937.558
477	100.000	0.038	100.000	3.141	1.202	1773265937.817
478	100.000	-0.028	100.003	3.941	1.296	1773265938.063
479	100.000	0.020	99.999	4.540	1.302	1773265938.334
480	100.000	0.014	99.999	4.740	1.207	1773265938.612
481	100.000	-0.018	100.000	4.638	1.152	1773265938.885
482	100.000	0.029	100.003	3.902	1.181	1773265939.184
483	100.000	0.015	100.001	2.856	1.230	1773265939.436
484	100.000	0.010	99.999	2.072	1.267	1773265939.688
485	100.000	-0.016	99.999	1.776	1.443	1773265939.943
486	100.000	-0.028	100.001	1.536	1.603	1773265940.254
487	100.000	-0.020	100.001	1.870	1.462	1773265940.555
488	100.000	-0.019	99.997	2.898	1.402	1773265940.865
489	100.000	0.001	99.999	3.849	1.341	1773265941.177
490	100.000	0.018	100.001	4.423	1.363	1773265941.436
491	100.000	-0.002	99.998	4.563	1.251	1773265941.692
492	100.000	-0.031	100.002	4.305	1.226	1773265941.928
493	100.000	0.003	100.000	3.559	1.167	1773265942.247
494	100.000	0.002	100.001	2.544	1.184	1773265942.511
495	100.000	-0.010	100.000	2.128	1.238	1773265942.789
496	100.000	0.013	100.003	1.734	1.285	1773265943.060
497	100.000	-0.018	100.000	2.042	1.230	1773265943.375
498	100.000	-0.007	100.000	2.607	1.243	1773265943.620
499	100.000	0.040	100.001	3.267	1.296	1773265943.923
500	100.000	0.008	99.999	4.110	1.345	1773265944.179
501	100.000	0.017	99.998	4.408	1.235	1773265944.489
502	100.000	0.009	99.999	4.599	1.178	1773265944.752
503	100.000	-0.002	100.004	4.232	1.105	1773265944.993
504	100.000	-0.020	100.001	3.270	1.091	1773265945.262
505	100.000	0.033	100.000	2.418	1.230	1773265945.562
506	100.000	-0.001	100.002	1.750	1.288	1773265945.884
507	100.000	-0.000	99.999	1.760	1.388	1773265946.196
508	100.000	-0.001	99.999	2.612	1.336	1773265946.500
509	100.000	0.012	100.002	3.396	1.387	1773265946.756
510	100.000	-0.023	99.997	4.107	1.392	1773265947.059
511	100.000	0.006	100.000	4.513	1.347	1773265947.287
512	100.000	-0.002	100.001	4.582	1.280	1773265947.569
513	100.000	0.014	100.002	4.126	1.190	1773265947.803
514	100.000	0.002	99.998	3.373	1.190	1773265948.073
515	100.000	-0.029	100.001	2.638	1.265	1773265948.320
516	100.000	0.005	100.000	2.184	1.325	1773265948.583
517	100.000	-0.006	99.999	1.947	1.412	1773265948.819
518	100.000	0.007	100.004	1.712	1.495	1773265949.072
519	100.000	0.023	99.997	2.212	1.392	1773265949.331
520	100.000	0.004	100.003	3.141	1.322	1773265949.590
521	100.000	0.013	99.998	3.705	1.367	1773265949.840
522	100.000	-0.010	100.004	4.546	1.407	1773265950.101
523	100.000	-0.029	99.997	4.964	1.320	1773265950.412
524	100.000	-0.015	99.997	4.807	1.204	1773265950.755
525	100.000	0.024	99.997	4.139	1.177	1773265951.032
526	100.000	-0.040	99.999	2.958	1.212	1773265951.355
527	100.000	-0.029	100.001	1.811	1.262	1773265951.630
528	100.000	0.020	99.995	1.411	1.359	1773265951.895
529	100.000	-0.037	100.002	1.591	1.318	1773265952.140
530	100.000	-0.025	99.996	2.355	1.336	1773265952.411
531	100.000	0.000	100.002	3.362	1.352	1773265952.699
532	100.000	0.019	100.001	4.034	1.322	1773265952.983
533	100.000	0.004	99.997	4.798	1.320	1773265953.280
534	100.000	0.022	100.000	4.657	1.288	1773265953.599
535	100.000	0.025	99.994	4.009	1.193	1773265953.894
536	100.000	-0.013	100.003	3.106	1.272	1773265954.173
537	100.000	0.003	100.003	2.267	1.339	1773265954.444
538	100.000	0.012	99.999	1.724	1.573	1773265954.727
539	100.000	0.008	100.004	1.722	1.471	1773265955.046
540	100.000	0.034	99.999	2.329	1.503	1773265955.340
541	100.000	0.013	100.001	3.447	1.390	1773265955.596
542	100.000	-0.000	100.000	4.112	1.356	1773265955.928
543	100.000	0.022	100.004	4.861	1.343	1773265956.209
544	100.000	0.022	100.002	4.606	1.183	1773265956.466
545	100.000	0.012	99.999	4.122	1.180	1773265956.784
546	100.000	0.023	99.997	3.244	1.280	1773265957.034
547	100.000	-0.020	100.003	2.558	1.342	1773265957.308
548	100.000	-0.013	99.998	1.870	1.556	1773265957.560
549	100.000	0.018	100.004	1.656	1.574	1773265957.888
550	100.000	0.012	99.997	2.046	1.444	1773265958.195
551	100.000	-0.020	99.998	3.045	1.288	1773265958.495
552	100.000	0.013	100.001	4.314	1.363	1773265958.740
553	100.000	0.013	100.000	4.542	1.243	1773265958.996
554	100.000	-0.001	100.003	5.167	1.293	1773265959.266
555	100.000	-0.003	100.004	4.808	1.258	1773265959.563
556	100.000	0.023	100.001	3.965	1.241	1773265959.789
557	100.000	-0.005	99.999	3.214	1.357	1773265960.055
558	100.000	0.000	99.999	2.428	1.497	1773265960.298
559	100.000	-0.035	100.002	1.829	1.660	1773265960.558
560	100.000	-0.002	99.996	1.589	1.659	1773265960.812
561	100.000	-0.012	99.998	1.995	1.565	1773265961.142
562	100.000	0.011	100.005	2.765	1.405	1773265961.429
563	100.000	0.011	99.998	4.010	1.346	1773265961.686
564	100.000	-0.012	100.002	4.665	1.338	1773265961.999
565	100.000	-0.010	100.000	4.946	1.200	1773265962.250
566	100.000	0.036	100.001	4.423	1.159	1773265962.562
567	100.000	-0.003	99.996	3.609	1.154	1773265962.838
568	100.000	0.011	99.997	2.511	1.269	1773265963.119
569	100.000	-0.012	100.000	1.775	1.454	1773265963.381
570	100.000	-0.007	100.000	1.456	1.641	1773265963.680
571	100.000	0.017	100.001	1.559	1.565	1773265963.933
572	100.000	-0.014	99.998	2.203	1.557	1773265964.165
573	100.000	0.020	100.001	3.130	1.492	1773265964.443
574	100.000	0.029	100.001	4.440	1.403	1773265964.747
575	100.000	0.019	99.999	5.038	1.275	1773265965.071
576	100.000	-0.006	100.002	5.071	1.177	1773265965.351
577	100.000	-0.008	99.999	4.464	1.122	1773265965.621
578	100.000	0.010	100.004	3.350	1.238	1773265965.879
579	100.000	0.041	99.999	2.389	1.396	1773265966.132
580	100.000	0.005	100.006	1.840	1.532	1773265966.430
581	100.000	0.004	100.001	1.383	1.704	1773265966.737
582	100.000	-0.045	99.999	1.690	1.600	1773265967.010
583	100.000	-0.020	99.997	2.583	1.523	1773265967.302
584	100.000	0.014	99.999	4.338	1.484	1773265967.610
585	100.000	0.026	100.000	4.856	1.391	1773265967.882
586	100.000	-0.025	100.003	4.974	1.262	1773265968.128
587	100.000	0.010	100.001	4.301	1.157	1773265968.391
588	100.000	0.000	100.001	3.599	1.129	1773265968.638
589	100.000	0.010	99.997	2.761	1.247	1773265968.902
590	100.000	-0.021	100.005	2.022	1.441	1773265969.187
591	100.000	-0.006	100.002	1.779	1.580	1773265969.450
592	100.000	-0.010	99.997	1.707	1.630	1773265969.699
593	100.000	-0.020	100.006	1.975	1.621	1773265969.969
594	100.000	-0.017	100.006	2.565	1.399	1773265970.249
595	100.000	-0.001	100.002	4.013	1.394	1773265970.513
596	100.000	0.017	100.002	5.099	1.298	1773265970.832
597	100.000	-0.008	100.000	5.052	1.213	1773265971.080
598	100.000	0.016	100.001	4.497	1.110	1773265971.341
599	100.000	0.011	100.000	3.334	1.087	1773265971.623
600	100.000	-0.023	100.001	2.333	1.290	1773265971.893
601	100.000	0.008	99.999	1.635	1.475	1773265972.120
602	100.000	0.036	100.004	1.465	1.638	1773265972.386
603	100.000	-0.004	100.001	1.455	1.714	1773265972.633
604	100.000	-0.001	100.002	1.794	1.478	1773265972.905
605	100.000	0.006	100.000	2.559	1.486	1773265973.188
606	100.000	0.024	100.001	3.595	1.495	1773265973.457
607	100.000	0.035	100.003	4.618	1.441	1773265973.774
608	100.000	-0.026	99.999	4.995	1.294	1773265974.054
609	100.000	0.000	100.002	4.338	1.194	1773265974.340
610	100.000	-0.002	100.002	3.486	1.167	1773265974.592
611	100.000	-0.024	100.003	2.369	1.373	1773265974.901
612	100.000	-0.031	100.000	1.694	1.627	1773265975.173
613	100.000	0.013	99.996	1.635	1.808	1773265975.452
614	100.000	-0.002	100.006	1.921	1.750	1773265975.712
615	100.000	-0.025	100.000	2.641	1.667	1773265975.960
616	100.000	-0.024	100.000	3.352	1.605	1773265976.221
617	100.000	-0.006	100.003	4.289	1.564	1773265976.473
618	100.000	-0.010	100.005	5.216	1.471	1773265976.787
619	100.000	0.013	99.998	4.957	1.301	1773265977.083
620	100.000	-0.012	99.998	4.077	1.209	1773265977.332
621	100.000	-0.015	100.003	3.186	1.157	1773265977.595
622	100.000	0.004	100.000	2.245	1.345	1773265977.869
623	100.000	0.004	100.002	1.637	1.695	1773265978.169
624	100.000	-0.000	100.001	1.817	1.829	1773265978.421
625	100.000	-0.014	100.002	2.167	1.734	1773265978.746
626	100.000	-0.019	99.998	2.942	1.702	1773265979.053
627	100.000	0.004	99.995	3.838	1.520	1773265979.356
628	100.000	-0.003	100.004	4.971	1.393	1773265979.675
629	100.000	0.011	100.000	4.999	1.308	1773265979.959
630	100.000	-0.003	99.999	4.415	1.218	1773265980.236
631	100.000	0.036	100.004	3.494	1.196	1773265980.484
632	100.000	0.015	100.002	2.483	1.326	1773265980.812
633	100.000	0.016	100.002	1.717	1.518	1773265981.121
634	100.000	0.033	100.002	1.765	1.702	1773265981.431
635	100.000	0.032	100.001	2.113	1.717	1773265981.747
636	100.000	0.037	99.995	3.055	1.593	1773265982.049
637	100.000	-0.003	100.001	4.027	1.462	1773265982.289
638	100.000	-0.019	99.998	5.027	1.364	1773265982.539
639	100.000	-0.014	100.001	5.219	1.343	1773265982.806
640	100.000	0.026	100.001	4.413	1.100	1773265983.104
641	100.000	-0.007	100.003	3.589	0.972	1773265983.379
642	100.000	-0.036	99.996	2.583	1.013	1773265983.631
643	100.000	0.035	99.995	1.609	1.221	1773265983.938
644	100.000	0.015	99.998	1.201	1.652	1773265984.170
645	100.000	-0.032	100.001	1.501	1.789	1773265984.441
646	100.000	0.001	99.997	2.096	1.703	1773265984.710
647	100.000	0.017	100.000	2.875	1.583	1773265984.990
648	100.000	-0.011	99.997	3.916	1.489	1773265985.264
649	100.000	-0.009	100.000	4.971	1.425	1773265985.542
650	100.000	-0.009	99.996	5.142	1.350	1773265985.820
651	100.000	-0.007	100.003	4.477	1.132	1773265986.130
652	100.000	-0.014	100.001	3.361	1.077	1773265986.443
653	100.000	-0.026	100.004	2.360	1.154	1773265986.731
654	100.000	0.018	100.002	1.271	1.281	1773265986.991
655	100.000	0.008	100.000	1.285	1.408	1773265987.253
656	100.000	0.001	100.002	1.722	1.591	1773265987.543
657	100.000	-0.015	100.001	2.536	1.506	1773265987.861
658	100.000	-0.003	100.000	3.996	1.462	1773265988.146
659	100.000	-0.006	100.005	4.941	1.355	1773265988.412
660	100.000	0.004	100.005	5.273	1.272	1773265988.643
661	100.000	0.013	100.001	4.870	1.131	1773265988.915
662	100.000	0.034	99.998	3.996	1.021	1773265989.199
663	100.000	-0.016	100.000	3.018	1.042	1773265989.472
664	100.000	-0.000	99.996	1.960	1.087	1773265989.783
665	100.000	-0.015	99.995	1.232	1.186	1773265990.099
666	100.000	-0.015	100.000	1.442	1.362	1773265990.379
667	100.000	-0.008	100.001	1.903	1.403	1773265990.651
668	100.000	0.017	100.003	2.778	1.287	1773265990.895
669	100.000	0.028	100.003	4.140	1.332	1773265991.161
670	100.000	-0.001	100.004	5.128	1.349	1773265991.451
671	100.000	0.025	100.000	5.475	1.254	1773265991.777
672	100.000	-0.018	99.999	4.692	1.092	1773265992.028
673	100.000	-0.026	100.001	3.692	1.024	1773265992.278
674	100.000	0.004	99.996	2.775	1.079	1773265992.535
675	100.000	0.000	100.000	1.781	1.298	1773265992.830
676	100.000	-0.007	100.000	1.384	1.290	1773265993.165
677	100.000	-0.025	99.996	1.664	1.321	1773265993.468
678	100.000	-0.020	99.999	2.369	1.354	1773265993.787
679	100.000	0.023	99.997	4.000	1.326	1773265994.092
680	100.000	-0.035	99.999	5.459	1.338	1773265994.347
681	100.000	-0.031	99.996	5.826	1.200	1773265994.579
682	100.000	0.004	100.003	5.557	1.135	1773265994.846
683	100.000	-0.024	100.004	4.568	1.033	1773265995.092
684	100.000	-0.012	99.997	3.297	1.079	1773265995.362
685	100.000	0.019	100.002	2.087	1.307	1773265995.658
686	100.000	-0.003	100.000	1.987	1.504	1773265995.960
687	100.000	-0.025	99.998	2.030	1.560	1773265996.277
688	100.000	0.004	100.000	2.440	1.460	1773265996.601
689	100.000	-0.010	99.998	3.314	1.333	1773265996.919
690	100.000	-0.016	99.996	4.303	1.306	1773265997.160
691	100.000	-0.021	100.003	5.010	1.257	1773265997.421
692	100.000	0.021	99.997	5.264	1.201	1773265997.677
693	100.000	0.007	100.002	4.480	1.140	1773265997.988
694	100.000	-0.014	100.001	3.144	1.021	1773265998.309
695	100.000	-0.003	100.004	1.843	1.180	1773265998.595
696	100.000	0.030	100.001	1.763	1.512	1773265998.854
697	100.000	-0.000	100.000	1.976	1.671	1773265999.100
698	100.000	0.000	100.003	2.347	1.615	1773265999.418
699	100.000	-0.014	100.002	2.809	1.530	1773265999.679
700	100.000	-0.049	100.007	4.044	1.410	1773265999.966
701	100.000	0.003	100.000	4.960	1.386	1773266000.248
702	100.000	-0.023	100.001	5.317	1.323	1773266000.581
703	100.000	0.003	100.002	4.794	1.276	1773266000.839
704	100.000	-0.004	99.999	3.860	1.083	1773266001.106
705	100.000	0.018	100.003	2.776	1.183	1773266001.358
706	100.000	0.029	99.997	2.206	1.471	1773266001.665
707	100.000	-0.002	100.005	1.912	1.519	1773266001.944
708	100.000	0.015	100.003	2.141	1.533	1773266002.225
709	100.000	0.029	99.999	2.794	1.485	1773266002.536
710	100.000	-0.014	99.997	3.466	1.390	1773266002.811
711	100.000	-0.003	99.996	4.424	1.289	1773266003.084
712	100.000	-0.028	99.998	5.201	1.340	1773266003.351
713	100.000	0.027	100.005	5.132	1.222	1773266003.608
714	100.000	0.000	100.000	4.429	1.173	1773266003.906
715	100.000	0.033	99.997	3.357	1.125	1773266004.169
716	100.000	0.023	99.999	2.483	1.285	1773266004.444
717	100.000	-0.022	100.001	1.779	1.417	1773266004.738
718	100.000	0.001	100.005	1.825	1.687	1773266004.987
719	100.000	-0.011	100.000	2.089	1.651	1773266005.250
720	100.000	0.012	100.007	2.725	1.603	1773266005.504
721	100.000	0.010	99.998	3.497	1.490	1773266005.749
722	100.000	-0.010	100.002	4.454	1.408	1773266006.004
723	100.000	0.029	99.998	5.045	1.328	1773266006.326
724	100.000	0.004	100.001	5.318	1.190	1773266006.619
725	100.000	-0.003	100.002	4.423	1.096	1773266006.870
726	100.000	0.033	99.999	3.612	1.044	1773266007.140
727	100.000	-0.017	100.001	2.290	1.115	1773266007.423
728	100.000	0.024	100.004	1.479	1.184	1773266007.686
729	100.000	-0.019	100.002	1.305	1.633	1773266008.008
730	100.000	-0.024	99.997	1.732	1.587	1773266008.290
731	100.000	0.013	99.998	2.761	1.525	1773266008.554
732	100.000	0.008	100.000	3.668	1.515	1773266008.787
733	100.000	0.007	100.002	4.571	1.381	1773266009.049
734	100.000	0.010	99.997	5.065	1.377	1773266009.320
735	100.000	-0.013	99.998	4.941	1.249	1773266009.625
736	100.000	-0.010	100.000	4.247	1.088	1773266009.855
737	100.000	0.022	99.998	3.253	1.170	1773266010.120
738	100.000	0.005	100.002	2.141	1.203	1773266010.363
739	100.000	0.013	100.002	1.441	1.537	1773266010.623
740	100.000	-0.011	100.000	1.481	1.695	1773266010.939
741	100.000	0.010	100.002	2.121	1.639	1773266011.235
742	100.000	0.003	99.998	3.119	1.596	1773266011.502
743	100.000	-0.000	99.996	4.013	1.510	1773266011.751
744	100.000	0.024	100.000	4.841	1.427	1773266012.018
745	100.000	-0.015	100.001	5.184	1.283	1773266012.303
746	100.000	0.005	100.004	4.952	1.217	1773266012.623
747	100.000	0.019	99.997	3.906	1.161	1773266012.876
748	100.000	-0.002	100.002	2.874	1.078	1773266013.179
749	100.000	-0.003	100.003	1.679	1.283	1773266013.491
750	100.000	-0.012	100.001	1.279	1.635	1773266013.753
751	100.000	0.027	100.000	1.810	1.667	1773266014.060
752	100.000	-0.010	100.003	2.297	1.632	1773266014.322
753	100.000	-0.007	100.004	3.800	1.453	1773266014.580
754	100.000	0.006	99.997	4.715	1.397	1773266014.899
755	100.000	-0.008	99.999	5.790	1.372	1773266015.196
756	100.000	0.020	100.004	5.421	1.141	1773266015.432
757	100.000	0.021	100.002	4.693	1.152	1773266015.698
758	100.000	0.011	100.003	3.603	1.078	1773266015.947
759	100.000	-0.017	99.999	2.301	1.225	1773266016.265
760	100.000	-0.007	99.996	1.734	1.603	1773266016.584
761	100.000	-0.018	100.001	1.846	1.807	1773266016.884
762	100.000	-0.024	100.001	2.616	1.704	1773266017.158
763	100.000	0.011	99.998	3.159	1.573	1773266017.405
764	100.000	-0.000	100.003	3.959	1.495	1773266017.659
765	100.000	-0.003	99.997	4.794	1.407	1773266017.904
766	100.000	0.020	99.999	5.485	1.321	1773266018.163
767	100.000	-0.009	100.001	5.504	1.208	1773266018.500
768	100.000	0.007	99.997	4.545	1.088	1773266018.793
769	100.000	-0.012	100.003	3.282	1.127	1773266019.076
770	100.000	-0.019	99.995	2.312	1.313	1773266019.333
771	100.000	-0.007	100.001	1.982	1.523	1773266019.580
772	100.000	0.012	100.002	1.615	1.897	1773266019.845
773	100.000	0.021	100.001	2.342	1.798	1773266020.157
774	100.000	0.024	99.998	3.234	1.722	1773266020.480
775	100.000	-0.011	100.000	4.183	1.516	1773266020.782
776	100.000	0.014	100.002	4.864	1.439	1773266021.012
777	100.000	0.022	100.004	5.175	1.347	1773266021.280
778	100.000	0.004	99.999	4.864	1.304	1773266021.525
779	100.000	-0.039	99.999	3.652	1.309	1773266021.828
780	100.000	0.012	99.998	2.898	1.300	1773266022.097
781	100.000	-0.015	99.996	2.210	1.482	1773266022.401
782	100.000	0.018	100.001	2.125	1.741	1773266022.705
783	100.000	-0.008	99.999	2.311	1.787	1773266022.970
784	100.000	0.003	99.999	3.063	1.742	1773266023.268
785	100.000	0.005	99.998	3.942	1.671	1773266023.523
786	100.000	-0.021	99.999	4.811	1.580	1773266023.770
787	100.000	0.002	100.001	5.197	1.461	1773266024.040
788	100.000	-0.010	99.999	5.199	1.363	1773266024.362
789	100.000	-0.003	99.996	4.153	1.269	1773266024.640
790	100.000	0.007	99.998	3.175	1.229	1773266024.898
791	100.000	-0.005	99.998	2.488	1.363	1773266025.141
792	100.000	0.025	100.001	1.777	1.510	1773266025.423
793	100.000	-0.008	99.996	1.936	1.712	1773266025.710
794	100.000	-0.037	100.001	2.479	1.744	1773266026.025
795	100.000	0.000	99.999	3.217	1.762	1773266026.296
796	100.000	-0.028	99.998	4.063	1.577	1773266026.572
797	100.000	-0.007	99.996	5.249	1.482	1773266026.848
798	100.000	-0.001	100.000	5.354	1.428	1773266027.156
799	100.000	-0.010	100.001	4.725	1.334	1773266027.458
800	100.000	-0.010	100.003	3.358	1.302	1773266027.761
801	100.000	-0.030	100.002	2.384	1.343	1773266028.028
802	100.000	0.010	100.004	1.700	1.479	1773266028.283
803	100.000	0.023	99.998	2.013	1.821	1773266028.538
804	100.000	0.005	99.999	2.293	1.825	1773266028.869
805	100.000	-0.017	100.000	2.866	1.733	1773266029.142
806	100.000	0.019	99.998	3.631	1.682	1773266029.404
807	100.000	0.026	99.999	4.492	1.567	1773266029.649
808	100.000	0.003	99.999	4.942	1.363	1773266029.917
809	100.000	0.041	99.998	4.852	1.326	1773266030.199
810	100.000	-0.023	100.002	4.272	1.290	1773266030.468
811	100.000	0.011	100.002	3.215	1.239	1773266030.723
812	100.000	0.020	100.004	2.309	1.233	1773266031.023
813	100.000	0.009	100.004	1.850	1.316	1773266031.267
814	100.000	0.038	100.001	1.718	1.577	1773266031.582
815	100.000	0.009	100.000	2.061	1.611	1773266031.850
816	100.000	-0.008	100.000	2.895	1.675	1773266032.130
817	100.000	-0.013	99.998	3.702	1.546	1773266032.409
818	100.000	0.015	100.006	4.431	1.498	1773266032.711
819	100.000	0.018	99.999	5.079	1.440	1773266032.988
820	100.000	0.013	100.001	4.736	1.340	1773266033.303
821	100.000	-0.003	100.003	3.736	1.260	1773266033.550
822	100.000	-0.029	100.000	2.739	1.256	1773266033.804
823	100.000	-0.006	100.001	1.970	1.311	1773266034.138
824	100.000	-0.002	100.003	1.538	1.642	1773266034.422
825	100.000	-0.017	99.998	1.996	1.614	1773266034.726
826	100.000	0.001	100.002	2.625	1.585	1773266035.034
827	100.000	-0.016	100.003	3.775	1.569	1773266035.298
828	100.000	-0.010	99.999	4.385	1.558	1773266035.578
829	100.000	-0.007	100.000	5.097	1.356	1773266035.879
830	100.000	0.001	100.003	4.883	1.297	1773266036.169
831	100.000	0.026	100.000	3.777	1.138	1773266036.423
832	100.000	-0.004	100.004	2.949	1.061	1773266036.653
833	100.000	0.030	99.998	1.959	1.147	1773266036.926
834	100.000	0.005	99.999	1.928	1.421	1773266037.215
835	100.000	-0.014	100.000	1.782	1.486	1773266037.486
836	100.000	-0.009	99.999	2.266	1.625	1773266037.802
837	100.000	-0.011	99.998	3.118	1.543	1773266038.116
838	100.000	-0.021	100.002	4.217	1.410	1773266038.413
839	100.000	-0.023	99.999	5.126	1.429	1773266038.658
840	100.000	-0.012	100.000	5.294	1.323	1773266038.911
841	100.000	0.017	99.996	4.920	1.298	1773266039.194
842	100.000	0.000	100.000	3.563	1.323	1773266039.440
843	100.000	0.014	99.999	2.498	1.273	1773266039.756
844	100.000	0.005	99.996	1.649	1.338	1773266040.004
845	100.000	0.001	100.002	1.287	1.582	1773266040.253
846	100.000	0.026	99.997	1.422	1.573	1773266040.503
847	100.000	0.008	100.004	1.874	1.487	1773266040.795
848	100.000	-0.028	100.000	3.085	1.510	1773266041.082
849	100.000	0.012	99.994	4.185	1.397	1773266041.367
850	100.000	0.014	100.002	5.120	1.310	1773266041.648
851	100.000	-0.025	100.001	5.510	1.289	1773266041.937
852	100.000	0.009	100.003	4.910	1.283	1773266042.195
853	100.000	-0.016	100.000	3.841	1.261	1773266042.492
854	100.000	0.013	99.998	2.827	1.221	1773266042.738
855	100.000	0.011	99.998	2.043	1.274	1773266043.042
856	100.000	-0.023	99.996	2.077	1.288	1773266043.308
857	100.000	-0.026	99.998	1.939	1.462	1773266043.551
858	100.000	-0.001	100.000	2.443	1.380	1773266043.804
859	100.000	-0.035	99.998	3.119	1.443	1773266044.054
860	100.000	0.008	100.000	4.408	1.418	1773266044.293
861	100.000	-0.033	99.999	5.121	1.356	1773266044.584
862	100.000	-0.032	100.004	5.460	1.346	1773266044.873
863	100.000	0.001	100.000	4.987	1.347	1773266045.127
864	100.000	-0.011	99.996	3.891	1.320	1773266045.447
865	100.000	0.001	100.003	2.576	1.328	1773266045.764
866	100.000	-0.025	100.002	2.036	1.336	1773266046.044
867	100.000	-0.002	100.001	1.803	1.353	1773266046.322
868	100.000	0.028	100.002	2.165	1.327	1773266046.636
869	100.000	0.000	100.001	3.095	1.356	1773266046.948
870	100.000	0.029	100.005	3.988	1.332	1773266047.240
871	100.000	-0.020	99.998	4.855	1.295	1773266047.510
872	100.000	-0.025	99.998	5.363	1.369	1773266047.778
873	100.000	-0.012	99.998	4.716	1.261	1773266048.061
874	100.000	-0.004	100.001	4.011	1.336	1773266048.311
875	100.000	-0.027	100.002	2.769	1.369	1773266048.622
876	100.000	-0.042	100.000	2.246	1.354	1773266048.887
877	100.000	-0.005	100.001	2.049	1.475	1773266049.143
878	100.000	-0.036	100.005	2.216	1.543	1773266049.419
879	100.000	0.012	100.007	2.586	1.540	1773266049.670
880	100.000	0.013	100.003	3.390	1.439	1773266049.923
881	100.000	-0.032	100.004	4.341	1.387	1773266050.201
882	100.000	0.015	100.000	5.207	1.329	1773266050.501
883	100.000	-0.008	100.001	5.133	1.311	1773266050.730
884	100.000	0.019	100.000	4.905	1.301	1773266050.992
885	100.000	0.003	100.004	3.884	1.346	1773266051.248
886	100.000	-0.012	99.996	2.751	1.489	1773266051.576
887	100.000	0.031	100.003	2.068	1.615	1773266051.856
888	100.000	0.023	100.001	2.007	1.523	1773266052.113
889	100.000	-0.022	100.002	2.043	1.408	1773266052.384
890	100.000	-0.011	100.004	2.448	1.317	1773266052.630
891	100.000	-0.006	100.000	2.911	1.305	1773266052.882
892	100.000	0.002	100.002	3.846	1.283	1773266053.133
893	100.000	0.030	100.001	4.333	1.253	1773266053.398
894	100.000	-0.012	99.999	4.805	1.218	1773266053.714
895	100.000	0.021	100.003	4.631	1.284	1773266054.003
896	100.000	0.016	99.995	3.675	1.424	1773266054.265
897	100.000	-0.024	99.998	2.688	1.527	1773266054.512
898	100.000	0.013	100.001	1.943	1.685	1773266054.777
899	100.000	-0.000	100.003	1.901	1.640	1773266055.064
900	100.000	0.007	100.005	2.056	1.547	1773266055.330
901	100.000	-0.009	100.002	2.564	1.386	1773266055.658
902	100.000	-0.023	100.001	3.513	1.324	1773266055.930
903	100.000	-0.018	99.998	4.274	1.311	1773266056.226
904	100.000	-0.013	99.998	4.731	1.259	1773266056.524
905	100.000	0.004	99.995	4.835	1.239	1773266056.821
906	100.000	0.014	99.997	4.054	1.200	1773266057.080
907	100.000	0.007	100.001	3.214	1.349	1773266057.317
908	100.000	-0.019	99.999	2.380	1.373	1773266057.584
909	100.000	0.002	100.004	2.026	1.334	1773266057.866
910	100.000	0.001	99.999	2.019	1.475	1773266058.132
911	100.000	-0.044	99.995	2.147	1.410	1773266058.384
912	100.000	0.002	100.000	2.857	1.323	1773266058.700
913	100.000	-0.015	100.000	3.495	1.307	1773266058.945
914	100.000	0.005	99.996	4.445	1.276	1773266059.193
915	100.000	-0.023	99.999	4.775	1.245	1773266059.441
916	100.000	-0.009	100.001	4.776	1.219	1773266059.692
917	100.000	0.004	100.006	4.412	1.197	1773266059.937
918	100.000	-0.010	99.999	3.657	1.330	1773266060.219
919	100.000	0.009	99.999	2.455	1.306	1773266060.516
920	100.000	-0.005	100.003	2.190	1.374	1773266060.769
921	100.000	0.002	100.002	2.191	1.416	1773266061.023
922	100.000	-0.009	100.003	2.541	1.349	1773266061.323
923	100.000	-0.003	100.003	2.860	1.394	1773266061.592
924	100.000	-0.017	99.998	3.679	1.307	1773266061.888
925	100.000	-0.015	100.003	4.500	1.249	1773266062.201
926	100.000	0.019	100.000	4.643	1.148	1773266062.465
927	100.000	0.020	99.999	4.648	1.189	1773266062.745
928	100.000	-0.003	99.996	3.979	1.183	1773266063.008
929	100.000	-0.004	100.004	2.636	1.182	1773266063.254
930	100.000	0.012	100.000	2.298	1.170	1773266063.513
931	100.000	0.004	100.001	1.881	1.203	1773266063.759
932	100.000	0.030	99.999	1.750	1.152	1773266064.067
933	100.000	0.003	100.002	2.331	1.231	1773266064.300
934	100.000	0.026	100.003	2.797	1.187	1773266064.615
935	100.000	0.004	99.996	3.686	1.203	1773266064.903
936	100.000	0.012	99.998	4.365	1.073	1773266065.151
937	100.000	0.011	99.998	4.745	1.074	1773266065.497
938	100.000	-0.010	100.001	4.563	1.019	1773266065.791
939	100.000	-0.005	99.998	3.423	1.104	1773266066.096
940	100.000	0.012	100.000	2.572	1.229	1773266066.339
941	100.000	0.005	99.998	1.880	1.440	1773266066.608
942	100.000	-0.034	100.000	2.135	1.462	1773266066.879
943	100.000	-0.034	100.000	2.159	1.400	1773266067.174
944	100.000	-0.023	100.003	2.761	1.241	1773266067.460
945	100.000	0.006	100.003	3.353	1.283	1773266067.717
946	100.000	-0.008	99.998	3.978	1.167	1773266068.042
947	100.000	0.004	100.000	4.479	1.107	1773266068.330
948	100.000	0.008	100.005	4.586	1.087	1773266068.606
949	100.000	-0.009	99.998	4.170	1.246	1773266068.908
950	100.000	0.051	100.001	3.451	1.400	1773266069.141
951	100.000	0.023	100.000	2.598	1.381	1773266069.430
952	100.000	-0.033	100.004	2.334	1.469	1773266069.663
953	100.000	-0.003	100.000	2.325	1.424	1773266069.927
954	100.000	0.001	100.001	2.615	1.442	1773266070.176
955	100.000	-0.045	100.000	2.788	1.463	1773266070.482
956	100.000	0.012	100.001	3.582	1.344	1773266070.731
957	100.000	0.044	99.999	4.160	1.262	1773266071.039
958	100.000	0.012	100.004	4.786	1.211	1773266071.312
959	100.000	0.017	100.001	4.642	1.228	1773266071.586
960	100.000	-0.010	100.001	4.141	1.215	1773266071.855
961	100.000	-0.005	99.995	3.304	1.313	1773266072.082
962	100.000	0.012	99.996	2.578	1.341	1773266072.368
963	100.000	-0.009	100.000	2.178	1.410	1773266072.676
964	100.000	-0.013	99.998	2.405	1.324	1773266072.966
965	100.000	0.005	99.999	2.605	1.343	1773266073.233
966	100.000	-0.001	100.002	3.186	1.360	1773266073.534
967	100.000	-0.035	100.002	3.884	1.284	1773266073.782
968	100.000	0.024	100.001	4.379	1.157	1773266074.035
969	100.000	-0.006	100.003	4.638	1.120	1773266074.303
970	100.000	-0.029	100.000	4.411	1.270	1773266074.625
971	100.000	0.047	100.000	3.404	1.369	1773266074.909
972	100.000	0.033	99.998	2.755	1.658	1773266075.172
973	100.000	0.009	99.998	2.126	1.734	1773266075.491
974	100.000	-0.010	100.001	2.023	1.670	1773266075.783
975	100.000	-0.027	100.003	2.216	1.440	1773266076.047
976	100.000	-0.013	99.998	2.436	1.423	1773266076.290
977	100.000	-0.037	100.000	3.039	1.387	1773266076.602
978	100.000	0.015	99.996	3.815	1.331	1773266076.868
979	100.000	-0.003	100.002	4.536	1.194	1773266077.156
980	100.000	0.015	100.000	4.622	1.124	1773266077.459
981	100.000	0.011	100.003	4.038	1.166	1773266077.730
982	100.000	0.004	100.004	3.336	1.244	1773266077.979
983	100.000	0.006	100.001	2.866	1.445	1773266078.248
984	100.000	-0.016	100.000	2.296	1.582	1773266078.525
985	100.000	-0.031	100.002	2.141	1.510	1773266078.791
986	100.000	-0.015	100.000	2.238	1.569	1773266079.040
987	100.000	-0.008	100.001	2.788	1.480	1773266079.313
988	100.000	0.026	100.001	3.477	1.459	1773266079.594
989	100.000	-0.028	100.001	3.957	1.357	1773266079.866
990	100.000	0.002	100.005	4.281	1.275	1773266080.182
991	100.000	0.022	100.002	4.149	1.223	1773266080.483
992	100.000	-0.020	99.999	3.631	1.324	1773266080.732
993	100.000	-0.016	99.999	3.032	1.340	1773266080.962
994	100.000	-0.036	99.999	2.451	1.578	1773266081.226
995	100.000	0.031	99.998	2.225	1.644	1773266081.474
996	100.000	0.005	100.002	2.059	1.573	1773266081.750
997	100.000	-0.016	100.000	2.194	1.376	1773266082.039
998	100.000	-0.004	100.002	2.713	1.313	1773266082.304
999	100.000	-0.005	100.001	3.297	1.243	1773266082.605
1000	100.000	0.026	99.993	4.158	1.222	1773266082.860
1001	100.000	0.016	99.998	4.473	1.175	1773266083.132
1002	100.000	-0.009	100.001	4.643	1.141	1773266083.413
1003	100.000	0.005	100.001	3.943	1.135	1773266083.732
1004	100.000	0.010	100.003	3.256	1.245	1773266083.973
1005	100.000	-0.023	100.001	2.514	1.277	1773266084.226
1006	100.000	0.007	100.005	2.299	1.320	1773266084.455
1007	100.000	-0.023	99.993	2.311	1.282	1773266084.737
1008	100.000	0.007	100.002	2.614	1.441	1773266084.989
1009	100.000	0.026	99.998	2.918	1.465	1773266085.309
1010	100.000	0.026	100.007	3.370	1.347	1773266085.601
1011	100.000	0.006	99.998	3.724	1.193	1773266085.864
1012	100.000	-0.002	100.003	3.936	1.159	1773266086.165
1013	100.000	0.061	99.995	4.099	1.197	1773266086.426
1014	100.000	0.006	100.002	3.563	1.228	1773266086.707
1015	100.000	-0.041	99.999	2.930	1.295	1773266086.988
1016	100.000	0.011	100.002	2.482	1.402	1773266087.295
1017	100.000	0.004	99.997	2.262	1.359	1773266087.539
1018	100.000	-0.022	100.000	2.632	1.401	1773266087.805
1019	100.000	-0.029	99.996	2.671	1.261	1773266088.081
1020	100.000	0.018	100.000	3.141	1.280	1773266088.358
1021	100.000	0.016	100.000	3.633	1.249	1773266088.672
1022	100.000	0.000	100.003	4.345	1.291	1773266088.981
1023	100.000	-0.013	99.997	4.714	1.172	1773266089.237
1024	100.000	0.032	99.999	4.589	1.245	1773266089.484
1025	100.000	-0.010	100.001	4.074	1.299	1773266089.801
1026	100.000	-0.027	100.003	3.396	1.366	1773266090.110
1027	100.000	-0.007	100.001	2.845	1.402	1773266090.341
1028	100.000	-0.001	99.999	2.734	1.346	1773266090.607
1029	100.000	-0.033	99.996	2.712	1.322	1773266090.861
1030	100.000	0.011	100.000	2.780	1.328	1773266091.176
1031	100.000	0.005	100.003	3.015	1.226	1773266091.487
1032	100.000	-0.026	100.001	3.469	1.275	1773266091.770
1033	100.000	0.017	99.997	3.991	1.198	1773266092.036
1034	100.000	0.018	99.999	4.117	1.224	1773266092.299
1035	100.000	-0.003	100.005	4.052	1.225	1773266092.555
1036	100.000	0.005	100.004	3.712	1.277	1773266092.813
1037	100.000	0.005	100.002	3.096	1.302	1773266093.075
1038	100.000	0.002	99.998	2.467	1.289	1773266093.317
1039	100.000	0.040	100.002	2.345	1.168	1773266093.585
1040	100.000	-0.008	100.003	2.327	1.062	1773266093.898
1041	100.000	0.012	100.001	2.892	1.077	1773266094.198
1042	100.000	-0.008	100.002	3.476	1.131	1773266094.503
1043	100.000	0.002	100.001	4.062	1.106	1773266094.773
1044	100.000	-0.020	100.000	4.579	1.228	1773266095.056
1045	100.000	-0.006	99.996	4.453	1.208	1773266095.321
1046	100.000	0.020	99.998	4.447	1.312	1773266095.569
1047	100.000	0.002	100.000	3.425	1.293	1773266095.834
1048	100.000	-0.011	100.001	3.066	1.387	1773266096.136
1049	100.000	0.009	100.003	2.374	1.291	1773266096.391
1050	100.000	0.005	99.999	2.430	1.216	1773266096.614
1051	100.000	-0.002	100.000	2.762	1.146	1773266096.874
1052	100.000	-0.018	100.001	3.212	1.125	1773266097.126
1053	100.000	0.027	100.000	3.458	1.113	1773266097.400
1054	100.000	-0.001	100.002	4.185	1.185	1773266097.688
1055	100.000	0.002	100.001	4.448	1.125	1773266097.945
1056	100.000	-0.039	99.997	4.582	1.226	1773266098.193
1057	100.000	0.001	100.000	4.126	1.288	1773266098.511
1058	100.000	-0.022	99.998	3.380	1.263	1773266098.760
1059	100.000	0.030	100.001	2.910	1.220	1773266099.024
1060	100.000	0.026	100.009	2.315	1.122	1773266099.341
1061	100.000	-0.012	99.998	2.347	1.094	1773266099.638
1062	100.000	-0.003	100.003	2.684	1.190	1773266099.895
1063	100.000	-0.017	100.000	3.442	1.234	1773266100.209
1064	100.000	-0.053	100.000	4.270	1.244	1773266100.511
1065	100.000	0.008	99.997	4.650	1.212	1773266100.760
1066	100.000	0.017	100.004	4.683	1.185	1773266101.002
1067	100.000	0.014	100.001	4.611	1.215	1773266101.264
1068	100.000	-0.001	100.002	3.748	1.220	1773266101.571
1069	100.000	-0.005	100.000	3.019	1.360	1773266101.900
1070	100.000	0.005	100.006	2.398	1.434	1773266102.204
1071	100.000	-0.001	99.998	2.231	1.435	1773266102.451
1072	100.000	0.005	100.001	2.313	1.375	1773266102.698
1073	100.000	-0.032	99.997	2.949	1.365	1773266103.028
1074	100.000	0.015	99.998	3.755	1.256	1773266103.338
1075	100.000	-0.020	100.006	4.557	1.180	1773266103.645
1076	100.000	-0.008	99.999	4.924	1.107	1773266103.934
1077	100.000	-0.025	100.000	4.600	1.091	1773266104.210
1078	100.000	0.011	100.006	3.835	1.035	1773266104.499
1079	100.000	-0.010	100.003	2.971	1.062	1773266104.754
1080	100.000	-0.012	99.997	2.314	1.209	1773266105.016
1081	100.000	-0.003	99.998	2.158	1.254	1773266105.271
1082	100.000	-0.014	99.997	2.427	1.250	1773266105.592
1083	100.000	-0.036	99.999	2.820	1.328	1773266105.891
1084	100.000	0.031	100.001	3.591	1.293	1773266106.218
1085	100.000	-0.038	99.999	4.449	1.190	1773266106.500
1086	100.000	0.002	100.000	4.596	1.128	1773266106.763
1087	100.000	0.019	99.999	4.432	1.073	1773266107.009
1088	100.000	0.000	99.999	4.249	1.072	1773266107.272
1089	100.000	-0.020	100.002	3.192	1.152	1773266107.576
1090	100.000	0.007	100.005	2.285	1.171	1773266107.886
1091	100.000	0.026	100.001	1.790	1.302	1773266108.158
1092	100.000	0.007	99.998	2.151	1.430	1773266108.408
1093	100.000	-0.020	100.003	2.299	1.271	1773266108.681
1094	100.000	0.020	99.998	2.923	1.277	1773266108.931
1095	100.000	-0.005	100.000	3.826	1.268	1773266109.247
1096	100.000	0.016	99.999	4.443	1.139	1773266109.531
1097	100.000	-0.016	99.998	4.557	1.148	1773266109.807
1098	100.000	0.009	99.997	4.268	1.130	1773266110.110
1099	100.000	0.006	99.996	3.314	1.193	1773266110.329
1100	100.000	-0.036	100.001	2.685	1.385	1773266110.630
1101	100.000	-0.001	100.001	2.432	1.411	1773266110.915
1102	100.000	-0.022	99.999	1.948	1.443	1773266111.165
1103	100.000	-0.004	100.001	2.172	1.389	1773266111.445
1104	100.000	-0.005	99.999	2.704	1.330	1773266111.725
1105	100.000	-0.040	100.000	3.792	1.213	1773266111.993
1106	100.000	0.016	100.001	4.448	1.108	1773266112.277
1107	100.000	0.015	99.999	4.971	1.094	1773266112.543
1108	100.000	-0.027	99.999	4.753	1.063	1773266112.856
1109	100.000	0.018	100.000	4.402	1.115	1773266113.101
1110	100.000	-0.016	100.004	4.076	1.181	1773266113.364
1111	100.000	0.015	99.999	3.080	1.330	1773266113.606
1112	100.000	0.001	100.005	2.594	1.338	1773266113.865
1113	100.000	-0.001	100.001	2.271	1.402	1773266114.159
1114	100.000	-0.005	100.002	2.421	1.266	1773266114.423
1115	100.000	0.006	99.999	3.027	1.184	1773266114.678
1116	100.000	0.001	99.999	3.730	1.118	1773266114.984
1117	100.000	-0.018	100.000	4.500	1.083	1773266115.309
1118	100.000	-0.003	99.998	4.760	1.086	1773266115.619
1119	100.000	-0.006	100.002	4.708	0.987	1773266115.895
1120	100.000	0.021	100.000	4.215	1.024	1773266116.185
1121	100.000	-0.020	100.003	3.522	1.118	1773266116.483
1122	100.000	0.022	99.998	2.532	1.348	1773266116.731
1123	100.000	-0.016	100.001	2.339	1.366	1773266116.990
1124	100.000	0.017	100.001	2.135	1.403	1773266117.234
1125	100.000	-0.053	100.001	2.822	1.309	1773266117.483
1126	100.000	0.029	100.002	3.638	1.178	1773266117.787
1127	100.000	-0.026	100.000	4.225	1.118	1773266118.052
1128	100.000	-0.003	100.007	4.999	1.084	1773266118.340
1129	100.000	0.026	100.000	5.242	1.029	1773266118.617
1130	100.000	0.031	99.999	4.815	1.084	1773266118.919
1131	100.000	-0.016	99.995	4.086	1.118	1773266119.213
1132	100.000	-0.038	100.004	3.435	1.242	1773266119.475
1133	100.000	0.029	100.001	2.632	1.442	1773266119.720
1134	100.000	0.001	100.000	2.474	1.553	1773266119.985
1135	100.000	-0.022	99.999	2.605	1.482	1773266120.241
1136	100.000	0.030	100.003	3.104	1.335	1773266120.548
1137	100.000	-0.000	99.998	3.871	1.276	1773266120.779
1138	100.000	-0.024	99.997	4.179	1.201	1773266121.052
1139	100.000	-0.017	99.999	4.697	1.147	1773266121.261
1140	100.000	-0.021	99.999	5.114	1.104	1773266121.543
1141	100.000	0.001	100.002	4.777	1.076	1773266121.777
1142	100.000	0.001	100.000	4.576	1.154	1773266122.026
1143	100.000	0.020	100.002	3.825	1.195	1773266122.285
1144	100.000	-0.008	99.998	3.140	1.295	1773266122.540
1145	100.000	-0.017	100.003	2.824	1.496	1773266122.815
1146	100.000	0.027	100.000	2.550	1.541	1773266123.107
1147	100.000	0.043	99.997	2.943	1.547	1773266123.349
1148	100.000	0.026	99.999	3.350	1.488	1773266123.603
1149	100.000	-0.043	99.996	3.965	1.423	1773266123.868
1150	100.000	0.008	100.001	4.621	1.263	1773266124.126
1151	100.000	0.026	100.002	4.961	1.171	1773266124.358
1152	100.000	-0.003	100.003	5.119	1.145	1773266124.607
1153	100.000	-0.019	99.998	4.456	1.140	1773266124.871
1154	100.000	-0.020	100.002	3.722	1.162	1773266125.132
1155	100.000	0.021	100.000	2.706	1.417	1773266125.447
1156	100.000	0.005	99.999	2.356	1.669	1773266125.750
1157	100.000	0.002	100.003	2.305	1.747	1773266126.060
1158	100.000	-0.017	99.999	2.729	1.698	1773266126.348
1159	100.000	0.010	99.999	3.127	1.593	1773266126.604
1160	100.000	-0.009	99.998	3.776	1.488	1773266126.860
1161	100.000	0.024	100.000	4.565	1.314	1773266127.126
1162	100.000	0.004	99.997	5.104	1.211	1773266127.384
1163	100.000	-0.016	100.001	5.061	1.132	1773266127.699
1164	100.000	0.034	100.004	4.674	1.165	1773266128.011
1165	100.000	0.019	99.996	3.783	1.197	1773266128.301
1166	100.000	-0.017	100.000	3.183	1.383	1773266128.557
1167	100.000	0.033	99.999	2.690	1.519	1773266128.863
1168	100.000	0.017	100.001	2.527	1.538	1773266129.105
1169	100.000	-0.022	100.002	3.094	1.659	1773266129.374
1170	100.000	0.005	100.004	3.322	1.619	1773266129.623
1171	100.000	0.010	100.001	4.054	1.519	1773266129.939
1172	100.000	0.004	99.999	4.749	1.366	1773266130.239
1173	100.000	-0.013	99.999	4.918	1.249	1773266130.486
1174	100.000	-0.024	99.996	4.660	1.197	1773266130.747
1175	100.000	0.005	100.002	3.918	1.145	1773266131.052
1176	100.000	-0.013	100.000	2.957	1.176	1773266131.326
1177	100.000	-0.004	100.002	2.528	1.334	1773266131.631
1178	100.000	0.010	100.000	2.466	1.568	1773266131.874
1179	100.000	-0.042	99.998	2.791	1.570	1773266132.137
1180	100.000	0.003	100.000	3.322	1.609	1773266132.419
1181	100.000	0.001	100.001	3.923	1.546	1773266132.686
1182	100.000	0.025	99.999	4.641	1.435	1773266132.912
1183	100.000	0.018	100.000	5.096	1.284	1773266133.196
1184	100.000	-0.022	99.999	5.308	1.120	1773266133.474
1185	100.000	0.032	99.999	4.809	1.074	1773266133.740
1186	100.000	0.009	99.997	4.154	1.081	1773266133.977
1187	100.000	-0.006	100.004	3.311	1.108	1773266134.245
1188	100.000	-0.002	99.999	2.912	1.206	1773266134.489
1189	100.000	0.019	99.998	2.569	1.360	1773266134.750
1190	100.000	0.017	100.003	2.683	1.425	1773266135.024
1191	100.000	0.021	99.998	3.420	1.436	1773266135.309
1192	100.000	0.011	99.999	4.255	1.384	1773266135.564
1193	100.000	-0.020	99.997	4.587	1.376	1773266135.885
1194	100.000	0.029	100.000	5.152	1.255	1773266136.194
1195	100.000	0.005	99.998	5.157	1.224	1773266136.408
1196	100.000	-0.005	99.998	4.326	1.176	1773266136.709
1197	100.000	0.036	100.000	3.705	1.174	1773266137.007
1198	100.000	0.024	100.003	2.687	1.188	1773266137.253
1199	100.000	-0.023	100.003	2.744	1.281	1773266137.526
1200	100.000	-0.035	99.995	2.670	1.306	1773266137.843
1201	100.000	0.024	99.998	3.085	1.410	1773266138.151
1202	100.000	-0.002	100.002	3.873	1.387	1773266138.467
1203	100.000	-0.011	100.000	4.567	1.333	1773266138.768
1204	100.000	-0.018	99.999	5.267	1.249	1773266139.020
1205	100.000	-0.032	100.003	5.115	1.113	1773266139.327
1206	100.000	0.009	100.002	4.509	1.074	1773266139.555
1207	100.000	0.024	100.000	3.621	1.154	1773266139.838
1208	100.000	-0.023	100.000	2.918	1.231	1773266140.154
1209	100.000	-0.004	99.999	2.441	1.434	1773266140.430
1210	100.000	0.015	100.000	2.241	1.508	1773266140.690
1211	100.000	0.010	99.999	2.618	1.454	1773266140.931
1212	100.000	-0.008	99.997	3.002	1.466	1773266141.193
1213	100.000	-0.000	100.001	3.706	1.399	1773266141.450
1214	100.000	-0.014	100.004	4.303	1.366	1773266141.722
1215	100.000	-0.002	100.001	4.919	1.264	1773266142.005
1216	100.000	-0.014	100.000	4.918	1.220	1773266142.270
1217	100.000	0.018	100.000	4.457	1.179	1773266142.506
1218	100.000	0.032	99.999	3.935	1.242	1773266142.769
1219	100.000	-0.006	100.001	3.021	1.264	1773266143.084
1220	100.000	0.005	100.003	2.624	1.362	1773266143.377
1221	100.000	-0.013	100.003	2.465	1.407	1773266143.653
1222	100.000	0.022	100.001	2.735	1.448	1773266143.943
1223	100.000	-0.017	100.001	3.404	1.385	1773266144.249
1224	100.000	-0.010	100.001	4.139	1.309	1773266144.558
1225	100.000	-0.006	100.000	4.830	1.329	1773266144.821
1226	100.000	0.025	100.001	5.134	1.251	1773266145.098
1227	100.000	0.029	100.000	4.899	1.164	1773266145.414
1228	100.000	0.036	99.999	4.230	1.140	1773266145.731
1229	100.000	0.008	100.000	3.284	1.174	1773266146.047
1230	100.000	0.008	100.003	2.532	1.231	1773266146.353
1231	100.000	-0.009	99.996	2.295	1.349	1773266146.666
1232	100.000	0.007	99.995	2.762	1.333	1773266146.967
1233	100.000	-0.009	100.006	3.152	1.368	1773266147.199
1234	100.000	0.009	99.995	4.238	1.418	1773266147.478
1235	100.000	0.021	100.000	4.918	1.325	1773266147.795
1236	100.000	0.006	99.997	5.300	1.215	1773266148.076
1237	100.000	-0.003	100.002	5.236	1.135	1773266148.392
1238	100.000	-0.011	99.997	4.526	1.094	1773266148.655
1239	100.000	0.030	100.001	3.663	1.102	1773266148.916
1240	100.000	0.010	100.001	3.138	1.183	1773266149.216
1241	100.000	-0.002	100.004	2.702	1.174	1773266149.443
1242	100.000	-0.038	99.996	2.799	1.125	1773266149.708
1243	100.000	0.022	99.999	3.244	1.199	1773266149.953
1244	100.000	-0.024	100.000	3.685	1.214	1773266150.226
1245	100.000	-0.023	100.000	4.391	1.224	1773266150.515
1246	100.000	-0.004	100.002	4.985	1.195	1773266150.838
1247	100.000	0.008	100.003	5.349	1.172	1773266151.083
1248	100.000	-0.006	100.001	4.908	1.121	1773266151.331
1249	100.000	0.006	99.999	4.113	1.081	1773266151.591
1250	100.000	0.025	99.996	3.256	1.252	1773266151.848
1251	100.000	-0.012	100.002	2.735	1.232	1773266152.071
1252	100.000	0.005	100.002	2.612	1.309	1773266152.350
1253	100.000	0.016	99.999	2.654	1.365	1773266152.648
1254	100.000	0.004	99.998	3.363	1.354	1773266152.898
1255	100.000	0.007	100.000	3.799	1.333	1773266153.148
1256	100.000	-0.008	100.001	4.641	1.307	1773266153.430
1257	100.000	0.020	100.002	5.071	1.254	1773266153.718
1258	100.000	0.007	100.002	5.185	1.147	1773266153.953
1259	100.000	-0.038	100.002	4.956	1.068	1773266154.217
1260	100.000	-0.000	99.999	4.219	1.090	1773266154.474
1261	100.000	-0.031	99.997	3.624	1.112	1773266154.720
1262	100.000	-0.024	100.002	2.845	1.182	1773266154.959
1263	100.000	0.017	99.996	2.690	1.275	1773266155.208
1264	100.000	0.029	100.004	2.469	1.302	1773266155.520
1265	100.000	0.007	100.004	2.932	1.318	1773266155.791
1266	100.000	0.006	100.002	3.148	1.274	1773266156.073
1267	100.000	-0.015	100.001	4.055	1.294	1773266156.341
1268	100.000	0.034	99.999	4.648	1.255	1773266156.568
1269	100.000	-0.010	100.000	5.379	1.217	1773266156.836
1270	100.000	0.007	100.002	5.210	1.177	1773266157.077
1271	100.000	-0.039	99.999	4.747	1.157	1773266157.338
1272	100.000	-0.038	99.998	4.179	1.122	1773266157.611
1273	100.000	-0.002	100.000	3.224	1.214	1773266157.907
1274	100.000	0.003	100.005	2.765	1.387	1773266158.162
1275	100.000	0.009	100.003	2.619	1.473	1773266158.428
1276	100.000	-0.002	100.003	3.126	1.380	1773266158.745
1277	100.000	0.031	100.000	3.667	1.318	1773266159.059
1278	100.000	0.035	99.997	4.598	1.274	1773266159.350
1279	100.000	-0.001	100.005	5.251	1.186	1773266159.616
1280	100.000	-0.001	100.003	5.353	1.190	1773266159.925
1281	100.000	-0.004	100.001	5.084	1.125	1773266160.171
1282	100.000	0.010	100.002	4.549	1.122	1773266160.402
1283	100.000	0.020	100.002	3.645	1.188	1773266160.662
1284	100.000	-0.014	100.006	3.182	1.282	1773266160.914
1285	100.000	0.012	99.997	2.717	1.399	1773266161.180
1286	100.000	0.013	100.002	2.526	1.399	1773266161.463
1287	100.000	-0.006	100.007	2.900	1.375	1773266161.736
1288	100.000	0.004	99.999	3.602	1.358	1773266161.984
1289	100.000	-0.007	99.997	4.370	1.253	1773266162.289
1290	100.000	-0.009	100.000	5.020	1.184	1773266162.557
1291	100.000	0.022	100.001	5.275	1.183	1773266162.870
1292	100.000	0.006	100.001	5.030	1.115	1773266163.169
1293	100.000	0.008	100.001	4.356	1.053	1773266163.480
1294	100.000	-0.014	100.004	3.597	1.126	1773266163.740
1295	100.000	-0.037	100.001	3.031	1.341	1773266164.044
1296	100.000	-0.011	100.000	2.962	1.300	1773266164.369
1297	100.000	0.006	99.999	2.994	1.400	1773266164.663
1298	100.000	-0.004	100.002	3.570	1.393	1773266164.912
1299	100.000	-0.027	100.000	4.421	1.343	1773266165.183
1300	100.000	-0.025	100.000	4.923	1.351	1773266165.482
1301	100.000	0.006	100.000	5.432	1.266	1773266165.782
1302	100.000	-0.001	99.998	5.227	1.132	1773266166.051
1303	100.000	0.006	100.002	4.431	1.059	1773266166.298
1304	100.000	-0.015	99.995	4.052	1.192	1773266166.560
1305	100.000	0.011	99.993	3.153	1.201	1773266166.860
1306	100.000	-0.011	99.999	2.835	1.375	1773266167.170
1307	100.000	0.009	99.995	3.044	1.466	1773266167.439
1308	100.000	0.025	100.000	3.307	1.441	1773266167.721
1309	100.000	-0.005	100.001	3.830	1.383	1773266167.993
1310	100.000	0.012	100.000	4.554	1.310	1773266168.308
1311	100.000	-0.003	99.994	5.030	1.226	1773266168.582
1312	100.000	0.031	99.997	4.981	1.180	1773266168.857
1313	100.000	0.029	100.000	4.745	1.151	1773266169.090
1314	100.000	0.006	100.002	4.214	1.128	1773266169.350
1315	100.000	0.022	99.997	3.525	1.218	1773266169.597
1316	100.000	0.011	100.001	2.901	1.393	1773266169.842
1317	100.000	-0.002	100.003	2.777	1.434	1773266170.115
1318	100.000	0.009	99.999	2.992	1.461	1773266170.401
1319	100.000	-0.026	100.002	3.617	1.462	1773266170.680
1320	100.000	0.010	99.998	3.898	1.392	1773266170.989
1321	100.000	0.011	99.999	4.730	1.341	1773266171.299
1322	100.000	-0.000	99.998	4.974	1.294	1773266171.549
1323	100.000	-0.008	100.001	4.896	1.182	1773266171.860
1324	100.000	-0.010	100.001	4.784	1.174	1773266172.129
1325	100.000	-0.022	99.998	3.937	1.213	1773266172.438
1326	100.000	-0.000	100.000	3.095	1.368	1773266172.739
1327	100.000	0.041	100.002	3.037	1.423	1773266173.049
1328	100.000	-0.043	100.000	2.865	1.505	1773266173.276
1329	100.000	0.007	100.002	3.514	1.405	1773266173.553
1330	100.000	0.009	99.997	4.023	1.355	1773266173.868
1331	100.000	0.003	100.001	4.811	1.244	1773266174.145
1332	100.000	0.007	99.999	5.185	1.304	1773266174.415
1333	100.000	-0.007	100.004	5.425	1.201	1773266174.668
1334	100.000	0.004	99.996	4.843	1.158	1773266174.985
1335	100.000	0.016	100.000	3.818	1.071	1773266175.307
1336	100.000	0.010	99.998	3.001	1.169	1773266175.626
1337	100.000	0.002	100.003	2.476	1.356	1773266175.927
1338	100.000	-0.004	99.998	2.246	1.434	1773266176.180
1339	100.000	-0.004	100.002	2.877	1.468	1773266176.475
1340	100.000	0.024	100.001	3.777	1.407	1773266176.734
1341	100.000	0.051	100.006	4.230	1.401	1773266176.993
1342	100.000	0.028	100.000	5.095	1.326	1773266177.277
1343	100.000	-0.001	100.000	5.972	1.276	1773266177.562
1344	100.000	0.001	99.997	5.571	1.210	1773266177.852
1345	100.000	-0.010	100.000	5.153	1.159	1773266178.100
1346	100.000	0.005	99.995	4.112	1.154	1773266178.365
1347	100.000	0.036	99.999	3.275	1.243	1773266178.617
1348	100.000	0.020	99.999	2.833	1.383	1773266178.912
1349	100.000	0.030	99.998	2.916	1.520	1773266179.191
1350	100.000	-0.006	99.998	3.337	1.454	1773266179.460
1351	100.000	-0.006	100.007	3.875	1.441	1773266179.776
1352	100.000	-0.005	99.998	4.539	1.392	1773266180.066
1353	100.000	-0.030	99.991	5.467	1.402	1773266180.383
1354	100.000	0.003	99.997	5.422	1.308	1773266180.646
1355	100.000	-0.020	99.997	5.212	1.215	1773266180.891
1356	100.000	0.007	100.004	4.557	1.147	1773266181.210
1357	100.000	0.006	100.002	3.747	1.193	1773266181.513
1358	100.000	-0.015	99.998	3.124	1.248	1773266181.763
1359	100.000	-0.004	100.002	3.045	1.313	1773266182.082
1360	100.000	-0.020	99.999	3.389	1.273	1773266182.381
1361	100.000	0.007	99.996	3.902	1.331	1773266182.631
1362	100.000	0.002	100.002	4.596	1.383	1773266182.895
1363	100.000	0.003	100.003	5.443	1.310	1773266183.199
1364	100.000	-0.012	100.006	5.863	1.217	1773266183.506
1365	100.000	-0.031	100.001	5.768	1.207	1773266183.806
1366	100.000	0.037	100.000	4.782	1.215	1773266184.064
1367	100.000	0.010	100.002	3.544	1.177	1773266184.384
1368	100.000	0.015	100.000	2.778	1.293	1773266184.687
1369	100.000	-0.004	100.004	2.852	1.520	1773266185.011
1370	100.000	0.010	99.998	3.252	1.480	1773266185.308
1371	100.000	-0.011	100.003	3.667	1.425	1773266185.558
1372	100.000	-0.001	100.001	4.484	1.395	1773266185.806
1373	100.000	0.020	99.998	5.260	1.397	1773266186.062
1374	100.000	-0.040	100.002	5.659	1.304	1773266186.290
1375	100.000	-0.027	99.998	5.676	1.277	1773266186.554
1376	100.000	0.004	100.001	5.300	1.119	1773266186.814
1377	100.000	-0.003	99.996	4.425	1.130	1773266187.136
1378	100.000	0.035	100.000	3.143	1.063	1773266187.435
1379	100.000	-0.018	99.999	2.555	1.162	1773266187.744
1380	100.000	-0.014	99.996	2.526	1.236	1773266187.993
1381	100.000	-0.017	100.000	3.224	1.364	1773266188.233
1382	100.000	0.026	100.004	3.836	1.359	1773266188.516
1383	100.000	0.025	100.001	4.675	1.371	1773266188.752
1384	100.000	-0.003	100.000	5.368	1.316	1773266189.067
1385	100.000	0.001	100.001	5.829	1.267	1773266189.338
1386	100.000	0.001	100.004	5.469	1.207	1773266189.617
1387	100.000	0.005	100.004	4.820	1.246	1773266189.892
1388	100.000	-0.015	100.001	3.713	1.210	1773266190.199
1389	100.000	0.034	100.000	2.634	1.280	1773266190.450
1390	100.000	-0.027	99.999	2.763	1.432	1773266190.712
1391	100.000	0.002	100.000	2.913	1.424	1773266191.017
1392	100.000	0.002	100.002	3.725	1.426	1773266191.325
1393	100.000	-0.009	100.001	4.432	1.389	1773266191.625
1394	100.000	-0.047	99.999	5.404	1.326	1773266191.872
1395	100.000	0.005	99.999	6.077	1.275	1773266192.216
1396	100.000	-0.027	99.998	5.931	1.209	1773266192.504
1397	100.000	-0.021	100.001	5.296	1.094	1773266192.801
1398	100.000	-0.008	100.004	4.119	1.093	1773266193.049
1399	100.000	-0.018	99.999	3.052	1.161	1773266193.308
1400	100.000	0.010	99.998	2.553	1.275	1773266193.559
1401	100.000	-0.019	100.004	2.763	1.382	1773266193.791
1402	100.000	0.029	100.003	3.161	1.338	1773266194.068
1403	100.000	-0.005	100.002	3.808	1.357	1773266194.365
1404	100.000	-0.018	100.000	4.681	1.377	1773266194.618
1405	100.000	-0.006	100.003	5.341	1.364	1773266194.872
1406	100.000	-0.026	99.997	5.669	1.241	1773266195.170
1407	100.000	0.004	100.004	5.800	1.226	1773266195.427
1408	100.000	0.006	100.003	5.324	1.203	1773266195.672
1409	100.000	-0.009	100.002	4.371	1.161	1773266195.938
1410	100.000	0.020	99.998	3.329	1.075	1773266196.187
1411	100.000	-0.033	100.002	2.892	1.098	1773266196.455
1412	100.000	0.001	99.997	2.840	1.192	1773266196.733
1413	100.000	0.027	99.999	2.990	1.313	1773266196.992
1414	100.000	-0.014	99.999	3.693	1.320	1773266197.233
1415	100.000	0.022	100.002	4.606	1.303	1773266197.518
1416	100.000	0.014	99.994	5.402	1.334	1773266197.805
1417	100.000	0.009	100.001	6.052	1.264	1773266198.123
1418	100.000	-0.032	100.005	6.008	1.237	1773266198.373
1419	100.000	0.029	100.002	5.449	1.178	1773266198.687
1420	100.000	-0.005	99.999	4.407	1.109	1773266198.939
1421	100.000	-0.021	100.000	3.421	1.128	1773266199.264
1422	100.000	-0.001	99.997	2.845	1.154	1773266199.543
1423	100.000	-0.016	100.001	2.937	1.204	1773266199.807
1424	100.000	-0.003	99.997	3.158	1.324	1773266200.042
1425	100.000	-0.007	99.996	3.903	1.240	1773266200.316
1426	100.000	0.027	99.999	4.623	1.342	1773266200.549
1427	100.000	-0.020	99.996	5.390	1.262	1773266200.813
1428	100.000	-0.001	100.002	5.821	1.141	1773266201.061
1429	100.000	0.001	100.004	6.070	1.143	1773266201.320
1430	100.000	-0.009	100.000	5.522	1.144	1773266201.607
1431	100.000	0.017	99.998	4.751	1.113	1773266201.878
1432	100.000	0.018	100.001	3.613	1.079	1773266202.122
1433	100.000	-0.009	99.998	2.985	1.049	1773266202.393
1434	100.000	-0.010	99.997	2.962	1.253	1773266202.677
1435	100.000	0.006	99.999	3.504	1.247	1773266202.999
1436	100.000	-0.050	99.999	3.962	1.321	1773266203.243
1437	100.000	0.004	100.000	4.811	1.255	1773266203.490
1438	100.000	0.007	100.002	5.142	1.210	1773266203.756
1439	100.000	0.012	100.002	5.814	1.192	1773266204.052
1440	100.000	-0.001	99.997	5.527	1.124	1773266204.358
1441	100.000	0.014	99.999	4.900	1.024	1773266204.633
1442	100.000	-0.001	100.002	4.035	1.091	1773266204.941
1443	100.000	-0.005	99.999	2.973	1.003	1773266205.251
1444	100.000	-0.046	99.999	2.868	1.196	1773266205.561
1445	100.000	-0.009	100.002	2.870	1.307	1773266205.791
1446	100.000	-0.004	100.002	3.614	1.244	1773266206.056
1447	100.000	-0.031	99.998	4.286	1.331	1773266206.304
1448	100.000	0.014	99.999	4.773	1.275	1773266206.574
1449	100.000	-0.025	99.999	5.484	1.161	1773266206.877
1450	100.000	-0.018	99.998	5.684	1.115	1773266207.179
1451	100.000	0.020	100.003	5.057	1.058	1773266207.448
1452	100.000	0.009	100.003	4.481	1.069	1773266207.740
1453	100.000	-0.009	100.001	3.413	0.977	1773266207.995
1454	100.000	-0.015	100.001	2.907	1.008	1773266208.244
1455	100.000	-0.007	100.004	3.045	1.136	1773266208.533
1456	100.000	-0.031	99.997	3.416	1.202	1773266208.795
1457	100.000	0.004	100.002	3.807	1.273	1773266209.078
1458	100.000	0.001	100.000	4.608	1.348	1773266209.339
1459	100.000	0.001	99.999	5.323	1.293	1773266209.583
1460	100.000	0.004	100.000	5.558	1.298	1773266209.850
1461	100.000	-0.029	99.997	5.672	1.197	1773266210.181
1462	100.000	0.026	100.001	5.091	1.072	1773266210.459
1463	100.000	-0.001	100.001	4.087	0.938	1773266210.718
1464	100.000	0.001	100.001	3.219	0.816	1773266210.966
1465	100.000	0.015	99.998	2.524	0.815	1773266211.229
1466	100.000	-0.027	99.998	2.479	0.837	1773266211.514
1467	100.000	0.002	99.998	2.941	1.039	1773266211.781
1468	100.000	-0.006	100.000	3.644	1.203	1773266212.004
1469	100.000	0.016	99.998	4.310	1.341	1773266212.277
1470	100.000	-0.010	100.001	5.210	1.294	1773266212.579
1471	100.000	0.049	100.002	5.598	1.296	1773266212.862
1472	100.000	-0.018	99.998	5.706	1.243	1773266213.140
1473	100.000	0.024	99.998	5.092	1.129	1773266213.428
1474	100.000	0.026	99.999	4.049	1.092	1773266213.670
1475	100.000	-0.011	100.002	3.181	0.996	1773266213.976
1476	100.000	-0.039	100.000	2.456	0.923	1773266214.234
1477	100.000	-0.003	99.996	2.229	1.079	1773266214.486
1478	100.000	0.020	99.997	2.816	1.150	1773266214.780
1479	100.000	-0.002	99.998	3.720	1.249	1773266215.053
1480	100.000	-0.006	100.001	4.373	1.249	1773266215.356
1481	100.000	-0.005	99.996	5.254	1.265	1773266215.673
1482	100.000	0.003	100.000	5.439	1.170	1773266215.914
1483	100.000	-0.003	99.998	5.455	1.155	1773266216.165
1484	100.000	-0.025	100.004	4.646	1.133	1773266216.425
1485	100.000	0.015	100.000	3.432	0.919	1773266216.735
1486	100.000	-0.038	99.996	2.667	0.895	1773266216.977
1487	100.000	0.015	100.000	2.095	0.764	1773266217.215
1488	100.000	0.008	100.001	2.119	0.893	1773266217.477
1489	100.000	0.010	100.001	2.746	1.094	1773266217.735
1490	100.000	-0.011	100.000	3.607	1.161	1773266218.050
1491	100.000	-0.005	100.001	4.606	1.243	1773266218.383
1492	100.000	0.017	100.003	5.374	1.204	1773266218.673
1493	100.000	-0.027	99.999	5.798	1.201	1773266218.991
1494	100.000	0.015	99.996	5.334	1.198	1773266219.298
1495	100.000	-0.003	99.998	4.365	1.156	1773266219.625
1496	100.000	-0.004	100.002	3.346	1.035	1773266219.924
1497	100.000	-0.020	100.004	2.401	0.969	1773266220.179
1498	100.000	-0.005	100.002	2.326	0.902	1773266220.408
1499	100.000	-0.026	100.002	3.208	1.103	1773266220.716
1500	100.000	-0.019	100.005	3.867	1.052	1773266220.988
1501	100.000	0.021	100.004	4.606	1.149	1773266221.245
1502	100.000	0.015	100.001	5.232	1.130	1773266221.550
1503	100.000	0.025	100.006	5.537	1.102	1773266221.783
1504	100.000	-0.011	99.996	5.147	1.081	1773266222.097
1505	100.000	0.044	100.003	4.557	0.976	1773266222.356
1506	100.000	-0.023	99.999	3.724	0.921	1773266222.611
1507	100.000	0.032	100.002	2.982	0.820	1773266222.927
1508	100.000	-0.011	99.999	2.624	0.791	1773266223.225
1509	100.000	-0.006	99.998	2.739	0.833	1773266223.476
1510	100.000	0.022	100.001	3.306	1.038	1773266223.796
1511	100.000	0.009	100.002	4.498	1.147	1773266224.107
1512	100.000	0.001	99.999	5.002	1.187	1773266224.358
1513	100.000	-0.004	100.003	5.314	1.202	1773266224.619
1514	100.000	-0.017	100.001	5.296	1.160	1773266224.874
1515	100.000	0.021	100.004	4.906	1.100	1773266225.173
1516	100.000	0.003	99.998	3.847	1.133	1773266225.416
1517	100.000	-0.006	100.004	2.916	0.925	1773266225.670
1518	100.000	-0.017	99.998	2.494	0.858	1773266225.918
1519	100.000	0.011	100.008	2.432	0.808	1773266226.186
1520	100.000	0.005	100.004	2.739	0.951	1773266226.466
1521	100.000	0.005	100.000	3.342	1.058	1773266226.728
1522	100.000	-0.008	100.001	4.260	1.132	1773266226.958
1523	100.000	-0.003	100.000	4.914	1.188	1773266227.223
1524	100.000	0.013	99.996	5.488	1.181	1773266227.485
1525	100.000	-0.003	100.002	5.632	1.146	1773266227.796
1526	100.000	-0.003	99.998	5.290	1.126	1773266228.021
1527	100.000	0.004	100.003	4.649	1.080	1773266228.292
1528	100.000	0.004	100.000	3.705	0.998	1773266228.529
1529	100.000	-0.033	99.997	3.052	0.881	1773266228.791
1530	100.000	0.009	99.998	2.794	0.931	1773266229.045
1531	100.000	0.014	100.003	2.873	0.894	1773266229.285
1532	100.000	0.022	100.002	3.271	0.949	1773266229.542
1533	100.000	0.010	100.000	4.435	1.049	1773266229.778
1534	100.000	0.015	100.002	4.846	1.090	1773266230.052
1535	100.000	0.016	99.997	5.388	1.159	1773266230.291
1536	100.000	0.011	99.998	5.726	1.142	1773266230.568
1537	100.000	-0.006	99.998	5.633	1.118	1773266230.813
1538	100.000	-0.024	100.002	4.849	1.092	1773266231.080
1539	100.000	-0.023	100.003	3.872	1.035	1773266231.402
1540	100.000	-0.007	100.001	2.819	0.963	1773266231.676
1541	100.000	-0.005	100.001	2.296	0.859	1773266231.937
1542	100.000	-0.011	99.995	2.431	0.869	1773266232.180
1543	100.000	0.027	99.999	2.855	0.929	1773266232.440
1544	100.000	-0.014	100.001	3.695	0.947	1773266232.720
1545	100.000	-0.015	99.996	4.768	0.942	1773266232.980
1546	100.000	0.004	99.997	5.313	1.040	1773266233.227
1547	100.000	0.006	100.000	5.978	1.056	1773266233.487
1548	100.000	-0.032	100.002	5.741	1.013	1773266233.732
1549	100.000	0.028	100.000	5.526	1.105	1773266234.013
1550	100.000	-0.000	100.004	4.189	1.029	1773266234.296
1551	100.000	-0.029	100.000	2.932	0.942	1773266234.611
1552	100.000	-0.003	100.000	2.423	0.746	1773266234.922
1553	100.000	-0.009	100.000	2.462	0.738	1773266235.248
1554	100.000	-0.011	100.001	3.241	0.959	1773266235.536
1555	100.000	-0.016	99.997	4.063	1.007	1773266235.794
1556	100.000	-0.011	100.005	4.894	1.123	1773266236.043
1557	100.000	0.014	100.000	5.562	1.150	1773266236.361
1558	100.000	-0.019	99.999	5.861	1.140	1773266236.615
1559	100.000	-0.031	100.001	5.321	1.147	1773266236.944
1560	100.000	0.065	100.001	3.931	1.005	1773266237.224
1561	100.000	0.011	100.003	2.952	0.834	1773266237.482
1562	100.000	0.006	100.001	2.477	0.585	1773266237.800
1563	100.000	0.002	100.003	2.442	0.579	1773266238.101
1564	100.000	-0.005	100.001	3.059	0.815	1773266238.369
1565	100.000	0.003	100.000	4.239	0.952	1773266238.646
1566	100.000	-0.019	99.996	5.019	1.017	1773266238.915
1567	100.000	0.002	99.995	5.644	1.035	1773266239.150
1568	100.000	-0.018	100.003	5.882	1.060	1773266239.436
1569	100.000	0.018	99.999	5.766	1.119	1773266239.731
1570	100.000	0.017	99.998	4.846	1.099	1773266240.031
1571	100.000	0.007	100.002	3.799	0.994	1773266240.291
1572	100.000	0.036	99.999	2.477	0.881	1773266240.536
1573	100.000	0.010	100.001	2.198	0.607	1773266240.805
1574	100.000	0.031	99.997	2.255	0.656	1773266241.079
1575	100.000	0.017	100.002	2.727	0.800	1773266241.345
1576	100.000	0.019	100.002	3.479	0.798	1773266241.596
1577	100.000	-0.014	100.003	4.739	0.976	1773266241.909
1578	100.000	0.015	99.996	5.383	1.074	1773266242.181
1579	100.000	-0.013	100.002	5.466	1.115	1773266242.433
1580	100.000	-0.022	100.000	5.019	1.092	1773266242.757
1581	100.000	0.020	100.000	4.107	1.125	1773266243.056
1582	100.000	0.008	99.998	2.849	0.977	1773266243.330
1583	100.000	-0.007	100.002	2.307	0.756	1773266243.608
1584	100.000	0.005	100.004	2.061	0.544	1773266243.854
1585	100.000	-0.017	99.998	2.087	0.541	1773266244.119
1586	100.000	0.023	99.999	3.014	0.749	1773266244.408
1587	100.000	0.015	99.999	4.096	0.912	1773266244.663
1588	100.000	-0.015	99.999	5.194	0.963	1773266244.913
1589	100.000	0.019	100.004	5.709	1.025	1773266245.227
1590	100.000	0.007	99.996	5.838	1.017	1773266245.470
1591	100.000	-0.025	99.999	5.178	1.021	1773266245.745
1592	100.000	-0.012	100.001	4.382	1.016	1773266246.042
1593	100.000	0.012	99.999	3.149	0.971	1773266246.267
1594	100.000	-0.005	100.003	2.291	0.878	1773266246.544
1595	100.000	0.020	100.002	2.013	0.682	1773266246.791
1596	100.000	-0.022	99.998	2.270	0.716	1773266247.036
1597	100.000	-0.001	100.000	2.680	0.708	1773266247.308
1598	100.000	0.000	99.998	3.625	0.902	1773266247.579
1599	100.000	0.023	100.004	4.568	0.977	1773266247.866
1600	100.000	-0.022	100.000	5.214	1.106	1773266248.123
1601	100.000	0.006	99.997	5.108	1.096	1773266248.374
1602	100.000	-0.001	99.998	4.570	1.086	1773266248.678
1603	100.000	0.005	100.003	3.843	1.072	1773266248.935
1604	100.000	-0.016	100.004	2.930	1.037	1773266249.166
1605	100.000	0.000	100.001	2.445	1.055	1773266249.412
1606	100.000	-0.005	100.004	1.771	0.898	1773266249.699
1607	100.000	0.046	99.997	2.005	0.849	1773266250.011
1608	100.000	-0.040	100.000	2.795	0.948	1773266250.326
1609	100.000	0.022	100.004	3.967	0.967	1773266250.612
1610	100.000	-0.000	100.001	4.013	0.962	1773266250.880
1611	100.000	-0.013	100.001	4.194	0.951	1773266251.192
1612	100.000	-0.018	99.997	4.115	1.006	1773266251.482
1613	100.000	0.001	100.001	4.145	0.936	1773266251.734
1614	100.000	-0.015	99.998	4.418	0.941	1773266251.982
1615	100.000	-0.036	100.004	4.214	0.918	1773266252.260
1616	100.000	0.007	100.000	4.321	1.004	1773266252.503
1617	100.000	0.001	100.003	4.223	0.997	1773266252.752
1618	100.000	0.029	99.999	4.235	0.964	1773266252.986
1619	100.000	-0.014	100.004	4.249	0.989	1773266253.274
1620	100.000	-0.035	100.001	4.297	0.961	1773266253.574
1621	100.000	-0.026	100.002	4.219	0.978	1773266253.886
1622	100.000	-0.023	99.997	4.279	0.857	1773266254.118
1623	100.000	0.011	99.999	4.213	0.849	1773266254.384
1624	100.000	0.020	100.004	4.158	0.973	1773266254.689
1625	100.000	0.004	99.998	4.195	1.013	1773266254.960
1626	100.000	0.004	99.998	4.108	0.958	1773266255.222
1627	100.000	-0.019	99.997	4.238	0.996	1773266255.509
1628	100.000	-0.012	100.001	4.237	0.998	1773266255.825
1629	100.000	0.004	100.002	4.462	0.992	1773266256.089
1630	100.000	0.010	100.001	4.363	0.925	1773266256.381
1631	100.000	-0.031	99.998	4.288	0.969	1773266256.651
1632	100.000	0.001	100.000	4.159	0.986	1773266256.947
1633	100.000	-0.007	100.002	4.080	0.902	1773266257.196
1634	100.000	0.035	99.999	4.341	0.955	1773266257.472
1635	100.000	-0.003	100.001	4.138	1.005	1773266257.754
1636	100.000	-0.008	100.000	4.208	1.051	1773266258.014
1637	100.000	0.009	99.996	4.199	0.983	1773266258.342
1638	100.000	-0.017	100.000	4.349	0.933	1773266258.614
1639	100.000	-0.025	100.002	4.374	0.883	1773266258.881
1640	100.000	-0.005	100.003	4.298	0.926	1773266259.116
1641	100.000	-0.012	100.000	4.206	0.979	1773266259.385
1642	100.000	0.010	100.003	4.367	0.940	1773266259.629
1643	100.000	0.036	99.998	4.185	0.923	1773266259.897
1644	100.000	0.012	99.997	4.209	0.952	1773266260.198
1645	100.000	0.014	100.000	4.397	0.973	1773266260.455
1646	100.000	0.015	100.006	4.305	0.887	1773266260.714
1647	100.000	-0.002	100.000	4.207	0.929	1773266261.013
1648	100.000	0.005	100.001	4.199	0.940	1773266261.306
1649	100.000	-0.004	99.999	4.224	0.924	1773266261.561
1650	100.000	0.019	100.000	4.392	0.969	1773266261.834
1651	100.000	-0.013	99.999	4.285	0.973	1773266262.108
1652	100.000	-0.009	100.002	4.424	0.906	1773266262.378
1653	100.000	0.012	99.999	4.333	0.946	1773266262.699
1654	100.000	-0.020	99.999	4.129	0.981	1773266262.986
1655	100.000	0.000	99.995	4.308	1.032	1773266263.250
1656	100.000	0.020	99.998	4.246	0.942	1773266263.580
1657	100.000	-0.028	99.996	4.260	0.943	1773266263.858
1658	100.000	0.019	100.003	4.230	0.906	1773266264.107
1659	100.000	-0.028	100.001	4.385	0.917	1773266264.348
1660	100.000	-0.005	100.003	4.268	0.917	1773266264.619
1661	100.000	0.026	100.003	4.241	0.893	1773266264.865
1662	100.000	-0.021	100.001	4.273	0.951	1773266265.131
1663	100.000	-0.017	99.995	4.344	0.958	1773266265.416
1664	100.000	-0.007	99.999	4.186	0.997	1773266265.710
1665	100.000	0.044	100.001	4.138	0.993	1773266265.971
1666	100.000	0.004	99.997	4.419	0.957	1773266266.228
1667	100.000	0.027	100.002	4.204	0.953	1773266266.541
1668	100.000	-0.009	99.999	4.222	0.886	1773266266.863
1669	100.000	0.026	100.001	4.195	0.981	1773266267.138
1670	100.000	0.021	100.002	4.284	0.969	1773266267.401
1671	100.000	-0.008	100.001	4.171	0.970	1773266267.650
1672	100.000	0.002	99.999	4.169	0.944	1773266267.918
1673	100.000	-0.001	99.999	4.130	0.966	1773266268.212
1674	100.000	0.007	100.006	4.290	0.865	1773266268.459
1675	100.000	0.036	100.000	4.186	0.880	1773266268.788
1676	100.000	0.017	100.000	4.236	0.859	1773266269.065
1677	100.000	-0.026	100.002	4.255	0.867	1773266269.335
1678	100.000	-0.013	100.000	4.347	0.884	1773266269.581
1679	100.000	0.034	100.002	4.345	0.952	1773266269.900
1680	100.000	0.019	99.997	4.302	0.965	1773266270.170
1681	100.000	-0.021	99.997	4.355	0.917	1773266270.452
1682	100.000	-0.027	99.998	4.270	0.860	1773266270.722
1683	100.000	0.008	100.000	4.327	0.889	1773266271.005
1684	100.000	0.005	99.997	4.458	0.844	1773266271.283
1685	100.000	-0.028	99.998	4.132	0.861	1773266271.544
1686	100.000	-0.003	100.002	4.248	0.804	1773266271.824
1687	100.000	0.011	100.003	4.160	0.871	1773266272.097
1688	100.000	-0.004	99.999	4.303	0.868	1773266272.342
1689	100.000	0.009	100.001	4.332	0.873	1773266272.604
1690	100.000	-0.009	99.994	4.342	0.872	1773266272.877
1691	100.000	0.038	100.000	4.297	0.884	1773266273.164
1692	100.000	0.003	100.004	4.306	0.858	1773266273.475
1693	100.000	0.030	100.002	4.148	0.819	1773266273.774
1694	100.000	-0.017	100.002	4.250	0.874	1773266274.047
1695	100.000	0.009	100.002	4.307	0.886	1773266274.334
1696	100.000	0.010	99.998	4.249	0.852	1773266274.584
1697	100.000	0.023	99.995	4.205	0.954	1773266274.839
1698	100.000	-0.014	99.998	4.343	0.920	1773266275.110
1699	100.000	-0.005	100.002	4.142	0.950	1773266275.419
1700	100.000	-0.023	100.003	4.352	0.916	1773266275.751
1701	100.000	0.021	100.002	4.308	0.836	1773266276.034
1702	100.000	-0.008	99.999	4.335	0.900	1773266276.353
1703	100.000	0.014	100.001	4.311	0.916	1773266276.662
1704	100.000	0.015	99.999	4.269	0.908	1773266276.976
1705	100.000	-0.015	99.997	4.324	0.925	1773266277.293
1706	100.000	0.006	100.006	4.134	0.815	1773266277.572
1707	100.000	-0.004	99.998	4.327	0.941	1773266277.826
1708	100.000	-0.031	99.999	4.204	0.875	1773266278.076
1709	100.000	0.012	100.001	4.241	0.925	1773266278.338
1710	100.000	-0.009	99.996	4.362	0.961	1773266278.578
1711	100.000	-0.005	100.000	4.266	0.925	1773266278.833
1712	100.000	0.027	100.005	4.290	0.860	1773266279.076
1713	100.000	0.008	100.003	4.330	0.772	1773266279.311
1714	100.000	0.002	100.001	4.259	0.900	1773266279.599
1715	100.000	-0.011	99.997	4.229	0.889	1773266279.901
1716	100.000	0.004	99.999	4.334	0.915	1773266280.143
1717	100.000	-0.013	99.998	4.085	0.826	1773266280.391
1718	100.000	0.039	100.001	4.388	0.967	1773266280.663
1719	100.000	0.009	99.997	4.328	0.955	1773266280.991
1720	100.000	0.012	100.004	4.219	0.947	1773266281.265
1721	100.000	-0.016	99.998	4.368	0.957	1773266281.519
1722	100.000	0.040	100.000	4.252	0.899	1773266281.770
1723	100.000	0.012	100.004	4.475	0.989	1773266282.028
1724	100.000	-0.008	100.001	4.405	0.957	1773266282.269
1725	100.000	0.033	99.997	4.206	0.889	1773266282.537
1726	100.000	-0.002	100.002	4.227	0.879	1773266282.770
1727	100.000	0.012	100.003	4.213	0.876	1773266283.029
1728	100.000	0.013	99.996	4.380	0.906	1773266283.275
1729	100.000	0.004	99.997	4.216	0.905	1773266283.548
1730	100.000	-0.009	100.002	4.356	0.846	1773266283.824
1731	100.000	-0.039	100.002	4.321	0.805	1773266284.080
1732	100.000	-0.006	99.995	4.245	0.909	1773266284.323
1733	100.000	-0.001	100.003	4.315	0.912	1773266284.584
1734	100.000	0.021	100.001	4.267	0.875	1773266284.839
1735	100.000	0.004	99.993	4.326	0.866	1773266285.084
1736	100.000	-0.017	100.002	4.342	0.909	1773266285.355
1737	100.000	0.021	100.002	4.407	0.916	1773266285.604
1738	100.000	0.000	100.001	4.076	0.882	1773266285.880
1739	100.000	0.002	100.003	4.261	0.904	1773266286.212
1740	100.000	-0.033	99.999	4.283	0.908	1773266286.490
1741	100.000	0.019	99.999	4.237	0.934	1773266286.747
1742	100.000	0.008	100.006	4.505	0.937	1773266287.020
1743	100.000	0.027	99.997	4.314	0.893	1773266287.283
1744	100.000	-0.017	100.007	4.449	0.942	1773266287.555
1745	100.000	-0.037	100.001	4.310	0.886	1773266287.806
1746	100.000	0.017	99.996	4.345	0.883	1773266288.078
1747	100.000	-0.001	100.001	4.407	0.935	1773266288.353
1748	100.000	-0.024	100.003	4.185	0.883	1773266288.628
1749	100.000	-0.022	100.000	4.200	0.926	1773266288.873
1750	100.000	0.012	99.999	4.464	0.935	1773266289.142
1751	100.000	0.007	99.998	4.248	0.919	1773266289.460
1752	100.000	0.004	100.002	4.392	0.882	1773266289.753
1753	100.000	0.013	100.001	4.278	0.879	1773266290.020
1754	100.000	0.032	99.999	4.387	0.821	1773266290.332
1755	100.000	0.011	100.001	4.209	0.912	1773266290.620
1756	100.000	-0.016	99.997	4.137	0.901	1773266290.890
1757	100.000	0.002	99.999	4.185	0.873	1773266291.104
1758	100.000	-0.033	100.005	4.227	0.862	1773266291.388
1759	100.000	-0.003	100.002	4.115	0.910	1773266291.632
1760	100.000	-0.018	99.996	4.382	0.947	1773266291.888
1761	100.000	0.003	99.999	4.279	0.847	1773266292.182
1762	100.000	0.007	99.999	4.130	0.876	1773266292.442
1763	100.000	0.005	99.998	4.166	0.896	1773266292.689
1764	100.000	-0.034	100.002	4.284	0.871	1773266292.962
1765	100.000	0.014	99.998	4.145	0.891	1773266293.280
1766	100.000	-0.028	99.999	4.199	0.865	1773266293.559
1767	100.000	0.019	100.002	4.175	0.856	1773266293.826
1768	100.000	-0.015	100.002	4.055	0.946	1773266294.076
1769	100.000	-0.016	99.998	4.482	0.907	1773266294.337
1770	100.000	-0.022	99.998	4.329	0.876	1773266294.772
1771	100.000	0.019	100.000	4.430	0.960	1773266295.064
1772	100.000	0.022	100.000	4.431	0.934	1773266295.313
1773	100.000	0.010	99.994	4.301	0.944	1773266295.632
1774	100.000	0.014	100.001	4.199	0.939	1773266295.883
1775	100.000	-0.023	99.999	4.103	0.936	1773266296.166
