Point No.	Frequency Set (GHz)	THz Photocurrent (nA)	Frequency Act (GHz)	Amplitude (via StrMod)	Phase (via StrMod)	Timestamp (s)
1	100.000	-0.008	99.998	1.209	6.063	1772751720.810
2	100.000	0.023	99.996	1.185	6.038	1772751721.218
3	100.000	0.007	100.000	1.216	6.056	1772751721.589
4	100.000	-0.005	100.001	1.199	5.903	1772751721.963
5	100.000	-0.013	99.998	1.225	6.180	1772751722.332
6	100.000	-0.003	100.000	1.209	6.098	1772751722.733
7	100.000	0.014	100.000	1.330	6.102	1772751723.146
8	100.000	-0.005	99.997	1.260	6.110	1772751723.509
9	100.000	0.013	100.003	1.333	6.038	1772751723.868
10	100.000	0.001	100.007	1.271	6.140	1772751724.271
11	100.000	-0.024	99.997	1.270	6.104	1772751724.628
12	100.000	-0.015	100.003	1.245	6.142	1772751725.019
13	100.000	-0.003	99.998	1.247	6.052	1772751725.404
14	100.000	0.030	100.004	1.197	6.173	1772751725.783
15	100.000	0.015	100.001	1.222	6.151	1772751726.123
16	100.000	0.008	99.997	1.286	6.166	1772751726.513
17	100.000	0.009	99.999	1.243	6.110	1772751726.877
18	100.000	0.016	100.001	1.265	6.213	1772751727.271
19	100.000	-0.011	100.000	1.250	6.188	1772751727.661
20	100.000	0.015	100.002	1.309	6.134	1772751728.035
21	100.000	-0.031	100.001	1.253	6.076	1772751728.376
22	100.000	-0.019	100.000	1.273	6.125	1772751728.769
23	100.000	0.015	100.001	1.350	6.159	1772751729.144
24	100.000	0.013	99.997	1.162	6.096	1772751729.515
25	100.000	-0.007	100.000	1.291	6.134	1772751729.859
26	100.000	-0.012	99.999	1.176	6.050	1772751730.211
27	100.000	0.002	100.001	1.300	6.099	1772751730.590
28	100.000	-0.001	99.996	1.349	6.126	1772751730.961
29	100.000	0.016	99.999	1.339	6.078	1772751731.366
30	100.000	-0.015	100.000	1.271	6.203	1772751731.710
31	100.000	0.005	100.001	1.298	6.135	1772751732.098
32	100.000	0.011	100.003	1.187	6.013	1772751732.448
33	100.000	0.001	100.000	1.202	6.117	1772751732.825
34	100.000	-0.003	100.000	1.318	6.116	1772751733.223
35	100.000	-0.027	100.001	1.236	6.157	1772751733.616
36	100.000	-0.008	100.002	1.292	6.101	1772751733.956
37	100.000	0.001	100.001	1.270	6.171	1772751734.324
38	100.000	-0.017	100.001	1.280	6.034	1772751734.720
39	100.000	0.018	99.995	1.281	6.135	1772751735.087
40	100.000	0.024	100.000	1.222	6.178	1772751735.471
41	100.000	-0.011	99.999	1.231	6.209	1772751735.864
42	100.000	0.003	100.003	1.290	6.201	1772751736.277
43	100.000	-0.001	100.001	1.238	6.106	1772751736.646
44	100.000	-0.002	100.002	1.234	6.064	1772751736.999
45	100.000	0.004	100.002	1.328	6.089	1772751737.382
46	100.000	-0.007	99.998	1.269	6.074	1772751737.803
47	100.000	-0.010	100.002	1.322	6.116	1772751738.195
48	100.000	0.020	99.998	1.266	6.172	1772751738.547
49	100.000	-0.004	100.001	1.305	6.128	1772751738.930
50	100.000	0.027	100.002	1.226	6.066	1772751739.295
51	100.000	-0.013	100.003	1.300	6.200	1772751739.700
52	100.000	0.001	99.998	1.258	6.125	1772751740.044
53	100.000	0.011	99.998	1.358	6.270	1772751740.419
54	100.000	-0.019	100.005	1.191	6.128	1772751740.810
55	100.000	0.026	99.998	1.155	6.121	1772751741.199
56	100.000	-0.004	100.001	1.230	6.134	1772751741.618
57	100.000	0.011	99.996	1.320	6.178	1772751742.009
58	100.000	-0.008	100.001	1.297	6.066	1772751742.364
59	100.000	-0.012	99.996	1.352	6.211	1772751742.743
60	100.000	0.008	100.002	1.243	6.134	1772751743.098
61	100.000	0.015	100.002	1.175	6.157	1772751743.477
62	100.000	0.013	100.002	1.377	6.091	1772751743.864
63	100.000	-0.014	100.004	1.318	6.185	1772751744.237
64	100.000	-0.030	100.002	1.289	6.204	1772751744.622
65	100.000	0.017	100.000	1.396	6.188	1772751744.975
66	100.000	0.021	100.002	1.275	6.173	1772751745.364
67	100.000	0.024	100.003	1.286	6.109	1772751745.715
68	100.000	0.009	100.000	1.316	6.147	1772751746.078
69	100.000	0.006	100.004	1.290	6.146	1772751746.482
70	100.000	-0.022	100.002	1.312	6.175	1772751746.887
71	100.000	0.021	100.002	1.241	6.126	1772751747.263
72	100.000	0.006	100.000	1.332	6.115	1772751747.650
73	100.000	-0.024	100.003	1.359	6.133	1772751748.014
74	100.000	-0.019	100.005	1.258	6.240	1772751748.403
75	100.000	0.003	99.999	1.227	6.283	1772751748.775
76	100.000	-0.001	100.001	1.245	6.157	1772751749.160
77	100.000	0.012	99.998	1.357	6.139	1772751749.545
78	100.000	-0.005	100.000	1.327	6.203	1772751749.908
79	100.000	0.006	100.001	1.312	6.182	1772751750.307
80	100.000	0.005	100.002	1.260	6.186	1772751750.707
81	100.000	-0.010	100.002	1.364	6.200	1772751751.105
82	100.000	0.025	99.998	1.381	6.265	1772751751.470
83	100.000	0.021	100.001	1.327	6.193	1772751751.858
84	100.000	0.009	100.002	1.315	6.274	1772751752.212
85	100.000	0.001	100.001	1.334	6.061	1772751752.589
86	100.000	0.008	99.999	1.340	6.205	1772751752.970
87	100.000	-0.004	100.001	1.222	6.215	1772751753.351
88	100.000	0.024	100.002	1.241	6.222	1772751753.710
89	100.000	0.025	99.998	1.287	0.061	1772751754.080
90	100.000	0.013	100.003	1.313	6.281	1772751754.463
91	100.000	0.001	100.001	1.259	0.112	1772751754.856
92	100.000	0.007	99.998	1.345	6.258	1772751755.220
93	100.000	0.001	100.001	1.353	6.243	1772751755.599
94	100.000	0.008	99.997	1.251	6.233	1772751755.988
95	100.000	-0.023	100.001	1.253	6.079	1772751756.336
96	100.000	-0.019	99.999	1.264	6.247	1772751756.715
97	100.000	0.004	99.997	1.311	6.182	1772751757.088
98	100.000	-0.023	100.000	1.330	6.120	1772751757.473
99	100.000	-0.009	100.003	1.359	6.226	1772751757.834
100	100.000	-0.012	100.001	1.330	6.187	1772751758.216
101	100.000	0.003	100.001	1.313	6.156	1772751758.569
102	100.000	-0.011	99.995	1.264	0.015	1772751759.003
103	100.000	0.012	99.998	1.408	6.191	1772751759.401
104	100.000	-0.005	100.003	1.270	6.213	1772751759.791
105	100.000	0.009	99.998	1.382	6.061	1772751760.139
106	100.000	-0.004	99.996	1.268	6.226	1772751760.511
107	100.000	0.008	100.001	1.270	0.018	1772751760.920
108	100.000	0.001	99.999	1.332	6.175	1772751761.286
109	100.000	-0.015	100.004	1.328	0.001	1772751761.654
110	100.000	-0.003	100.001	1.234	6.174	1772751762.023
111	100.000	-0.010	100.001	1.329	6.176	1772751762.408
112	100.000	-0.004	100.000	1.280	6.222	1772751762.759
113	100.000	-0.005	100.002	1.368	6.244	1772751763.122
114	100.000	-0.015	99.997	1.253	6.191	1772751763.483
115	100.000	0.007	99.996	1.293	0.036	1772751763.894
116	100.000	-0.002	100.003	1.293	6.094	1772751764.258
117	100.000	0.008	99.998	1.384	6.123	1772751764.639
118	100.000	0.006	99.995	1.271	6.179	1772751764.999
119	100.000	-0.011	100.000	1.263	6.231	1772751765.385
120	100.000	0.003	99.999	1.311	6.104	1772751765.732
121	100.000	0.002	100.000	1.248	6.230	1772751766.127
122	100.000	0.017	100.003	1.320	6.184	1772751766.513
123	100.000	0.030	99.999	1.313	6.226	1772751766.895
124	100.000	-0.011	99.997	1.303	6.202	1772751767.253
125	100.000	-0.006	100.002	1.263	6.248	1772751767.635
126	100.000	-0.009	99.997	1.297	0.001	1772751768.019
127	100.000	0.015	100.000	1.329	6.245	1772751768.437
128	100.000	0.005	100.000	1.348	6.205	1772751768.828
129	100.000	-0.007	99.999	1.317	6.242	1772751769.189
130	100.000	-0.028	99.997	1.300	6.239	1772751769.576
131	100.000	-0.012	99.996	1.309	6.188	1772751769.919
132	100.000	0.032	100.002	1.274	6.152	1772751770.283
133	100.000	0.000	99.999	1.349	6.274	1772751770.682
134	100.000	-0.009	99.997	1.344	6.252	1772751771.061
135	100.000	0.009	99.999	1.284	6.185	1772751771.444
136	100.000	0.030	99.999	1.346	6.139	1772751771.819
137	100.000	0.011	99.998	1.196	0.035	1772751772.214
138	100.000	0.005	100.003	1.263	6.224	1772751772.605
139	100.000	0.003	99.998	1.341	6.261	1772751772.999
140	100.000	-0.010	100.002	1.390	6.182	1772751773.359
141	100.000	-0.018	99.999	1.300	6.197	1772751773.730
142	100.000	-0.024	99.997	1.345	6.223	1772751774.084
143	100.000	-0.008	100.003	1.344	6.240	1772751774.454
144	100.000	0.018	100.001	1.401	6.129	1772751774.807
145	100.000	-0.016	99.997	1.301	6.232	1772751775.142
146	100.000	0.005	100.003	1.319	6.212	1772751775.511
147	100.000	0.024	100.003	1.369	0.002	1772751775.916
148	100.000	0.002	100.002	1.312	6.210	1772751776.276
149	100.000	-0.011	99.997	1.457	6.213	1772751776.642
150	100.000	0.002	100.001	1.319	0.039	1772751777.028
151	100.000	-0.004	100.001	1.379	0.004	1772751777.405
152	100.000	-0.004	100.002	1.277	6.093	1772751777.756
153	100.000	-0.002	99.998	1.366	6.114	1772751778.148
154	100.000	0.011	100.003	1.397	6.102	1772751778.536
155	100.000	-0.007	99.997	1.291	6.151	1772751778.919
156	100.000	0.009	100.000	1.253	6.267	1772751779.284
157	100.000	-0.019	100.000	1.303	6.202	1772751779.642
158	100.000	-0.005	99.998	1.344	6.194	1772751780.070
159	100.000	0.000	99.998	1.366	6.236	1772751780.478
160	100.000	0.016	99.999	1.249	6.157	1772751780.856
161	100.000	-0.004	99.997	1.341	6.119	1772751781.241
162	100.000	0.024	99.997	1.246	6.148	1772751781.592
163	100.000	-0.001	99.998	1.212	6.165	1772751781.966
164	100.000	-0.003	100.000	1.239	6.250	1772751782.357
165	100.000	-0.014	100.000	1.313	6.236	1772751782.744
166	100.000	0.015	99.997	1.206	6.265	1772751783.138
167	100.000	-0.001	100.000	1.344	6.245	1772751783.522
168	100.000	-0.014	100.001	1.283	6.243	1772751783.877
169	100.000	0.005	100.001	1.267	6.260	1772751784.241
170	100.000	-0.006	100.000	1.300	6.116	1772751784.632
171	100.000	-0.007	99.998	1.303	6.091	1772751785.007
172	100.000	-0.008	99.999	1.331	6.282	1772751785.387
173	100.000	0.001	100.000	1.277	0.001	1772751785.755
174	100.000	-0.013	99.998	1.370	6.136	1772751786.135
175	100.000	-0.002	100.002	1.349	6.208	1772751786.494
176	100.000	-0.009	100.001	1.307	6.275	1772751786.858
177	100.000	0.005	100.003	1.315	6.238	1772751787.233
178	100.000	-0.004	100.004	1.596	0.133	1772751787.640
179	100.000	-0.013	100.005	1.609	0.535	1772751788.019
180	100.000	-0.019	100.005	1.724	0.685	1772751788.379
181	100.000	-0.009	100.002	1.449	0.226	1772751788.775
182	100.000	0.028	99.999	1.319	6.228	1772751789.137
183	100.000	0.003	100.006	1.362	6.245	1772751789.497
184	100.000	-0.005	100.004	1.445	0.078	1772751789.869
185	100.000	-0.023	99.995	1.519	0.277	1772751790.245
186	100.000	0.010	100.004	1.485	0.573	1772751790.641
187	100.000	0.009	99.997	1.736	0.420	1772751791.019
188	100.000	0.011	99.997	1.531	6.252	1772751791.379
189	100.000	0.006	100.000	1.429	6.099	1772751791.735
190	100.000	-0.006	99.997	1.412	6.182	1772751792.151
191	100.000	0.005	100.002	1.506	0.202	1772751792.556
192	100.000	0.010	100.000	1.724	0.563	1772751792.941
193	100.000	0.001	99.997	1.635	0.511	1772751793.295
194	100.000	-0.018	99.997	1.840	0.180	1772751793.682
195	100.000	-0.024	100.001	1.673	6.186	1772751794.046
196	100.000	-0.008	99.999	1.819	6.155	1772751794.429
197	100.000	-0.004	100.003	1.717	0.077	1772751794.822
198	100.000	-0.021	100.001	1.797	0.297	1772751795.197
199	100.000	-0.016	99.999	1.400	0.343	1772751795.551
200	100.000	0.002	100.002	1.476	0.415	1772751795.936
201	100.000	-0.002	100.003	1.539	6.023	1772751796.314
202	100.000	0.007	100.001	1.545	5.943	1772751796.690
203	100.000	-0.015	100.006	1.894	6.139	1772751797.068
204	100.000	-0.002	100.001	2.027	0.145	1772751797.462
205	100.000	-0.003	99.997	1.508	0.305	1772751797.810
206	100.000	0.020	100.002	1.065	0.438	1772751798.173
207	100.000	0.015	99.998	1.131	0.132	1772751798.532
208	100.000	-0.009	99.998	1.357	6.106	1772751798.964
209	100.000	-0.004	99.998	1.602	6.034	1772751799.355
210	100.000	-0.003	100.001	2.033	0.036	1772751799.713
211	100.000	0.019	99.998	1.846	0.281	1772751800.079
212	100.000	-0.011	99.997	1.584	0.538	1772751800.444
213	100.000	-0.002	99.999	1.374	0.426	1772751800.830
214	100.000	0.009	100.002	1.539	6.217	1772751801.219
215	100.000	0.004	100.000	1.529	5.956	1772751801.596
216	100.000	-0.005	99.994	1.611	6.080	1772751801.958
217	100.000	-0.007	100.001	1.993	0.140	1772751802.315
218	100.000	-0.045	100.004	1.825	0.287	1772751802.706
219	100.000	-0.020	99.999	1.424	0.451	1772751803.090
220	100.000	-0.015	99.999	1.366	0.239	1772751803.442
221	100.000	-0.004	99.998	1.210	6.117	1772751803.815
222	100.000	-0.007	99.995	1.387	6.261	1772751804.198
223	100.000	0.003	100.000	2.061	0.117	1772751804.599
224	100.000	-0.019	99.998	2.062	0.268	1772751804.957
225	100.000	0.019	100.002	1.648	0.511	1772751805.369
226	100.000	-0.007	100.001	1.412	0.545	1772751805.715
227	100.000	0.004	100.000	1.208	6.152	1772751806.113
228	100.000	0.009	100.001	1.079	6.061	1772751806.466
229	100.000	0.001	100.002	1.446	0.070	1772751806.839
230	100.000	0.008	99.999	1.919	0.342	1772751807.214
231	100.000	-0.003	99.999	1.854	0.325	1772751807.604
232	100.000	-0.006	99.999	1.246	0.477	1772751807.978
233	100.000	-0.004	100.000	1.135	0.225	1772751808.332
234	100.000	0.014	100.001	1.308	6.054	1772751808.740
235	100.000	-0.002	99.995	1.190	6.236	1772751809.136
236	100.000	0.013	100.000	1.865	0.186	1772751809.541
237	100.000	0.009	100.000	2.117	0.098	1772751809.927
238	100.000	-0.008	100.004	1.597	0.129	1772751810.288
239	100.000	-0.017	100.006	1.246	0.132	1772751810.646
240	100.000	-0.005	99.999	1.477	6.189	1772751811.023
241	100.000	-0.011	100.000	1.487	5.890	1772751811.427
242	100.000	-0.014	99.998	1.679	0.018	1772751811.852
243	100.000	0.003	99.998	2.167	0.319	1772751812.224
244	100.000	-0.015	100.000	1.837	0.327	1772751812.583
245	100.000	-0.020	99.994	1.291	0.318	1772751812.964
246	100.000	-0.012	99.997	1.390	0.392	1772751813.355
247	100.000	0.017	99.999	1.526	6.272	1772751813.720
248	100.000	0.010	100.001	1.558	0.007	1772751814.112
249	100.000	0.020	100.001	1.932	0.258	1772751814.489
250	100.000	0.014	100.002	2.061	0.263	1772751814.857
251	100.000	-0.005	100.005	1.400	0.212	1772751815.232
252	100.000	0.004	99.998	0.983	0.143	1772751815.588
253	100.000	0.047	100.005	1.276	6.242	1772751815.965
254	100.000	-0.017	99.998	1.483	6.209	1772751816.349
255	100.000	-0.004	99.995	1.847	0.076	1772751816.724
256	100.000	0.016	100.004	2.226	0.240	1772751817.101
257	100.000	-0.017	100.000	1.856	0.220	1772751817.496
258	100.000	-0.007	100.000	1.141	0.085	1772751817.848
259	100.000	0.010	100.001	1.009	6.187	1772751818.206
260	100.000	0.005	100.002	1.292	6.099	1772751818.572
261	100.000	-0.003	100.002	1.540	0.101	1772751818.969
262	100.000	0.008	99.997	1.962	0.208	1772751819.365
263	100.000	0.032	99.999	2.116	0.398	1772751819.717
264	100.000	-0.035	100.003	1.431	0.233	1772751820.100
265	100.000	0.002	99.999	0.995	6.231	1772751820.460
266	100.000	-0.013	100.001	1.014	5.935	1772751820.843
267	100.000	0.010	100.001	1.292	6.093	1772751821.182
268	100.000	0.003	99.997	1.852	0.172	1772751821.599
269	100.000	0.006	99.998	2.353	0.261	1772751821.999
270	100.000	0.010	99.999	2.106	0.377	1772751822.387
271	100.000	0.006	99.998	1.396	0.119	1772751822.765
272	100.000	-0.001	99.998	1.132	6.040	1772751823.169
273	100.000	0.001	99.999	1.255	6.037	1772751823.537
274	100.000	-0.019	100.004	1.729	0.100	1772751823.909
275	100.000	-0.023	99.999	2.569	0.217	1772751824.270
276	100.000	0.015	99.998	2.564	0.271	1772751824.666
277	100.000	-0.006	100.000	1.986	0.268	1772751825.040
278	100.000	0.001	100.002	1.204	0.071	1772751825.430
279	100.000	-0.009	100.000	1.073	6.036	1772751825.809
280	100.000	-0.004	100.001	1.402	6.127	1772751826.192
281	100.000	-0.005	100.002	2.004	0.202	1772751826.560
282	100.000	-0.003	99.998	2.400	0.297	1772751826.917
283	100.000	0.008	100.001	2.098	0.319	1772751827.301
284	100.000	0.011	100.002	1.531	0.358	1772751827.659
285	100.000	-0.010	99.998	1.148	6.137	1772751828.052
286	100.000	-0.011	100.000	1.249	6.081	1772751828.424
287	100.000	-0.015	100.002	1.651	6.252	1772751828.811
288	100.000	-0.004	99.998	2.520	0.286	1772751829.167
289	100.000	-0.020	100.003	2.431	0.401	1772751829.545
290	100.000	-0.014	99.996	1.989	0.558	1772751829.932
291	100.000	0.021	99.997	1.456	0.338	1772751830.326
292	100.000	0.007	100.001	1.297	5.953	1772751830.724
293	100.000	-0.006	100.005	1.341	6.098	1772751831.093
294	100.000	0.001	99.996	1.947	0.358	1772751831.456
295	100.000	0.011	99.997	2.506	0.331	1772751831.838
296	100.000	-0.008	99.998	2.108	0.418	1772751832.182
297	100.000	-0.027	100.001	1.487	0.489	1772751832.578
298	100.000	0.018	99.998	0.938	0.023	1772751832.956
299	100.000	0.007	99.994	1.095	6.093	1772751833.334
300	100.000	-0.008	100.003	1.438	0.031	1772751833.703
301	100.000	0.005	100.001	2.233	0.313	1772751834.091
302	100.000	-0.007	100.002	2.431	0.490	1772751834.453
303	100.000	-0.023	100.001	2.021	0.605	1772751834.811
304	100.000	0.004	100.000	1.320	0.345	1772751835.212
305	100.000	0.029	100.001	1.317	6.031	1772751835.602
306	100.000	-0.003	100.002	1.331	6.087	1772751835.983
307	100.000	0.005	100.001	2.058	0.106	1772751836.374
308	100.000	-0.005	99.999	2.769	0.369	1772751836.771
309	100.000	-0.015	100.001	2.399	0.416	1772751837.140
310	100.000	-0.014	100.002	1.774	0.447	1772751837.536
311	100.000	0.001	100.006	1.384	5.987	1772751837.883
312	100.000	0.030	99.998	1.479	5.799	1772751838.272
313	100.000	-0.003	99.997	1.866	6.174	1772751838.624
314	100.000	-0.009	99.999	2.460	0.229	1772751839.005
315	100.000	-0.008	100.002	2.899	0.379	1772751839.371
316	100.000	-0.004	100.001	2.301	0.395	1772751839.790
317	100.000	0.005	100.001	1.634	0.125	1772751840.157
318	100.000	-0.025	100.001	1.444	5.935	1772751840.508
319	100.000	0.005	100.003	1.348	5.857	1772751840.894
320	100.000	-0.015	99.996	1.701	0.018	1772751841.266
321	100.000	-0.004	100.003	2.663	0.403	1772751841.647
322	100.000	0.015	100.001	2.814	0.438	1772751842.029
323	100.000	-0.008	100.001	2.303	0.368	1772751842.400
324	100.000	-0.002	100.002	1.879	6.146	1772751842.787
325	100.000	-0.016	99.998	1.753	5.844	1772751843.162
326	100.000	0.002	99.997	1.586	6.082	1772751843.523
327	100.000	0.015	100.002	1.995	0.282	1772751843.884
328	100.000	-0.006	99.998	2.509	0.436	1772751844.258
329	100.000	0.002	99.996	2.129	0.530	1772751844.633
330	100.000	0.009	99.997	1.543	0.326	1772751845.008
331	100.000	0.012	99.994	1.347	5.921	1772751845.386
332	100.000	-0.007	99.996	1.523	5.703	1772751845.763
333	100.000	0.001	99.999	1.684	6.142	1772751846.134
334	100.000	-0.015	100.002	2.239	0.358	1772751846.501
335	100.000	-0.002	100.003	2.509	0.537	1772751846.883
336	100.000	-0.021	99.998	2.098	0.477	1772751847.259
337	100.000	-0.005	99.997	1.357	0.013	1772751847.652
338	100.000	-0.006	99.996	1.454	5.640	1772751848.044
339	100.000	-0.003	100.003	1.504	5.782	1772751848.428
340	100.000	-0.011	99.999	1.720	0.206	1772751848.846
341	100.000	0.004	100.001	2.065	0.354	1772751849.213
342	100.000	0.014	100.001	1.654	0.435	1772751849.584
343	100.000	-0.005	99.999	1.325	0.085	1772751849.943
344	100.000	0.011	99.997	1.296	5.828	1772751850.336
345	100.000	0.007	100.003	1.455	5.667	1772751850.719
346	100.000	0.014	100.002	1.747	5.989	1772751851.093
347	100.000	0.014	100.002	2.212	0.118	1772751851.449
348	100.000	-0.006	99.999	2.099	0.254	1772751851.857
349	100.000	-0.003	99.999	1.395	0.304	1772751852.251
350	100.000	-0.013	99.997	1.264	5.851	1772751852.642
351	100.000	0.017	100.001	1.366	5.588	1772751853.033
352	100.000	0.009	100.000	1.545	5.867	1772751853.384
353	100.000	0.004	100.002	2.070	0.021	1772751853.763
354	100.000	0.001	99.999	2.304	0.304	1772751854.132
355	100.000	-0.009	100.000	1.658	0.338	1772751854.507
356	100.000	0.003	100.005	1.155	0.184	1772751854.884
357	100.000	-0.008	100.002	1.469	5.808	1772751855.267
358	100.000	0.015	100.001	1.598	5.825	1772751855.639
359	100.000	-0.034	100.001	1.902	6.168	1772751856.020
360	100.000	-0.006	100.001	2.296	0.152	1772751856.394
361	100.000	-0.009	100.000	2.016	0.345	1772751856.787
362	100.000	-0.050	99.999	1.310	0.167	1772751857.137
363	100.000	0.008	100.000	1.471	5.761	1772751857.502
364	100.000	0.002	100.002	1.791	5.571	1772751857.900
365	100.000	-0.007	99.996	1.863	5.849	1772751858.268
366	100.000	0.003	100.003	2.050	6.280	1772751858.634
367	100.000	-0.003	100.000	2.310	0.236	1772751859.007
368	100.000	-0.010	100.004	1.804	0.490	1772751859.410
369	100.000	-0.005	99.998	1.209	0.371	1772751859.780
370	100.000	0.003	100.000	1.356	5.987	1772751860.219
371	100.000	0.001	100.000	1.871	5.779	1772751860.597
372	100.000	-0.008	100.003	2.154	6.091	1772751860.972
373	100.000	0.035	100.005	2.386	0.042	1772751861.313
374	100.000	-0.013	99.997	1.848	0.361	1772751861.689
375	100.000	-0.001	99.999	1.161	0.338	1772751862.053
376	100.000	-0.001	100.000	1.031	5.984	1772751862.460
377	100.000	0.001	100.000	1.614	5.734	1772751862.841
378	100.000	-0.004	100.000	1.852	5.876	1772751863.210
379	100.000	0.008	99.998	2.270	6.212	1772751863.562
380	100.000	0.013	100.001	2.244	0.117	1772751863.949
381	100.000	-0.010	100.000	1.599	0.338	1772751864.307
382	100.000	-0.007	99.998	0.960	6.189	1772751864.704
383	100.000	0.004	100.003	0.979	5.615	1772751865.072
384	100.000	-0.011	100.006	1.564	5.523	1772751865.487
385	100.000	0.013	99.998	1.902	6.010	1772751865.849
386	100.000	-0.001	100.001	2.255	0.024	1772751866.204
387	100.000	0.009	100.000	2.057	0.229	1772751866.567
388	100.000	-0.008	100.000	1.217	0.228	1772751866.977
389	100.000	0.028	99.999	0.860	5.640	1772751867.356
390	100.000	-0.002	100.003	1.320	5.361	1772751867.719
391	100.000	0.015	100.003	1.639	5.658	1772751868.089
392	100.000	-0.033	99.999	2.190	6.118	1772751868.462
393	100.000	-0.003	99.999	2.380	0.027	1772751868.847
394	100.000	0.009	100.000	1.728	0.247	1772751869.218
395	100.000	-0.013	100.001	0.921	6.175	1772751869.605
396	100.000	-0.007	100.000	1.016	5.528	1772751869.990
397	100.000	0.018	100.001	1.408	5.493	1772751870.352
398	100.000	0.022	100.000	1.723	5.915	1772751870.732
399	100.000	-0.009	99.999	2.301	6.262	1772751871.092
400	100.000	0.001	99.998	2.172	0.151	1772751871.444
401	100.000	-0.010	99.997	1.421	0.136	1772751871.854
402	100.000	-0.029	99.997	0.735	5.823	1772751872.218
403	100.000	-0.028	99.999	1.148	5.570	1772751872.620
404	100.000	-0.013	100.002	1.404	5.767	1772751872.984
405	100.000	0.019	100.003	2.019	6.199	1772751873.352
406	100.000	0.017	99.997	2.466	0.234	1772751873.715
407	100.000	0.001	99.999	1.951	0.196	1772751874.081
408	100.000	0.011	100.006	1.237	0.010	1772751874.450
409	100.000	-0.024	100.003	0.841	5.702	1772751874.857
410	100.000	0.019	100.001	1.195	5.606	1772751875.218
411	100.000	-0.003	100.003	1.627	6.117	1772751875.586
412	100.000	0.007	100.000	2.403	0.143	1772751875.969
413	100.000	0.018	100.001	2.514	0.315	1772751876.343
414	100.000	0.010	99.998	1.832	0.324	1772751876.704
415	100.000	-0.000	99.996	1.292	5.988	1772751877.118
416	100.000	-0.021	99.999	1.130	5.706	1772751877.492
417	100.000	0.009	99.999	1.650	5.936	1772751877.909
418	100.000	0.007	99.997	2.302	0.092	1772751878.262
419	100.000	0.018	100.000	2.565	0.197	1772751878.661
420	100.000	0.000	100.001	2.286	0.433	1772751879.039
421	100.000	-0.003	99.998	1.678	0.055	1772751879.416
422	100.000	-0.005	100.004	1.491	5.815	1772751879.783
423	100.000	-0.004	99.998	1.492	5.972	1772751880.135
424	100.000	-0.006	99.998	2.052	0.037	1772751880.520
425	100.000	0.012	100.000	2.646	0.208	1772751880.901
426	100.000	-0.014	100.000	2.310	0.407	1772751881.274
427	100.000	-0.001	99.998	1.754	0.442	1772751881.674
428	100.000	-0.002	99.997	1.251	6.012	1772751882.067
429	100.000	-0.004	100.002	1.405	5.737	1772751882.462
430	100.000	0.010	99.999	1.789	6.179	1772751882.835
431	100.000	0.011	100.001	2.534	0.213	1772751883.223
432	100.000	-0.010	99.999	2.816	0.277	1772751883.607
433	100.000	-0.040	100.001	2.160	0.400	1772751883.973
434	100.000	0.007	100.001	1.482	0.080	1772751884.336
435	100.000	-0.007	99.998	1.300	5.680	1772751884.721
436	100.000	0.021	100.001	1.509	5.860	1772751885.092
437	100.000	0.008	100.002	2.133	6.228	1772751885.496
438	100.000	-0.026	100.005	2.746	0.242	1772751885.854
439	100.000	-0.014	100.003	2.454	0.490	1772751886.243
440	100.000	-0.005	100.000	2.067	0.520	1772751886.609
441	100.000	0.021	99.999	1.367	6.068	1772751886.985
442	100.000	0.023	100.001	1.476	5.701	1772751887.344
443	100.000	0.008	100.001	1.762	6.063	1772751887.742
444	100.000	-0.013	100.002	2.359	0.109	1772751888.133
445	100.000	-0.009	100.000	2.717	0.279	1772751888.503
446	100.000	0.028	99.999	2.197	0.541	1772751888.864
447	100.000	0.023	100.000	1.658	0.405	1772751889.249
448	100.000	0.022	100.001	1.323	6.091	1772751889.617
449	100.000	0.006	99.998	1.517	5.958	1772751889.978
450	100.000	-0.008	99.999	2.154	0.083	1772751890.377
451	100.000	-0.003	100.002	2.766	0.206	1772751890.757
452	100.000	0.008	100.001	2.462	0.441	1772751891.140
453	100.000	0.017	99.997	2.051	0.653	1772751891.497
454	100.000	0.007	100.002	1.624	0.265	1772751891.856
455	100.000	-0.026	99.995	1.549	6.007	1772751892.234
456	100.000	-0.012	100.001	1.796	6.229	1772751892.590
457	100.000	0.006	99.999	2.491	0.225	1772751892.970
458	100.000	0.022	100.002	2.918	0.359	1772751893.365
459	100.000	-0.025	99.999	2.387	0.514	1772751893.738
460	100.000	0.020	100.000	1.888	0.573	1772751894.083
461	100.000	-0.010	100.003	1.487	0.037	1772751894.478
462	100.000	-0.011	100.000	1.584	5.966	1772751894.833
463	100.000	0.016	100.001	2.050	0.054	1772751895.206
464	100.000	0.014	99.999	2.617	0.331	1772751895.582
465	100.000	0.002	100.002	2.732	0.557	1772751895.994
466	100.000	0.004	100.000	2.157	0.652	1772751896.357
467	100.000	-0.008	99.997	1.759	0.427	1772751896.722
468	100.000	-0.006	100.002	1.580	6.125	1772751897.069
469	100.000	-0.001	99.998	1.755	6.171	1772751897.451
470	100.000	-0.000	100.001	2.456	0.091	1772751897.858
471	100.000	-0.014	100.001	2.608	0.376	1772751898.227
472	100.000	0.005	99.998	2.393	0.603	1772751898.606
473	100.000	0.006	100.004	1.892	0.624	1772751898.999
474	100.000	0.036	100.001	1.469	0.107	1772751899.406
475	100.000	0.012	100.000	1.660	5.979	1772751899.789
476	100.000	-0.023	99.996	1.935	6.279	1772751900.155
477	100.000	-0.007	100.000	2.324	0.268	1772751900.544
478	100.000	-0.006	100.000	2.241	0.590	1772751900.915
479	100.000	0.007	100.001	2.013	0.876	1772751901.270
480	100.000	0.003	100.003	1.448	0.568	1772751901.653
481	100.000	0.025	100.004	1.255	6.055	1772751902.077
482	100.000	0.000	100.003	1.729	5.908	1772751902.466
483	100.000	-0.012	100.002	2.175	0.048	1772751902.830
484	100.000	0.026	100.003	2.348	0.367	1772751903.224
485	100.000	0.018	99.999	1.854	0.721	1772751903.623
486	100.000	-0.009	100.002	1.582	0.805	1772751903.957
487	100.000	-0.027	100.003	1.070	0.189	1772751904.337
488	100.000	-0.002	100.001	1.544	5.986	1772751904.728
489	100.000	-0.038	100.004	1.877	6.144	1772751905.071
490	100.000	0.010	99.999	2.251	0.152	1772751905.468
491	100.000	0.038	99.998	2.051	0.324	1772751905.855
492	100.000	-0.007	100.000	1.745	0.712	1772751906.227
493	100.000	-0.008	100.004	1.378	0.390	1772751906.592
494	100.000	-0.017	99.998	1.379	6.020	1772751906.981
495	100.000	0.002	100.001	1.617	5.992	1772751907.337
496	100.000	0.007	99.996	2.057	0.144	1772751907.753
497	100.000	-0.005	99.999	2.482	0.252	1772751908.161
498	100.000	-0.003	99.997	1.842	0.531	1772751908.548
499	100.000	0.014	100.003	1.708	0.696	1772751908.889
500	100.000	-0.009	100.002	1.144	0.120	1772751909.281
501	100.000	-0.005	99.997	1.450	6.036	1772751909.660
502	100.000	-0.006	100.002	1.828	0.006	1772751910.045
503	100.000	-0.029	100.004	2.420	0.299	1772751910.423
504	100.000	0.008	99.998	2.238	0.456	1772751910.794
505	100.000	-0.048	99.998	1.484	0.579	1772751911.169
506	100.000	0.006	100.003	0.938	0.346	1772751911.515
507	100.000	-0.025	100.000	0.932	5.924	1772751911.909
508	100.000	-0.006	100.004	1.361	6.031	1772751912.276
509	100.000	0.012	100.000	1.932	0.141	1772751912.666
510	100.000	-0.003	100.003	2.420	0.250	1772751913.042
511	100.000	0.014	100.004	1.885	0.547	1772751913.402
512	100.000	0.011	100.000	1.524	0.801	1772751913.783
513	100.000	0.004	99.995	1.102	0.018	1772751914.162
514	100.000	-0.008	100.002	1.213	5.873	1772751914.566
515	100.000	0.015	99.999	1.781	0.021	1772751915.013
516	100.000	-0.010	99.999	2.466	0.438	1772751915.359
517	100.000	0.014	100.002	2.153	0.450	1772751915.717
518	100.000	0.011	99.997	1.601	0.868	1772751916.120
519	100.000	-0.005	100.006	1.079	0.429	1772751916.496
520	100.000	0.002	99.996	0.996	5.820	1772751916.869
521	100.000	-0.012	100.000	1.375	6.051	1772751917.240
522	100.000	0.009	100.003	2.209	0.238	1772751917.622
523	100.000	0.019	99.996	2.582	0.330	1772751917.964
524	100.000	0.016	100.001	1.922	0.514	1772751918.373
525	100.000	-0.001	100.001	1.397	0.556	1772751918.738
526	100.000	-0.026	100.001	1.132	5.960	1772751919.109
527	100.000	-0.004	99.998	1.510	5.594	1772751919.495
528	100.000	0.003	100.002	1.562	6.114	1772751919.871
529	100.000	0.016	99.999	2.370	0.382	1772751920.238
530	100.000	0.010	100.003	2.436	0.388	1772751920.598
531	100.000	-0.010	99.998	1.777	0.557	1772751920.982
532	100.000	0.006	100.002	1.294	0.427	1772751921.361
533	100.000	-0.000	99.997	1.182	5.629	1772751921.763
534	100.000	0.031	100.001	1.586	5.765	1772751922.120
535	100.000	-0.008	99.999	2.013	0.080	1772751922.477
536	100.000	-0.009	100.001	2.372	0.304	1772751922.848
537	100.000	-0.008	99.998	2.278	0.516	1772751923.245
538	100.000	0.004	99.996	1.932	0.609	1772751923.611
539	100.000	-0.001	99.997	1.310	6.113	1772751923.978
540	100.000	0.004	99.997	1.457	5.511	1772751924.368
541	100.000	0.025	99.998	1.484	5.901	1772751924.753
542	100.000	0.013	99.998	1.880	0.144	1772751925.108
543	100.000	-0.005	99.998	2.285	0.309	1772751925.501
544	100.000	-0.017	99.999	1.791	0.556	1772751925.881
545	100.000	-0.033	100.001	1.703	0.588	1772751926.235
546	100.000	0.037	100.000	1.364	6.144	1772751926.613
547	100.000	-0.029	100.002	1.532	5.727	1772751927.015
548	100.000	-0.015	100.001	1.829	0.015	1772751927.421
549	100.000	-0.003	100.009	2.237	0.353	1772751927.783
550	100.000	0.009	100.000	1.953	0.491	1772751928.193
551	100.000	-0.018	99.999	1.605	0.472	1772751928.561
552	100.000	0.013	99.999	1.475	6.194	1772751928.938
553	100.000	-0.016	100.002	1.536	5.739	1772751929.301
554	100.000	0.014	100.004	1.621	6.079	1772751929.658
555	100.000	0.019	100.001	2.185	0.355	1772751930.038
556	100.000	0.022	100.003	2.112	0.304	1772751930.419
557	100.000	-0.006	99.999	1.725	0.653	1772751930.822
558	100.000	0.001	100.001	1.546	0.468	1772751931.207
559	100.000	-0.016	99.997	1.713	5.978	1772751931.545
560	100.000	0.004	99.999	1.793	6.020	1772751931.917
561	100.000	-0.001	99.997	2.151	0.060	1772751932.321
562	100.000	-0.008	99.997	2.511	0.410	1772751932.664
563	100.000	0.008	100.002	2.115	0.480	1772751933.037
564	100.000	-0.031	99.998	1.646	0.654	1772751933.431
565	100.000	-0.001	100.000	1.445	0.312	1772751933.795
566	100.000	-0.010	100.001	1.607	6.023	1772751934.164
567	100.000	0.013	99.996	1.990	6.072	1772751934.532
568	100.000	-0.020	99.998	2.418	0.255	1772751934.935
569	100.000	0.003	100.001	2.524	0.537	1772751935.296
570	100.000	0.009	100.004	1.657	0.580	1772751935.660
571	100.000	0.021	99.998	1.488	0.711	1772751936.050
572	100.000	-0.005	100.000	1.387	0.028	1772751936.456
573	100.000	-0.020	100.000	1.774	6.060	1772751936.817
574	100.000	-0.019	100.002	2.428	0.150	1772751937.252
575	100.000	0.031	100.003	2.598	0.325	1772751937.609
576	100.000	-0.011	99.998	2.172	0.370	1772751937.988
577	100.000	-0.008	100.001	1.626	0.655	1772751938.374
578	100.000	0.007	100.003	1.496	0.406	1772751938.739
579	100.000	0.002	100.004	1.762	6.242	1772751939.096
580	100.000	0.018	99.999	2.198	6.281	1772751939.478
581	100.000	0.013	99.994	2.718	0.255	1772751939.877
582	100.000	-0.004	99.997	2.439	0.331	1772751940.238
583	100.000	0.017	99.998	1.740	0.334	1772751940.610
584	100.000	0.026	100.001	1.277	0.501	1772751941.012
585	100.000	0.010	99.998	1.418	0.077	1772751941.431
586	100.000	-0.005	99.997	2.120	6.078	1772751941.796
587	100.000	0.001	99.998	2.613	0.163	1772751942.184
588	100.000	-0.006	100.004	2.730	0.356	1772751942.544
589	100.000	0.017	99.996	2.105	0.429	1772751942.940
590	100.000	0.017	100.000	1.318	0.484	1772751943.333
591	100.000	0.005	99.997	1.198	0.376	1772751943.712
592	100.000	-0.001	100.005	1.641	6.135	1772751944.091
593	100.000	-0.001	99.999	2.399	6.247	1772751944.462
594	100.000	-0.006	100.000	2.794	0.248	1772751944.813
595	100.000	0.008	99.997	2.373	0.368	1772751945.208
596	100.000	0.007	100.001	1.615	0.306	1772751945.598
597	100.000	0.007	99.996	1.229	0.320	1772751946.020
598	100.000	0.015	100.002	1.334	0.040	1772751946.404
599	100.000	0.001	100.000	1.850	6.232	1772751946.766
600	100.000	0.021	100.001	2.690	0.168	1772751947.139
601	100.000	0.032	99.998	2.888	0.344	1772751947.508
602	100.000	0.014	99.998	2.186	0.338	1772751947.905
603	100.000	0.015	99.998	1.413	0.155	1772751948.272
604	100.000	-0.014	100.002	1.108	6.235	1772751948.628
605	100.000	-0.004	100.001	1.309	6.143	1772751949.014
606	100.000	0.016	100.004	1.877	0.033	1772751949.371
607	100.000	0.000	100.001	2.502	0.363	1772751949.772
608	100.000	0.010	99.999	2.402	0.453	1772751950.153
609	100.000	0.013	99.996	1.673	0.422	1772751950.529
610	100.000	-0.000	99.998	1.318	0.279	1772751950.924
611	100.000	0.001	99.998	1.566	6.147	1772751951.338
612	100.000	0.006	99.999	2.147	6.242	1772751951.720
613	100.000	0.022	100.001	2.567	0.262	1772751952.093
614	100.000	-0.005	99.999	2.574	0.498	1772751952.462
615	100.000	-0.002	99.999	2.124	0.614	1772751952.848
616	100.000	0.006	99.998	1.358	0.322	1772751953.189
617	100.000	0.001	100.001	1.271	6.272	1772751953.574
618	100.000	-0.000	100.003	1.558	6.007	1772751953.941
619	100.000	0.000	99.997	1.924	0.079	1772751954.343
620	100.000	0.022	99.998	2.383	0.404	1772751954.726
621	100.000	-0.019	99.996	2.418	0.655	1772751955.085
622	100.000	0.004	99.999	1.868	0.538	1772751955.476
623	100.000	0.010	100.001	1.298	0.063	1772751955.819
624	100.000	0.014	100.003	1.513	5.921	1772751956.183
625	100.000	-0.010	99.998	1.839	6.124	1772751956.570
626	100.000	-0.005	100.001	2.176	0.191	1772751956.949
627	100.000	-0.007	99.998	2.374	0.438	1772751957.348
628	100.000	0.003	100.001	2.073	0.672	1772751957.757
629	100.000	0.012	100.000	1.402	0.492	1772751958.118
630	100.000	-0.003	100.002	1.194	6.171	1772751958.506
631	100.000	0.009	99.997	1.604	5.910	1772751958.880
632	100.000	-0.001	100.004	1.953	6.203	1772751959.297
633	100.000	-0.015	99.996	2.298	0.381	1772751959.671
634	100.000	0.006	100.004	2.057	0.567	1772751960.070
635	100.000	-0.007	100.003	1.492	0.473	1772751960.462
636	100.000	0.002	100.000	1.335	0.081	1772751960.828
637	100.000	0.019	99.998	1.435	5.816	1772751961.228
638	100.000	-0.029	100.003	1.644	6.011	1772751961.635
639	100.000	0.005	99.997	2.010	0.310	1772751962.033
640	100.000	0.001	100.000	2.177	0.602	1772751962.417
641	100.000	-0.010	100.000	1.714	0.634	1772751962.785
642	100.000	-0.010	99.997	1.462	0.407	1772751963.169
643	100.000	0.022	100.004	1.342	6.065	1772751963.524
644	100.000	-0.016	100.005	1.509	5.895	1772751963.923
645	100.000	0.012	99.998	1.757	0.158	1772751964.295
646	100.000	0.025	99.998	2.089	0.568	1772751964.651
647	100.000	0.006	100.001	1.766	0.610	1772751965.023
648	100.000	0.011	99.998	1.476	0.503	1772751965.406
649	100.000	-0.010	100.001	1.197	0.058	1772751965.786
650	100.000	-0.007	99.999	1.306	5.845	1772751966.134
651	100.000	0.011	99.994	1.645	6.081	1772751966.547
652	100.000	0.007	100.003	2.074	0.289	1772751966.926
653	100.000	0.003	99.998	2.163	0.567	1772751967.293
654	100.000	0.011	99.999	1.513	0.653	1772751967.654
655	100.000	0.015	100.000	1.376	0.469	1772751968.035
656	100.000	-0.013	99.997	1.146	0.059	1772751968.413
657	100.000	0.008	99.997	1.529	5.980	1772751968.808
658	100.000	-0.019	99.998	1.804	0.068	1772751969.184
659	100.000	0.011	100.003	2.195	0.479	1772751969.554
660	100.000	-0.002	100.001	1.965	0.710	1772751969.922
661	100.000	0.001	100.001	1.282	0.677	1772751970.295
662	100.000	0.010	99.999	1.181	0.364	1772751970.659
663	100.000	-0.003	100.000	1.263	6.074	1772751971.032
664	100.000	-0.003	100.000	1.843	6.181	1772751971.432
665	100.000	0.011	99.999	2.149	0.237	1772751971.802
666	100.000	-0.021	100.002	2.155	0.548	1772751972.164
667	100.000	-0.018	100.000	1.689	0.746	1772751972.546
668	100.000	-0.016	99.999	1.369	0.624	1772751972.918
669	100.000	0.014	100.001	1.162	0.233	1772751973.314
670	100.000	-0.002	99.999	1.369	6.023	1772751973.664
671	100.000	0.011	99.999	1.750	0.119	1772751974.074
672	100.000	-0.018	100.002	2.155	0.539	1772751974.486
673	100.000	-0.012	100.002	2.004	0.649	1772751974.840
674	100.000	0.016	100.003	1.592	0.653	1772751975.242
675	100.000	0.005	100.001	1.184	0.175	1772751975.628
676	100.000	0.003	99.998	1.288	6.120	1772751976.062
677	100.000	-0.009	100.000	1.656	0.006	1772751976.419
678	100.000	0.000	99.997	2.031	0.370	1772751976.779
679	100.000	-0.011	99.996	2.043	0.738	1772751977.176
680	100.000	-0.017	100.001	1.689	0.887	1772751977.542
681	100.000	0.023	100.000	1.230	0.493	1772751977.930
682	100.000	0.001	99.998	1.109	6.121	1772751978.321
683	100.000	-0.013	100.000	1.264	6.070	1772751978.754
684	100.000	0.001	99.998	1.831	0.426	1772751979.102
685	100.000	-0.022	100.000	2.320	0.723	1772751979.475
686	100.000	0.005	100.002	1.975	0.773	1772751979.900
687	100.000	-0.006	100.002	1.451	0.629	1772751980.303
688	100.000	-0.014	99.999	1.106	6.245	1772751980.657
689	100.000	0.014	99.996	1.087	5.955	1772751981.057
690	100.000	0.005	100.003	1.612	0.157	1772751981.434
691	100.000	0.020	99.998	2.256	0.604	1772751981.852
692	100.000	0.006	100.000	2.362	0.844	1772751982.244
693	100.000	-0.000	100.003	1.710	0.654	1772751982.613
694	100.000	-0.007	100.001	1.438	0.215	1772751983.004
695	100.000	-0.002	100.002	1.279	5.991	1772751983.382
696	100.000	-0.017	99.997	1.439	6.118	1772751983.746
697	100.000	-0.016	100.002	1.983	0.472	1772751984.119
698	100.000	-0.009	100.004	2.434	0.751	1772751984.509
699	100.000	-0.017	100.001	1.927	0.866	1772751984.874
700	100.000	0.012	100.003	1.393	0.608	1772751985.245
701	100.000	-0.014	99.999	1.215	6.262	1772751985.649
702	100.000	0.009	99.999	1.299	5.975	1772751986.044
703	100.000	-0.004	99.999	1.628	0.290	1772751986.438
704	100.000	0.023	100.003	2.221	0.661	1772751986.822
705	100.000	-0.002	99.998	2.177	0.858	1772751987.200
706	100.000	-0.007	99.999	1.203	0.692	1772751987.567
707	100.000	-0.006	100.003	0.807	6.236	1772751987.914
708	100.000	-0.003	99.997	1.018	5.679	1772751988.318
709	100.000	0.003	100.002	1.335	5.880	1772751988.700
710	100.000	0.010	100.000	1.688	0.310	1772751989.074
711	100.000	0.004	100.002	2.137	0.771	1772751989.454
712	100.000	0.017	99.999	1.777	0.673	1772751989.816
713	100.000	0.000	99.999	1.099	0.556	1772751990.193
714	100.000	-0.010	99.999	0.848	6.106	1772751990.543
715	100.000	0.002	99.997	1.364	5.909	1772751990.895
716	100.000	-0.017	99.995	1.653	0.001	1772751991.258
717	100.000	-0.002	100.002	1.862	0.347	1772751991.633
718	100.000	-0.013	99.996	1.710	0.738	1772751992.039
719	100.000	-0.002	100.000	1.553	0.733	1772751992.379
720	100.000	0.002	100.002	1.148	0.046	1772751992.773
721	100.000	0.001	99.996	1.265	5.681	1772751993.141
722	100.000	0.016	99.998	1.583	5.868	1772751993.520
723	100.000	0.030	100.000	1.982	0.175	1772751993.893
724	100.000	0.011	100.000	2.044	0.545	1772751994.279
725	100.000	0.018	99.999	1.745	0.886	1772751994.653
726	100.000	0.003	100.001	1.143	0.598	1772751995.027
727	100.000	-0.002	100.004	1.110	0.012	1772751995.381
728	100.000	0.009	100.000	1.335	5.658	1772751995.762
729	100.000	0.007	100.001	1.623	5.941	1772751996.124
730	100.000	0.006	99.996	2.049	0.210	1772751996.505
731	100.000	-0.008	100.000	2.005	0.658	1772751996.895
732	100.000	-0.019	99.999	1.400	0.728	1772751997.262
733	100.000	0.026	100.002	1.248	0.505	1772751997.637
734	100.000	0.013	99.995	1.159	0.011	1772751998.044
735	100.000	0.001	99.998	1.583	6.188	1772751998.400
736	100.000	0.004	99.999	1.995	0.128	1772751998.798
737	100.000	0.007	100.000	2.142	0.528	1772751999.172
738	100.000	-0.013	100.001	1.839	0.784	1772751999.552
739	100.000	0.003	100.000	1.400	0.733	1772751999.899
740	100.000	-0.006	100.002	1.169	0.109	1772752000.274
741	100.000	0.005	100.004	1.392	5.892	1772752000.667
742	100.000	0.008	99.999	1.887	6.153	1772752001.035
743	100.000	-0.004	100.005	2.119	0.184	1772752001.424
744	100.000	-0.005	100.002	2.097	0.658	1772752001.776
745	100.000	-0.015	100.000	1.555	0.867	1772752002.159
746	100.000	-0.004	99.999	0.915	0.421	1772752002.540
747	100.000	-0.004	99.996	0.942	5.987	1772752002.899
748	100.000	0.019	99.998	1.505	5.950	1772752003.278
749	100.000	-0.017	99.999	2.006	6.225	1772752003.637
750	100.000	0.003	100.001	2.005	0.294	1772752004.058
751	100.000	-0.005	100.005	1.613	0.788	1772752004.460
752	100.000	0.012	100.000	1.123	0.885	1772752004.845
753	100.000	0.012	100.000	0.914	0.118	1772752005.210
754	100.000	0.003	99.999	1.244	6.164	1772752005.598
755	100.000	0.012	99.999	1.915	6.180	1772752005.972
756	100.000	0.005	100.001	2.276	0.223	1772752006.347
757	100.000	-0.016	100.000	2.168	0.710	1772752006.734
758	100.000	0.002	99.998	1.475	0.804	1772752007.105
759	100.000	0.003	100.001	1.013	0.536	1772752007.466
760	100.000	-0.009	99.999	1.105	6.101	1772752007.818
761	100.000	-0.004	100.002	1.508	5.759	1772752008.220
762	100.000	0.013	99.999	1.962	6.196	1772752008.620
763	100.000	-0.006	99.998	1.940	0.359	1772752009.032
764	100.000	-0.010	100.000	1.577	0.849	1772752009.391
765	100.000	0.025	100.001	1.336	0.906	1772752009.788
766	100.000	0.010	100.004	1.234	0.331	1772752010.165
767	100.000	-0.030	100.006	1.433	5.834	1772752010.551
768	100.000	0.009	100.002	1.708	5.995	1772752010.906
769	100.000	0.002	100.000	2.019	0.099	1772752011.273
770	100.000	-0.006	100.000	2.035	0.582	1772752011.652
771	100.000	-0.010	99.999	1.542	0.835	1772752012.017
772	100.000	0.011	100.000	1.259	0.459	1772752012.416
773	100.000	0.014	99.999	1.506	6.195	1772752012.782
774	100.000	0.007	100.001	1.553	5.936	1772752013.180
775	100.000	-0.000	99.998	1.656	0.097	1772752013.523
776	100.000	-0.012	99.998	1.995	0.375	1772752013.898
777	100.000	-0.003	99.998	1.926	0.823	1772752014.280
778	100.000	0.002	99.995	1.693	0.930	1772752014.665
779	100.000	-0.009	99.998	1.430	0.569	1772752015.043
780	100.000	0.024	99.998	1.541	6.118	1772752015.406
781	100.000	0.009	100.002	1.788	6.054	1772752015.790
782	100.000	-0.003	100.003	1.975	0.123	1772752016.164
783	100.000	0.018	100.001	1.881	0.467	1772752016.537
784	100.000	0.008	99.999	1.864	0.819	1772752016.890
785	100.000	-0.007	100.000	1.653	0.748	1772752017.273
786	100.000	-0.007	99.998	1.389	0.217	1772752017.677
787	100.000	-0.001	100.006	1.571	6.047	1772752018.040
788	100.000	-0.003	100.004	1.743	6.213	1772752018.435
789	100.000	-0.000	99.998	1.763	0.399	1772752018.795
790	100.000	0.023	99.998	1.648	0.746	1772752019.174
791	100.000	0.011	99.999	1.335	0.929	1772752019.523
792	100.000	-0.011	100.002	1.488	0.698	1772752019.921
793	100.000	-0.026	100.002	1.446	0.012	1772752020.308
794	100.000	0.007	99.998	1.763	6.049	1772752020.690
795	100.000	0.003	99.999	1.640	0.165	1772752021.096
796	100.000	-0.009	99.998	1.591	0.506	1772752021.467
797	100.000	-0.007	100.005	1.424	0.853	1772752021.860
798	100.000	0.013	100.001	1.369	0.720	1772752022.245
799	100.000	0.011	99.999	1.405	0.147	1772752022.614
800	100.000	-0.007	100.002	1.782	6.010	1772752022.990
801	100.000	0.013	100.005	1.840	6.231	1772752023.358
802	100.000	0.007	99.997	1.845	0.409	1772752023.719
803	100.000	0.005	100.003	1.460	0.940	1772752024.094
804	100.000	0.009	100.001	1.197	1.079	1772752024.474
805	100.000	-0.004	100.001	1.253	0.603	1772752024.860
806	100.000	0.008	99.998	1.560	6.148	1772752025.246
807	100.000	0.011	100.003	1.805	6.022	1772752025.625
808	100.000	0.006	100.000	1.929	0.129	1772752025.984
809	100.000	0.013	99.998	1.656	0.753	1772752026.352
810	100.000	0.001	99.998	1.360	1.143	1772752026.766
811	100.000	-0.021	99.999	1.119	0.665	1772752027.196
812	100.000	0.008	100.000	1.508	6.137	1772752027.617
813	100.000	0.022	100.002	1.985	5.968	1772752027.987
814	100.000	-0.007	100.001	2.119	0.009	1772752028.381
815	100.000	0.018	100.000	1.911	0.433	1772752028.720
816	100.000	0.009	99.999	1.369	0.912	1772752029.126
817	100.000	-0.015	100.000	1.041	0.874	1772752029.548
818	100.000	-0.002	99.999	1.156	6.189	1772752029.913
819	100.000	0.018	100.001	1.719	5.863	1772752030.295
820	100.000	-0.004	99.999	1.908	5.913	1772752030.686
821	100.000	-0.001	100.001	1.988	0.206	1772752031.059
822	100.000	-0.012	100.000	1.102	0.751	1772752031.492
823	100.000	0.026	99.998	0.743	1.350	1772752031.871
824	100.000	-0.003	99.999	0.706	0.259	1772752032.229
825	100.000	0.019	99.999	1.272	5.894	1772752032.611
826	100.000	0.014	99.999	1.899	5.962	1772752033.003
827	100.000	-0.017	99.997	2.129	6.243	1772752033.389
828	100.000	0.009	99.999	1.733	0.407	1772752033.763
829	100.000	-0.000	100.002	0.680	0.919	1772752034.130
830	100.000	0.014	100.000	0.266	0.259	1772752034.497
831	100.000	-0.000	99.999	0.908	5.570	1772752034.876
832	100.000	-0.026	100.000	1.551	5.572	1772752035.235
833	100.000	-0.013	100.001	1.732	5.946	1772752035.636
834	100.000	0.003	99.999	1.848	0.186	1772752036.018
835	100.000	0.010	99.999	1.225	0.673	1772752036.400
836	100.000	0.009	99.999	0.628	1.147	1772752036.750
837	100.000	0.025	100.000	0.406	5.934	1772752037.138
838	100.000	-0.001	100.002	1.242	5.777	1772752037.510
839	100.000	-0.002	100.000	1.713	6.047	1772752037.918
840	100.000	-0.003	99.997	1.937	6.230	1772752038.275
841	100.000	0.019	100.000	1.725	0.378	1772752038.647
842	100.000	-0.019	100.002	0.883	0.782	1772752039.038
843	100.000	0.024	100.003	0.407	1.004	1772752039.393
844	100.000	0.007	99.997	0.667	5.642	1772752039.756
845	100.000	-0.025	99.998	1.573	5.477	1772752040.122
846	100.000	0.010	99.998	1.650	5.859	1772752040.550
847	100.000	0.016	100.000	2.010	0.234	1772752040.972
848	100.000	0.004	100.005	1.681	0.653	1772752041.300
849	100.000	0.008	100.002	1.013	0.771	1772752041.684
850	100.000	-0.015	100.002	0.591	0.271	1772752042.083
851	100.000	-0.008	99.999	1.461	5.733	1772752042.468
852	100.000	-0.005	100.001	1.990	5.783	1772752042.817
853	100.000	-0.004	99.997	2.015	6.107	1772752043.191
854	100.000	0.002	100.001	2.006	0.350	1772752043.581
855	100.000	-0.013	100.002	1.129	0.765	1772752043.942
856	100.000	0.003	99.998	0.622	0.743	1772752044.342
857	100.000	-0.000	99.997	0.895	6.148	1772752044.720
858	100.000	-0.016	100.000	1.842	5.606	1772752045.094
859	100.000	0.006	100.002	2.039	5.752	1772752045.459
860	100.000	0.017	100.002	1.984	0.023	1772752045.833
861	100.000	-0.008	99.999	1.778	0.372	1772752046.196
862	100.000	0.009	100.000	1.062	0.561	1772752046.572
863	100.000	-0.015	99.999	0.738	0.235	1772752046.936
864	100.000	-0.005	100.001	1.369	5.731	1772752047.358
865	100.000	-0.002	99.994	2.257	5.820	1772752047.749
866	100.000	-0.002	100.002	2.244	6.210	1772752048.164
867	100.000	0.011	100.002	2.199	0.301	1772752048.551
868	100.000	0.006	99.998	1.583	0.437	1772752048.910
869	100.000	0.010	99.997	0.985	0.457	1772752049.295
870	100.000	0.001	100.000	1.144	5.977	1772752049.683
871	100.000	0.000	99.999	1.890	5.764	1772752050.099
872	100.000	-0.013	99.999	2.333	5.940	1772752050.437
873	100.000	-0.013	100.000	2.306	0.034	1772752050.852
874	100.000	-0.016	100.001	1.906	0.356	1772752051.227
875	100.000	-0.021	100.000	1.361	0.356	1772752051.591
876	100.000	-0.002	100.002	0.903	5.984	1772752051.966
877	100.000	-0.018	99.999	1.487	5.507	1772752052.352
878	100.000	-0.017	100.001	1.972	5.612	1772752052.742
879	100.000	-0.006	100.001	2.339	5.979	1772752053.124
880	100.000	0.007	100.002	2.154	0.239	1772752053.496
881	100.000	-0.005	99.999	1.530	0.468	1772752053.884
882	100.000	-0.017	100.001	0.919	0.192	1772752054.238
883	100.000	-0.002	100.002	1.216	5.865	1772752054.608
884	100.000	-0.015	100.001	1.924	5.624	1772752055.005
885	100.000	0.004	100.003	2.295	5.738	1772752055.361
886	100.000	0.006	100.002	2.247	6.108	1772752055.733
887	100.000	-0.024	99.996	1.780	0.313	1772752056.107
888	100.000	0.013	99.998	1.071	0.576	1772752056.476
889	100.000	0.020	100.001	0.687	6.158	1772752056.869
890	100.000	-0.008	100.002	1.397	5.804	1772752057.268
891	100.000	0.015	100.001	2.220	5.714	1772752057.639
892	100.000	-0.002	100.000	2.338	6.073	1772752058.005
893	100.000	0.016	99.999	2.165	0.056	1772752058.372
894	100.000	0.003	99.997	1.698	0.433	1772752058.747
895	100.000	0.006	100.001	1.244	0.446	1772752059.130
896	100.000	-0.015	99.997	1.284	6.045	1772752059.498
897	100.000	-0.009	99.999	2.038	5.724	1772752059.885
898	100.000	-0.020	99.999	2.305	5.875	1772752060.266
899	100.000	0.015	99.999	2.139	6.211	1772752060.626
900	100.000	0.012	100.002	1.766	0.319	1772752061.009
901	100.000	0.012	99.996	1.111	0.524	1772752061.409
902	100.000	0.024	100.002	1.062	6.176	1772752061.815
903	100.000	0.003	100.002	1.707	5.735	1772752062.180
904	100.000	0.006	100.000	2.251	5.791	1772752062.579
905	100.000	0.015	100.004	2.377	6.080	1772752062.959
906	100.000	0.019	99.999	2.076	0.259	1772752063.293
907	100.000	0.007	100.000	1.596	0.402	1772752063.688
908	100.000	-0.002	100.004	1.018	0.419	1772752064.069
909	100.000	0.011	99.996	1.267	6.082	1772752064.452
910	100.000	0.006	100.002	2.029	5.817	1772752064.832
911	100.000	-0.019	100.005	2.387	6.003	1772752065.180
912	100.000	0.010	99.997	2.153	6.214	1772752065.544
913	100.000	-0.018	99.997	1.553	0.298	1772752065.932
914	100.000	0.000	99.996	1.014	0.606	1772752066.289
915	100.000	0.006	99.998	0.895	0.100	1772752066.688
916	100.000	-0.019	99.999	1.569	5.927	1772752067.066
917	100.000	0.011	100.003	2.187	5.891	1772752067.445
918	100.000	0.018	99.999	2.516	6.194	1772752067.825
919	100.000	-0.005	100.001	2.000	0.196	1772752068.178
920	100.000	-0.009	99.998	1.363	0.429	1772752068.579
921	100.000	0.014	99.993	0.814	0.571	1772752068.969
922	100.000	0.010	100.004	1.222	6.029	1772752069.325
923	100.000	-0.013	99.996	2.111	5.818	1772752069.713
924	100.000	0.003	100.003	2.423	5.961	1772752070.083
925	100.000	-0.008	100.001	2.331	0.075	1772752070.448
926	100.000	-0.016	99.994	1.781	0.445	1772752070.821
927	100.000	-0.009	100.001	1.211	0.602	1772752071.205
928	100.000	0.015	100.002	0.829	6.234	1772752071.594
929	100.000	-0.021	99.998	1.474	5.737	1772752071.977
930	100.000	-0.013	100.000	2.165	5.887	1772752072.329
931	100.000	-0.019	100.002	2.284	6.231	1772752072.712
932	100.000	-0.008	99.998	1.816	0.249	1772752073.071
933	100.000	-0.012	99.998	1.254	0.553	1772752073.440
934	100.000	0.004	100.004	0.598	0.406	1772752073.832
935	100.000	0.009	99.998	0.853	5.914	1772752074.217
936	100.000	-0.002	99.997	1.946	5.613	1772752074.592
937	100.000	0.008	99.996	2.379	5.812	1772752074.947
938	100.000	-0.005	99.998	2.165	6.282	1772752075.342
939	100.000	0.002	99.998	1.498	0.460	1772752075.687
940	100.000	0.013	100.001	0.899	0.668	1772752076.078
941	100.000	-0.011	100.001	0.578	0.324	1772752076.478
942	100.000	0.018	99.998	1.149	5.731	1772752076.891
943	100.000	-0.005	100.006	2.176	5.829	1772752077.252
944	100.000	0.002	99.997	2.124	6.088	1772752077.644
945	100.000	0.015	100.003	1.755	0.185	1772752078.021
946	100.000	0.001	99.998	1.133	0.608	1772752078.401
947	100.000	0.003	100.001	0.602	0.513	1772752078.776
948	100.000	0.006	99.997	0.768	5.825	1772752079.165
949	100.000	0.031	100.000	1.795	5.667	1772752079.566
950	100.000	-0.017	100.002	2.062	5.927	1772752079.954
951	100.000	-0.013	99.995	1.772	0.082	1772752080.337
952	100.000	0.012	100.002	1.250	0.657	1772752080.698
953	100.000	-0.004	99.999	1.004	1.025	1772752081.088
954	100.000	0.005	99.996	0.659	0.511	1772752081.450
955	100.000	0.004	99.997	1.146	5.709	1772752081.841
956	100.000	0.003	99.998	1.988	5.718	1772752082.188
957	100.000	-0.009	100.004	2.160	6.035	1772752082.585
958	100.000	0.012	100.003	1.470	0.089	1772752082.971
959	100.000	-0.032	99.999	0.806	0.494	1772752083.330
960	100.000	0.009	99.999	0.591	0.487	1772752083.685
961	100.000	0.018	99.997	0.904	5.784	1772752084.080
962	100.000	-0.025	99.999	1.800	5.573	1772752084.478
963	100.000	-0.002	100.000	2.055	5.852	1772752084.877
964	100.000	0.027	99.998	1.825	0.133	1772752085.288
965	100.000	0.013	100.001	1.108	0.566	1772752085.648
966	100.000	-0.002	99.995	0.630	0.874	1772752085.999
967	100.000	-0.009	100.000	0.391	0.394	1772752086.384
968	100.000	-0.026	100.000	0.916	5.698	1772752086.782
969	100.000	-0.023	100.005	1.787	5.820	1772752087.139
970	100.000	0.008	100.003	1.948	6.063	1772752087.515
971	100.000	-0.009	100.004	1.623	0.341	1772752087.896
972	100.000	-0.001	100.000	0.940	0.591	1772752088.248
973	100.000	0.005	100.000	0.691	0.304	1772752088.627
974	100.000	0.018	99.998	0.761	6.017	1772752089.030
975	100.000	0.003	100.002	1.591	5.747	1772752089.408
976	100.000	-0.005	99.997	2.098	5.885	1772752089.784
977	100.000	0.022	100.006	1.685	6.273	1772752090.154
978	100.000	-0.006	99.996	1.161	0.670	1772752090.539
979	100.000	-0.012	100.001	0.561	0.846	1772752090.903
980	100.000	-0.010	100.000	0.485	0.234	1772752091.245
981	100.000	-0.022	99.996	1.187	5.751	1772752091.657
982	100.000	-0.005	100.000	2.021	5.857	1772752092.014
983	100.000	-0.030	100.003	2.104	5.944	1772752092.405
984	100.000	0.006	100.000	1.459	0.113	1772752092.764
985	100.000	-0.025	99.997	0.941	0.624	1772752093.134
986	100.000	-0.001	99.999	0.406	5.828	1772752093.513
987	100.000	0.015	100.003	1.033	5.584	1772752093.897
988	100.000	0.016	100.000	1.808	5.728	1772752094.285
989	100.000	0.012	99.997	2.049	5.900	1772752094.728
990	100.000	-0.007	100.000	1.612	6.065	1772752095.135
991	100.000	0.010	100.001	0.932	0.293	1772752095.535
992	100.000	-0.019	100.000	0.363	0.419	1772752095.888
993	100.000	-0.019	100.004	0.770	5.616	1772752096.272
994	100.000	-0.008	99.997	1.445	5.483	1772752096.641
995	100.000	-0.004	99.998	1.928	5.713	1772752097.000
996	100.000	-0.022	100.001	1.662	5.979	1772752097.400
997	100.000	-0.011	100.002	0.963	0.212	1772752097.765
998	100.000	-0.013	99.997	0.412	0.559	1772752098.146
999	100.000	0.005	100.000	0.268	5.473	1772752098.506
1000	100.000	-0.010	100.000	1.007	5.550	1772752098.905
1001	100.000	-0.004	100.002	1.956	5.638	1772752099.269
1002	100.000	-0.027	100.000	2.160	5.843	1772752099.628
1003	100.000	-0.012	100.000	1.489	6.162	1772752100.013
1004	100.000	0.015	99.998	0.656	0.508	1772752100.394
1005	100.000	0.003	100.002	0.190	5.823	1772752100.779
1006	100.000	0.003	100.000	0.751	5.019	1772752101.151
1007	100.000	0.027	100.000	1.437	5.477	1772752101.514
1008	100.000	0.003	100.001	2.169	5.808	1772752101.930
1009	100.000	0.007	100.001	1.912	5.947	1772752102.339
1010	100.000	-0.003	100.003	1.037	0.381	1772752102.706
1011	100.000	0.008	100.000	0.393	0.956	1772752103.099
1012	100.000	0.024	100.003	0.204	4.386	1772752103.503
1013	100.000	-0.006	100.001	1.251	5.129	1772752103.904
1014	100.000	-0.021	99.998	1.802	5.511	1772752104.262
1015	100.000	0.023	99.996	1.946	5.886	1772752104.658
1016	100.000	-0.014	100.004	1.254	0.246	1772752105.010
1017	100.000	-0.018	100.001	0.746	0.923	1772752105.345
1018	100.000	0.016	100.001	0.280	1.696	1772752105.742
1019	100.000	0.002	99.999	0.316	4.866	1772752106.129
1020	100.000	-0.007	99.993	1.563	5.452	1772752106.506
1021	100.000	-0.021	100.001	2.047	5.723	1772752106.859
1022	100.000	-0.028	99.993	1.823	6.106	1772752107.230
1023	100.000	-0.007	99.997	0.874	0.429	1772752107.621
1024	100.000	0.003	99.996	0.314	1.668	1772752107.965
1025	100.000	0.013	100.002	0.237	3.880	1772752108.344
1026	100.000	0.038	99.999	0.936	5.151	1772752108.763
1027	100.000	0.013	100.000	1.879	5.491	1772752109.147
1028	100.000	-0.001	100.001	2.119	5.910	1772752109.541
1029	100.000	-0.011	100.001	1.346	6.265	1772752109.895
1030	100.000	-0.001	99.999	0.650	0.909	1772752110.249
1031	100.000	0.019	100.000	0.429	2.667	1772752110.655
1032	100.000	0.004	100.000	0.434	4.480	1772752111.025
1033	100.000	-0.006	99.998	1.401	5.495	1772752111.424
1034	100.000	0.015	100.000	1.921	5.817	1772752111.770
1035	100.000	-0.010	100.003	1.722	6.041	1772752112.151
1036	100.000	0.006	99.999	0.875	0.270	1772752112.504
1037	100.000	0.003	100.004	0.301	2.450	1772752112.874
1038	100.000	0.009	99.997	0.888	3.656	1772752113.239
1039	100.000	0.011	99.995	0.832	4.873	1772752113.663
1040	100.000	0.020	99.998	1.844	5.504	1772752114.052
1041	100.000	0.014	100.002	2.133	5.855	1772752114.439
1042	100.000	-0.011	100.000	1.272	6.179	1772752114.825
1043	100.000	0.003	100.000	0.581	1.221	1772752115.203
1044	100.000	0.003	99.998	0.625	3.111	1772752115.588
1045	100.000	0.001	99.998	0.660	4.042	1772752115.964
1046	100.000	0.004	100.000	1.264	5.178	1772752116.326
1047	100.000	-0.021	99.994	1.952	5.756	1772752116.707
1048	100.000	0.028	100.000	1.847	6.129	1772752117.061
1049	100.000	-0.009	100.004	1.049	0.531	1772752117.462
1050	100.000	0.009	99.998	0.632	1.738	1772752117.851
1051	100.000	-0.001	100.006	0.522	3.046	1772752118.220
1052	100.000	-0.000	99.996	0.592	3.559	1772752118.612
1053	100.000	-0.009	99.997	0.550	3.760	1772752118.964
1054	100.000	0.001	100.000	0.630	3.796	1772752119.351
1055	100.000	0.016	99.998	0.609	3.942	1772752119.729
1056	100.000	-0.009	99.995	0.603	3.862	1772752120.116
1057	100.000	-0.017	99.999	0.579	3.622	1772752120.486
1058	100.000	0.026	99.996	0.484	3.534	1772752120.874
1059	100.000	0.004	100.001	0.604	3.680	1772752121.245
1060	100.000	-0.007	99.997	0.607	3.805	1772752121.595
1061	100.000	-0.009	100.000	0.576	3.648	1772752121.974
1062	100.000	0.011	100.000	0.693	3.841	1772752122.340
1063	100.000	-0.018	99.996	0.590	3.729	1772752122.742
1064	100.000	-0.017	100.002	0.591	3.676	1772752123.118
1065	100.000	-0.026	99.999	0.585	3.797	1772752123.504
1066	100.000	-0.004	100.003	0.544	3.690	1772752123.857
1067	100.000	0.009	99.998	0.686	3.705	1772752124.221
1068	100.000	0.017	100.000	0.532	3.643	1772752124.613
1069	100.000	-0.002	99.999	0.574	3.834	1772752124.999
1070	100.000	-0.011	100.000	0.629	3.615	1772752125.394
1071	100.000	0.006	99.995	0.523	3.743	1772752125.798
1072	100.000	-0.008	100.000	0.651	3.707	1772752126.152
1073	100.000	0.013	100.001	0.486	3.519	1772752126.544
1074	100.000	-0.004	100.000	0.602	3.791	1772752126.924
1075	100.000	0.003	100.000	0.467	3.734	1772752127.318
1076	100.000	0.009	100.003	0.613	3.603	1772752127.682
1077	100.000	-0.006	100.001	0.703	3.827	1772752128.041
1078	100.000	-0.005	99.998	0.640	3.285	1772752128.446
1079	100.000	0.003	99.999	0.603	3.402	1772752128.824
1080	100.000	-0.004	99.998	0.530	3.605	1772752129.172
1081	100.000	0.032	100.000	0.550	3.633	1772752129.536
1082	100.000	-0.011	100.003	0.647	3.812	1772752129.933
1083	100.000	-0.018	100.005	0.649	3.818	1772752130.297
1084	100.000	0.021	99.999	0.561	3.571	1772752130.663
1085	100.000	0.011	99.999	0.681	3.703	1772752131.045
1086	100.000	-0.001	99.997	0.579	3.809	1772752131.391
1087	100.000	-0.012	99.998	0.656	3.608	1772752131.793
1088	100.000	0.000	100.003	0.493	3.732	1772752132.189
1089	100.000	0.011	99.998	0.656	3.744	1772752132.557
1090	100.000	0.015	99.999	0.630	3.915	1772752132.944
1091	100.000	-0.016	99.998	0.612	3.458	1772752133.327
1092	100.000	-0.010	100.000	0.614	3.603	1772752133.706
1093	100.000	0.018	99.999	0.520	3.748	1772752134.091
1094	100.000	-0.014	100.000	0.507	3.705	1772752134.475
1095	100.000	-0.001	99.999	0.563	3.695	1772752134.859
1096	100.000	-0.003	99.998	0.616	3.677	1772752135.223
1097	100.000	0.001	100.001	0.691	3.626	1772752135.608
1098	100.000	0.000	100.004	0.488	3.892	1772752135.986
1099	100.000	0.005	100.005	0.592	3.841	1772752136.357
1100	100.000	0.013	100.002	0.621	3.601	1772752136.734
1101	100.000	-0.000	100.003	0.647	3.631	1772752137.108
1102	100.000	-0.014	100.002	0.580	3.759	1772752137.484
1103	100.000	0.020	100.001	0.553	3.928	1772752137.833
1104	100.000	0.018	99.999	0.444	3.729	1772752138.214
1105	100.000	-0.010	99.995	0.546	3.784	1772752138.624
1106	100.000	0.009	99.999	0.650	3.579	1772752139.005
1107	100.000	0.026	99.997	0.770	3.957	1772752139.390
1108	100.000	-0.001	100.002	0.551	3.744	1772752139.803
1109	100.000	-0.020	99.997	0.621	3.889	1772752140.179
1110	100.000	0.018	100.000	0.650	3.862	1772752140.554
1111	100.000	0.002	100.004	0.445	3.606	1772752140.919
1112	100.000	-0.003	99.999	0.688	3.672	1772752141.299
1113	100.000	-0.002	99.997	0.642	3.640	1772752141.670
1114	100.000	-0.013	100.002	0.510	3.880	1772752142.047
1115	100.000	0.024	99.996	0.455	3.796	1772752142.423
1116	100.000	-0.027	99.997	0.615	3.996	1772752142.808
1117	100.000	0.004	100.000	0.776	3.644	1772752143.192
1118	100.000	-0.009	99.998	0.664	3.616	1772752143.544
