Frequency Set (GHz)	Frequency Act (GHz)	Amplitude (via StrMod)	Phase (via StrMod)
100.000	99.994	1.341	1.045
100.000	100.000	1.387	1.090
100.000	99.995	1.165	1.283
100.000	99.997	1.293	1.153
100.000	99.998	1.452	1.241
100.000	99.999	1.609	1.184
100.000	100.005	1.415	1.141
100.000	100.000	1.139	1.050
100.000	100.004	1.192	0.947
100.000	100.002	1.116	0.901
100.000	100.004	0.987	0.752
100.000	99.997	1.028	1.010
100.000	99.999	1.212	0.946
100.000	100.000	1.162	0.997
100.000	100.005	1.116	0.811
100.000	99.998	1.046	1.073
100.000	100.000	1.018	1.032
100.000	100.001	1.164	1.302
100.000	100.002	1.190	0.997
100.000	100.002	1.317	1.190
100.000	100.005	0.919	0.594
100.000	100.002	0.987	0.856
100.000	100.002	0.942	1.125
100.000	99.997	1.962	1.075
100.000	99.999	1.142	0.940
100.000	99.997	1.066	0.877
100.000	99.997	1.197	0.944
100.000	100.000	1.164	0.920
100.000	100.002	1.211	0.882
100.000	100.002	1.127	0.720
100.000	100.000	1.268	0.962
100.000	99.999	0.991	0.819
100.000	99.997	1.270	0.805
100.000	99.999	0.880	0.521
100.000	100.003	0.977	0.649
100.000	100.003	1.067	0.878
100.000	100.000	1.083	0.801
100.000	100.000	1.140	0.789
100.000	100.004	1.040	0.811
100.000	99.996	1.140	0.831
100.000	100.004	0.877	0.732
100.000	99.997	1.255	0.902
100.000	100.003	1.297	0.901
100.000	100.003	1.218	0.808
100.000	100.000	1.031	0.998
100.000	99.997	1.122	0.812
100.000	100.004	0.860	0.805
100.000	100.001	0.892	0.595
100.000	100.000	1.322	0.898
100.000	99.999	1.131	0.853
100.000	99.999	0.981	0.947
100.000	99.999	0.932	0.830
100.000	100.000	1.120	0.750
100.000	99.998	1.205	0.913
100.000	100.000	1.157	0.835
100.000	99.998	1.219	0.765
100.000	99.998	1.399	0.868
100.000	100.001	1.208	0.890
100.000	100.000	1.112	0.799
100.000	99.998	1.074	0.780
100.000	100.000	0.902	0.842
100.000	100.004	0.945	0.689
100.000	100.002	0.865	0.688
100.000	100.001	1.053	0.892
100.000	100.001	1.071	0.853
100.000	100.003	0.978	0.649
100.000	99.999	1.040	0.947
100.000	100.001	1.032	0.845
100.000	99.997	1.026	0.900
100.000	100.001	1.189	0.868
100.000	100.000	1.264	0.979
100.000	99.998	0.960	0.752
100.000	100.000	1.250	0.962
100.000	100.004	1.236	0.906
100.000	99.997	1.283	0.929
100.000	100.001	1.100	0.941
100.000	99.999	1.053	0.778
100.000	100.000	1.300	0.962
100.000	100.000	1.050	0.855
100.000	100.000	0.946	0.912
100.000	100.000	1.131	0.844
100.000	100.004	1.252	0.958
100.000	100.003	1.110	0.709
100.000	99.998	1.258	0.923
100.000	99.997	1.193	1.017
100.000	100.001	1.157	1.104
100.000	100.001	1.996	1.294
100.000	100.003	1.181	0.805
100.000	100.003	1.015	0.693
100.000	99.997	1.047	0.816
100.000	100.003	1.454	0.994
100.000	100.004	1.228	0.886
100.000	100.000	1.118	0.798
100.000	100.004	0.997	0.674
100.000	99.999	1.425	1.008
100.000	99.999	1.180	0.879
100.000	99.998	1.081	0.803
100.000	100.000	0.948	0.831
100.000	99.998	1.024	0.838
100.000	100.002	1.488	0.842
100.000	99.999	1.202	0.962
100.000	99.999	1.135	0.846
100.000	100.000	0.909	0.527
100.000	99.998	1.066	0.780
100.000	99.999	1.174	0.798
100.000	100.000	1.023	0.782
100.000	100.000	1.047	0.876
100.000	99.999	0.908	0.582
100.000	100.004	1.145	0.746
100.000	99.999	0.976	0.649
100.000	100.001	0.926	0.762
100.000	99.998	1.061	0.728
100.000	100.000	0.929	0.870
100.000	100.004	1.063	0.695
100.000	100.000	1.142	0.669
100.000	100.001	1.086	0.900
100.000	99.998	1.292	1.108
100.000	100.000	1.125	1.000
100.000	100.000	0.962	0.910
100.000	99.997	1.004	0.915
100.000	99.998	1.073	0.880
100.000	100.000	0.993	0.917
100.000	100.000	1.160	0.883
100.000	100.000	1.129	0.814
100.000	99.998	0.898	0.805
100.000	99.997	1.171	0.884
100.000	100.001	0.686	1.236
100.000	99.998	1.157	2.788
100.000	100.002	1.099	3.043
100.000	100.002	1.593	3.054
100.000	100.001	1.824	3.037
100.000	100.002	1.648	3.477
100.000	100.002	1.668	3.731
100.000	100.002	1.676	3.276
100.000	99.998	2.292	3.505
100.000	99.996	2.633	3.161
100.000	100.000	2.586	3.592
100.000	100.003	2.450	3.202
100.000	100.000	1.773	3.492
100.000	100.001	1.832	3.425
100.000	100.004	2.590	3.599
100.000	100.002	3.201	3.676
100.000	99.999	2.779	3.622
100.000	100.003	2.270	3.676
100.000	100.001	2.254	3.623
100.000	99.999	3.122	3.505
100.000	100.002	2.165	3.342
100.000	100.001	2.455	3.614
100.000	100.000	2.171	3.770
100.000	100.001	2.320	3.503
100.000	99.998	1.544	3.576
100.000	99.997	1.995	3.320
100.000	99.999	2.386	3.539
100.000	100.000	2.839	3.277
100.000	100.003	2.677	3.574
100.000	99.996	2.563	3.576
100.000	100.000	2.872	3.579
100.000	100.000	1.877	3.328
100.000	99.999	1.730	3.655
100.000	100.002	2.456	3.342
100.000	100.001	2.549	3.336
100.000	100.003	2.908	3.223
100.000	99.998	2.051	3.230
100.000	99.999	2.633	3.132
100.000	100.004	2.627	3.047
100.000	100.001	2.223	2.874
100.000	100.007	2.621	2.841
100.000	100.000	2.857	2.869
100.000	99.998	2.708	3.120
100.000	100.001	2.672	3.086
100.000	99.997	2.519	2.765
100.000	100.001	2.637	3.231
100.000	100.005	2.791	3.092
100.000	100.001	2.413	3.130
100.000	100.001	2.852	3.279
100.000	100.000	1.704	3.214
100.000	100.001	2.295	3.207
100.000	100.001	2.692	2.963
100.000	100.001	2.554	2.241
100.000	99.996	2.573	2.286
100.000	100.001	2.500	2.270
100.000	99.993	2.635	2.340
100.000	99.999	2.458	2.276
100.000	100.006	2.510	2.166
100.000	100.002	2.609	2.631
100.000	100.000	2.958	3.176
100.000	100.005	2.877	3.566
100.000	100.000	2.478	2.403
100.000	100.001	2.700	2.793
100.000	100.000	2.867	3.226
100.000	100.000	2.836	3.258
100.000	100.003	2.766	2.162
100.000	99.999	2.696	3.003
100.000	100.002	3.209	3.463
100.000	100.002	3.855	3.118
100.000	100.001	3.509	2.411
100.000	99.999	2.986	3.020
100.000	99.999	2.470	3.376
100.000	100.001	2.943	2.764
100.000	100.004	3.405	2.381
100.000	100.001	2.833	2.978
100.000	99.995	1.620	3.260
100.000	100.003	2.091	2.976
100.000	99.999	2.912	2.680
100.000	99.997	3.488	3.043
100.000	100.001	2.929	3.531
100.000	100.000	2.300	3.451
100.000	100.002	3.108	2.526
100.000	100.002	3.169	3.034
100.000	100.000	2.312	3.500
100.000	99.998	2.336	3.049
100.000	100.000	3.030	2.769
100.000	99.999	3.649	3.254
100.000	99.995	2.542	3.717
100.000	99.998	0.336	0.310
100.000	100.000	2.109	2.898
100.000	100.000	3.186	3.240
100.000	99.999	2.874	3.458
100.000	100.000	1.273	2.896
100.000	100.001	1.783	2.879
100.000	99.998	3.354	3.263
100.000	99.996	2.864	3.390
100.000	100.002	1.909	3.071
100.000	99.999	2.798	2.702
100.000	99.998	3.654	3.180
100.000	99.998	3.075	3.204
100.000	99.998	2.227	3.061
100.000	100.000	3.076	2.653
100.000	100.002	3.230	3.318
100.000	100.001	2.642	3.020
100.000	100.000	2.104	2.750
100.000	99.995	2.455	2.864
100.000	100.008	2.881	3.334
100.000	100.001	2.328	3.172
100.000	100.001	1.757	2.684
100.000	100.002	3.174	3.123
100.000	100.000	2.999	3.317
100.000	99.999	2.343	3.160
100.000	100.000	1.504	2.571
100.000	100.002	3.070	3.177
100.000	100.002	3.334	3.551
100.000	99.997	2.765	3.109
100.000	99.999	2.547	2.565
100.000	100.000	3.712	3.116
100.000	99.999	3.790	3.364
100.000	100.000	2.634	2.838
100.000	99.997	2.523	2.612
100.000	99.996	4.043	3.334
100.000	100.002	3.681	3.465
100.000	99.999	3.041	2.600
100.000	99.998	2.295	2.487
100.000	99.999	4.359	3.357
100.000	100.000	3.394	3.502
100.000	99.999	2.764	2.363
100.000	100.001	1.808	2.429
100.000	99.999	3.352	3.397
100.000	100.000	3.759	3.496
100.000	99.999	2.105	2.902
100.000	100.000	2.141	2.145
100.000	100.000	3.185	3.444
100.000	100.001	3.335	3.713
100.000	99.998	2.164	3.018
100.000	99.996	2.548	2.405
100.000	100.004	3.485	3.439
100.000	100.001	3.834	3.633
100.000	100.000	2.667	2.542
100.000	99.999	2.914	2.388
100.000	99.998	3.753	3.556
100.000	100.001	3.803	3.671
100.000	99.997	2.541	2.728
100.000	100.003	2.499	2.554
100.000	99.998	4.126	3.655
100.000	100.000	4.372	3.572
100.000	99.998	3.499	2.775
100.000	100.001	2.887	2.471
100.000	100.002	3.509	3.703
100.000	99.997	3.040	3.698
100.000	99.997	3.056	2.325
100.000	100.004	2.499	2.683
100.000	100.001	4.074	3.653
100.000	100.001	3.194	3.583
100.000	100.000	2.847	2.416
100.000	100.002	2.889	2.833
100.000	100.001	3.444	3.643
100.000	100.001	2.583	3.638
100.000	100.003	2.899	2.270
100.000	99.995	3.432	2.939
100.000	99.998	4.157	3.455
100.000	99.994	2.229	3.231
100.000	99.998	2.249	2.312
100.000	100.000	3.649	3.302
100.000	99.999	3.608	3.551
100.000	99.999	2.132	2.902
100.000	99.999	2.574	2.362
100.000	99.998	3.765	3.408
100.000	100.001	3.630	3.249
100.000	100.001	3.350	2.396
100.000	100.005	3.107	2.349
100.000	100.001	3.669	3.298
100.000	99.997	2.624	3.334
100.000	100.002	2.509	2.158
100.000	99.993	3.289	2.288
100.000	99.999	3.802	3.203
100.000	99.998	2.142	3.114
100.000	100.006	2.697	2.093
100.000	100.001	3.179	2.669
100.000	100.002	3.995	3.314
100.000	100.001	2.033	3.261
100.000	99.999	2.675	1.969
100.000	99.999	2.710	2.578
100.000	100.000	3.958	3.309
100.000	100.005	1.563	3.227
100.000	99.999	3.111	1.604
100.000	99.998	2.721	2.641
100.000	100.001	4.188	3.330
100.000	99.998	1.405	3.263
100.000	99.999	0.609	0.865
100.000	100.000	1.963	0.520
100.000	100.003	3.068	2.957
100.000	99.999	3.376	3.408
100.000	100.003	0.449	1.757
100.000	99.997	2.322	1.559
100.000	100.002	2.584	3.128
100.000	99.998	3.867	3.436
100.000	100.005	0.823	2.656
100.000	100.000	1.978	1.869
100.000	100.001	3.324	3.275
100.000	100.001	4.123	3.453
100.000	100.001	1.666	2.464
100.000	100.002	1.403	1.857
100.000	100.001	3.489	3.475
100.000	100.000	3.961	2.690
100.000	100.001	4.143	3.432
100.000	100.002	2.341	2.468
100.000	99.998	1.789	2.750
100.000	99.999	4.272	3.498
100.000	100.000	3.630	3.375
100.000	100.005	2.165	2.298
100.000	100.000	2.397	3.048
100.000	100.002	4.715	3.570
100.000	99.995	3.116	3.190
100.000	100.004	2.416	1.925
100.000	99.998	2.391	3.331
100.000	99.999	4.596	3.618
100.000	99.999	3.527	3.241
100.000	100.000	2.398	1.752
100.000	100.002	2.591	3.221
100.000	100.001	3.992	3.779
100.000	99.999	2.811	3.483
100.000	100.000	2.130	1.913
100.000	99.998	3.266	3.308
100.000	100.000	4.272	3.602
100.000	99.996	3.224	3.289
100.000	100.000	2.248	2.178
100.000	100.004	3.548	3.323
100.000	99.998	4.870	3.650
100.000	99.998	3.028	3.338
100.000	100.003	1.887	2.201
100.000	99.999	3.770	3.458
100.000	100.005	4.986	3.786
100.000	100.001	3.296	3.518
100.000	99.998	1.975	2.095
100.000	100.001	3.325	3.079
100.000	99.998	4.649	3.804
100.000	99.997	2.584	3.311
100.000	100.001	2.007	2.216
100.000	99.997	3.399	3.310
100.000	99.998	3.290	3.871
100.000	100.003	1.320	3.155
100.000	100.001	1.412	2.789
100.000	99.999	3.803	3.436
100.000	100.003	3.267	3.764
100.000	100.001	1.582	2.723
100.000	100.004	1.227	2.576
100.000	99.999	3.668	3.287
100.000	100.004	2.830	3.631
100.000	100.000	1.922	2.754
100.000	99.998	1.493	2.901
100.000	100.001	4.104	3.549
100.000	99.997	2.686	3.782
100.000	99.999	1.158	2.941
100.000	99.997	2.609	2.717
100.000	99.998	3.087	3.537
100.000	100.003	3.561	3.529
100.000	100.001	1.250	2.961
100.000	100.003	0.763	2.032
100.000	100.001	3.361	3.664
100.000	100.002	3.068	3.797
100.000	99.996	1.297	3.504
100.000	99.999	0.559	2.000
100.000	100.000	3.501	3.796
100.000	100.002	2.609	4.071
100.000	99.998	1.496	2.419
100.000	100.004	1.134	3.280
100.000	100.000	3.382	3.809
100.000	100.003	2.560	4.116
100.000	100.000	1.877	2.101
100.000	100.000	1.506	3.233
100.000	100.001	3.683	3.779
100.000	100.000	2.192	4.127
100.000	100.001	2.045	2.043
100.000	100.001	1.780	3.120
100.000	100.003	4.044	3.685
100.000	100.001	2.669	4.130
100.000	99.998	1.892	1.733
100.000	100.000	1.386	3.416
100.000	100.002	3.013	3.643
100.000	99.999	2.294	4.135
100.000	99.995	1.214	2.554
100.000	99.998	2.261	3.539
100.000	100.004	3.956	3.669
100.000	99.993	2.620	3.567
100.000	99.997	2.717	3.853
100.000	100.001	1.715	2.385
100.000	100.001	1.699	3.524
100.000	100.001	3.115	3.703
100.000	100.001	2.229	3.608
100.000	99.998	2.112	2.559
100.000	99.999	2.936	3.309
100.000	100.003	3.742	3.612
100.000	99.997	2.716	3.556
100.000	100.002	1.785	2.768
100.000	99.998	2.811	3.746
100.000	100.000	3.278	3.791
100.000	100.001	2.829	3.565
100.000	100.001	2.414	2.710
100.000	99.999	3.533	3.509
100.000	100.001	2.975	3.638
100.000	100.002	2.466	3.743
100.000	99.999	2.527	3.274
100.000	99.995	4.311	3.648
100.000	99.998	3.077	3.713
100.000	100.002	1.590	3.609
100.000	100.000	2.494	3.350
100.000	99.998	4.470	3.583
100.000	99.998	3.212	3.681
100.000	99.999	1.710	3.183
100.000	100.001	2.649	3.237
100.000	99.998	4.508	3.467
100.000	100.000	3.052	3.495
100.000	100.002	1.392	2.804
100.000	100.002	2.418	3.302
100.000	100.002	4.497	3.593
100.000	99.998	1.141	4.188
100.000	100.001	2.444	1.855
100.000	99.999	1.399	2.650
100.000	100.008	1.152	3.567
100.000	99.995	3.287	3.806
100.000	100.001	3.269	3.463
100.000	100.003	2.106	2.934
100.000	100.001	2.097	3.404
100.000	99.999	3.537	3.829
100.000	100.003	2.943	3.396
100.000	100.000	2.473	2.714
100.000	100.003	1.517	3.127
100.000	99.999	3.698	3.973
100.000	99.997	2.414	3.372
100.000	100.002	2.135	2.379
100.000	100.002	1.597	3.601
100.000	99.998	3.017	3.789
100.000	99.999	1.616	3.295
100.000	99.999	2.161	2.316
100.000	99.999	1.611	3.599
100.000	99.999	3.342	3.907
100.000	99.995	2.098	3.574
100.000	99.994	1.816	2.444
100.000	99.998	1.366	3.829
100.000	99.997	2.486	3.974
100.000	99.999	1.725	3.507
100.000	99.999	1.711	2.379
100.000	99.999	1.983	4.018
100.000	100.001	3.125	3.672
100.000	100.005	1.853	3.140
100.000	100.001	1.591	2.287
100.000	99.997	1.953	4.086
100.000	100.000	3.073	3.884
100.000	100.000	1.771	3.304
100.000	100.003	1.388	2.767
100.000	100.001	2.435	4.114
100.000	100.002	3.035	3.920
100.000	100.002	1.816	3.289
100.000	99.999	2.088	3.037
100.000	100.004	2.342	3.834
100.000	100.002	3.716	3.846
100.000	100.002	2.188	3.195
100.000	100.000	1.761	3.057
100.000	100.001	1.920	3.784
100.000	100.001	2.963	3.826
100.000	100.000	2.111	3.003
100.000	99.998	1.691	3.462
100.000	99.998	2.687	4.000
100.000	100.001	3.368	3.877
100.000	99.998	1.909	2.925
100.000	99.998	1.176	3.861
100.000	99.999	2.679	4.176
100.000	100.004	3.213	3.716
100.000	100.001	2.541	2.816
100.000	100.002	1.957	3.736
100.000	100.000	2.935	3.926
100.000	100.004	3.471	3.521
100.000	99.996	2.511	2.537
100.000	100.000	1.263	4.096
100.000	100.003	2.766	4.196
100.000	100.002	3.604	3.691
100.000	100.000	2.381	2.712
100.000	99.997	1.705	3.884
100.000	100.006	3.056	4.164
100.000	99.999	2.413	3.477
100.000	99.998	1.952	2.824
100.000	99.999	1.533	3.984
100.000	99.999	2.729	4.071
100.000	99.996	2.353	3.114
100.000	99.999	1.952	2.834
100.000	100.002	2.370	4.031
100.000	100.002	2.815	4.084
100.000	99.999	2.869	3.199
100.000	100.002	2.453	2.866
100.000	99.996	2.553	3.966
100.000	99.999	3.229	4.110
100.000	100.001	2.596	3.345
100.000	99.998	2.589	2.809
100.000	100.003	3.017	3.675
100.000	99.999	3.003	3.938
100.000	100.002	2.252	3.465
100.000	100.000	3.024	3.095
100.000	99.998	3.550	3.834
100.000	100.003	2.902	3.794
100.000	99.998	2.352	3.089
100.000	100.000	3.312	3.408
100.000	99.997	3.457	3.897
100.000	100.001	2.494	3.887
100.000	100.000	1.845	2.834
100.000	100.001	3.030	3.325
100.000	100.001	3.599	3.871
100.000	100.001	1.823	4.014
100.000	99.997	2.080	3.239
100.000	100.001	3.529	3.503
100.000	99.998	3.696	3.964
100.000	100.004	1.923	3.775
100.000	99.996	1.825	2.537
100.000	100.001	2.494	3.502
100.000	99.997	3.457	3.979
100.000	99.999	2.249	3.904
100.000	100.002	2.068	2.688
100.000	100.000	2.509	3.679
100.000	99.996	3.815	4.070
100.000	100.001	2.684	3.720
100.000	100.005	2.378	2.745
100.000	99.998	2.555	3.674
100.000	100.000	4.083	3.993
100.000	100.000	3.243	3.808
100.000	99.994	2.934	2.796
100.000	100.000	2.507	3.753
100.000	100.002	3.804	4.082
100.000	99.998	2.689	3.636
100.000	99.997	2.855	2.672
100.000	100.000	2.638	3.852
100.000	100.001	4.056	4.096
100.000	100.004	3.187	3.669
100.000	100.003	2.750	2.890
100.000	100.001	2.963	3.943
100.000	100.002	3.875	4.073
100.000	100.001	2.943	3.638
100.000	100.006	2.947	3.125
100.000	100.002	3.277	3.995
100.000	99.999	4.277	3.996
100.000	100.001	3.030	3.654
100.000	100.002	2.938	3.040
100.000	100.002	2.746	3.291
100.000	100.001	3.899	4.069
100.000	100.001	3.782	3.972
100.000	100.001	3.006	2.995
100.000	100.000	2.439	3.272
100.000	100.003	3.418	4.128
100.000	100.000	3.186	3.850
100.000	99.999	2.203	2.849
100.000	100.000	1.986	3.475
100.000	99.999	2.772	4.140
100.000	100.002	2.783	3.936
100.000	100.002	2.863	2.741
100.000	100.001	2.094	3.611
100.000	100.000	2.264	3.984
100.000	100.002	1.650	3.193
100.000	100.002	2.555	2.685
100.000	100.002	2.240	3.579
100.000	99.995	2.451	3.930
100.000	100.003	1.219	3.318
100.000	100.000	2.642	2.717
100.000	99.996	2.350	3.630
100.000	100.001	2.350	3.715
100.000	100.000	2.111	3.966
100.000	100.001	1.218	2.548
100.000	100.003	1.707	2.609
100.000	99.998	2.943	4.005
100.000	99.999	2.402	3.841
100.000	100.003	1.483	2.523
100.000	100.003	2.064	3.052
100.000	100.002	3.318	4.066
100.000	100.001	3.435	3.861
100.000	100.001	1.989	2.558
100.000	99.998	2.230	2.766
100.000	99.998	3.568	3.905
100.000	100.003	2.482	3.421
100.000	99.998	2.789	2.399
100.000	99.996	2.372	2.907
100.000	100.002	3.361	3.871
100.000	100.002	3.119	3.613
100.000	100.000	2.453	2.280
100.000	99.999	1.689	3.135
100.000	100.002	3.607	3.853
100.000	100.003	3.327	3.432
100.000	100.000	2.784	2.314
100.000	99.998	1.749	3.270
100.000	100.003	3.766	3.996
100.000	99.997	2.511	3.559
100.000	100.004	2.691	2.543
100.000	100.001	1.848	3.387
100.000	99.998	4.139	3.914
100.000	100.001	2.732	3.467
100.000	100.002	3.024	2.542
100.000	100.001	1.984	3.618
100.000	100.001	3.952	3.877
100.000	100.002	3.697	3.379
100.000	100.000	3.831	2.572
100.000	99.998	2.129	3.431
100.000	100.000	2.921	3.729
100.000	99.995	2.642	2.838
100.000	100.000	2.702	2.796
100.000	99.999	2.626	3.767
100.000	100.001	3.543	3.734
100.000	100.000	3.167	2.905
100.000	100.001	1.886	3.253
100.000	99.999	3.023	4.053
100.000	100.001	2.911	3.476
100.000	99.998	3.202	2.904
100.000	99.998	2.197	3.381
100.000	99.999	3.061	4.031
100.000	100.003	2.514	3.655
100.000	99.998	3.304	2.963
100.000	100.001	1.916	3.397
100.000	100.002	2.877	3.907
100.000	100.005	2.191	3.562
100.000	99.999	2.407	2.782
100.000	99.999	2.865	2.802
100.000	100.003	1.678	4.034
100.000	100.002	2.261	3.905
100.000	100.005	1.561	2.911
100.000	99.999	3.427	2.484
100.000	100.000	1.960	4.209
100.000	100.001	1.858	4.100
100.000	100.005	1.776	2.620
100.000	100.001	3.244	2.523
100.000	99.997	1.468	2.992
100.000	99.998	2.283	4.273
100.000	99.998	1.209	3.132
100.000	100.000	2.937	2.501
100.000	100.000	0.965	3.274
100.000	100.001	2.760	4.485
100.000	100.002	1.588	3.880
100.000	100.000	2.942	2.522
100.000	99.997	1.116	3.478
100.000	100.000	2.470	4.291
100.000	100.001	1.817	3.371
100.000	99.998	2.899	2.718
100.000	99.997	1.417	3.905
100.000	99.996	2.282	4.382
100.000	100.002	1.166	3.368
100.000	100.000	3.439	2.709
100.000	100.003	1.568	3.880
100.000	99.999	1.592	3.764
100.000	99.999	1.658	2.700
100.000	100.004	3.322	2.763
100.000	99.999	1.955	3.878
100.000	99.999	2.082	4.004
100.000	100.002	1.883	2.781
100.000	99.997	3.550	2.568
100.000	100.000	1.631	3.749
100.000	100.000	1.968	3.852
100.000	99.996	2.245	2.572
100.000	100.000	2.917	2.874
100.000	100.002	1.496	3.730
100.000	99.996	0.839	4.030
100.000	100.001	2.273	2.486
100.000	99.998	1.963	2.826
100.000	100.001	1.567	3.929
100.000	100.000	0.679	3.663
100.000	100.000	2.475	2.791
100.000	100.002	2.161	2.921
100.000	100.000	1.433	3.544
100.000	100.002	0.998	2.096
100.000	100.003	2.482	2.551
100.000	100.000	1.815	2.871
100.000	100.001	1.672	3.843
100.000	99.998	1.253	1.993
100.000	100.000	2.579	2.396
100.000	100.002	0.966	3.493
100.000	100.001	1.467	3.960
100.000	99.998	0.584	2.780
100.000	100.000	2.398	2.648
100.000	100.000	0.456	2.793
100.000	100.001	0.216	3.527
100.000	100.001	1.119	1.846
100.000	99.998	2.606	2.695
100.000	100.002	0.805	3.209
100.000	99.999	0.476	4.174
100.000	100.000	1.892	2.179
100.000	99.999	3.379	2.652
100.000	99.998	1.341	3.982
100.000	99.998	0.650	4.567
100.000	100.002	1.164	1.640
100.000	100.001	2.953	2.493
100.000	99.999	1.034	3.956
100.000	100.000	0.887	4.982
100.000	100.002	0.930	1.209
100.000	99.994	3.011	2.908
100.000	100.002	1.702	4.000
100.000	99.996	1.293	4.699
100.000	100.000	0.652	6.274
100.000	100.006	1.107	1.049
100.000	100.000	1.213	0.960
100.000	99.999	1.360	0.932
100.000	100.000	1.191	1.044
100.000	99.998	1.360	1.092
100.000	99.998	1.535	1.132
100.000	100.003	0.630	0.085
100.000	100.001	1.131	0.988
100.000	100.001	1.572	1.067
100.000	99.996	1.655	1.110
100.000	99.998	1.285	0.924
100.000	100.003	1.322	1.114
100.000	99.999	1.294	0.998
100.000	100.000	1.115	1.019
100.000	100.005	1.346	1.083
100.000	100.002	1.302	1.087
100.000	100.001	1.351	1.036
100.000	100.000	1.423	1.172
100.000	100.002	1.385	1.038
100.000	99.996	1.475	1.029
100.000	99.997	1.236	1.047
100.000	100.003	1.477	1.113
100.000	100.002	1.244	1.061
100.000	100.005	1.534	1.053
100.000	100.003	1.552	1.157
100.000	99.996	1.490	1.036
100.000	99.999	1.457	1.201
100.000	99.995	1.314	1.008
100.000	99.999	1.333	1.008
100.000	100.006	1.365	1.119
100.000	99.999	1.475	1.026
100.000	99.998	1.316	1.040
100.000	99.999	1.396	1.099
100.000	99.999	1.366	1.169
100.000	100.004	1.399	1.052
100.000	100.002	1.379	1.117
100.000	99.999	1.711	1.238
100.000	100.001	1.476	0.980
100.000	100.002	1.516	1.063
100.000	99.999	1.506	1.107
100.000	100.001	1.249	0.957
100.000	100.002	1.331	1.024
100.000	100.002	1.200	0.879
100.000	100.002	1.525	0.982
100.000	100.001	1.504	1.096
100.000	100.002	1.196	0.976
100.000	99.999	1.344	1.035
100.000	100.001	1.385	1.059
100.000	99.999	1.344	0.919
100.000	100.000	1.299	1.052
100.000	99.998	1.601	1.118
100.000	100.006	1.445	1.094
100.000	100.000	1.487	1.023
100.000	100.000	1.320	0.930
100.000	99.999	1.567	1.032
100.000	99.999	1.475	1.087
100.000	99.998	1.404	1.041
100.000	99.996	1.267	1.050
100.000	100.003	1.519	1.139
100.000	99.998	1.306	0.911
100.000	100.003	1.323	1.064
100.000	100.000	1.395	0.991
100.000	100.003	1.262	0.920
100.000	100.000	1.498	1.008
100.000	100.000	1.354	1.001
100.000	99.996	1.255	0.967
100.000	99.999	1.460	1.152
100.000	100.001	1.322	1.034
100.000	99.999	1.435	1.092
100.000	100.000	1.295	0.915
100.000	100.001	1.590	1.152
100.000	100.000	1.300	0.869
100.000	100.000	1.259	1.049
100.000	99.999	1.999	0.200
100.000	100.006	1.094	1.076
100.000	99.997	1.143	1.116
100.000	100.003	1.310	0.989
100.000	100.001	1.283	0.972
100.000	99.995	1.106	1.013
100.000	100.002	1.371	0.984
100.000	100.000	1.292	1.082
100.000	100.000	1.281	1.039
100.000	99.995	1.255	1.041
100.000	100.000	1.399	1.085
100.000	100.005	1.434	1.017
100.000	99.997	1.157	1.160
