Point No.	Frequency Set (GHz)	THz Photocurrent (nA)	Frequency Act (GHz)	Amplitude (via StrMod)	Phase (via StrMod)	Timestamp (s)
1	100.000	0.005	100.002	2.098	1.145	1772746181.674
2	100.000	0.019	100.001	2.012	1.081	1772746182.045
3	100.000	-0.003	100.000	2.051	1.130	1772746182.389
4	100.000	-0.009	99.998	2.004	1.086	1772746182.797
5	100.000	-0.002	100.004	1.932	1.041	1772746183.193
6	100.000	0.005	100.000	2.003	1.086	1772746183.545
7	100.000	0.010	99.997	2.087	1.133	1772746183.937
8	100.000	0.009	100.000	2.053	1.109	1772746184.323
9	100.000	0.013	99.998	2.144	1.141	1772746184.655
10	100.000	0.010	99.999	2.177	1.252	1772746185.055
11	100.000	-0.012	100.004	1.988	1.085	1772746185.403
12	100.000	0.004	100.002	1.976	1.061	1772746185.820
13	100.000	0.012	99.997	2.040	1.138	1772746186.155
14	100.000	-0.018	100.004	2.129	1.179	1772746186.552
15	100.000	-0.012	100.002	2.076	1.139	1772746186.916
16	100.000	0.009	100.003	2.105	1.061	1772746187.273
17	100.000	0.002	100.003	2.086	1.047	1772746187.640
18	100.000	0.019	100.003	2.068	1.111	1772746188.058
19	100.000	0.006	99.999	2.079	1.070	1772746188.434
20	100.000	-0.026	99.999	2.016	1.070	1772746188.814
21	100.000	-0.011	100.002	2.012	1.066	1772746189.169
22	100.000	-0.004	99.998	2.144	1.063	1772746189.549
23	100.000	-0.020	99.998	2.012	1.084	1772746189.904
24	100.000	-0.012	100.002	2.069	1.048	1772746190.293
25	100.000	-0.020	100.004	2.025	1.075	1772746190.681
26	100.000	-0.004	100.003	2.131	1.048	1772746191.065
27	100.000	0.010	100.003	2.024	0.997	1772746191.455
28	100.000	-0.022	99.999	1.946	1.089	1772746191.777
29	100.000	0.021	99.999	2.040	1.069	1772746192.173
30	100.000	0.003	99.997	2.116	1.052	1772746192.545
31	100.000	-0.012	100.001	2.118	1.107	1772746192.929
32	100.000	0.010	100.002	2.138	1.113	1772746193.294
33	100.000	-0.019	99.997	2.185	1.073	1772746193.685
34	100.000	0.010	100.003	2.038	1.055	1772746194.079
35	100.000	0.016	100.003	2.056	1.002	1772746194.419
36	100.000	0.002	99.996	2.170	1.119	1772746194.772
37	100.000	0.011	100.001	2.115	1.078	1772746195.179
38	100.000	-0.004	99.999	1.971	1.067	1772746195.557
39	100.000	0.005	100.002	1.985	1.072	1772746195.931
40	100.000	-0.000	100.000	2.015	1.115	1772746196.315
41	100.000	-0.001	100.003	2.190	1.143	1772746196.676
42	100.000	-0.023	99.999	2.120	1.109	1772746197.025
43	100.000	0.006	100.003	1.937	1.058	1772746197.399
44	100.000	0.012	100.001	2.096	1.129	1772746197.839
45	100.000	-0.019	99.995	2.029	1.121	1772746198.205
46	100.000	-0.003	100.005	2.046	1.121	1772746198.584
47	100.000	-0.017	100.003	2.093	1.072	1772746198.939
48	100.000	-0.023	99.999	1.999	1.089	1772746199.317
49	100.000	0.004	100.003	2.125	1.166	1772746199.698
50	100.000	-0.001	99.996	2.194	1.124	1772746200.076
51	100.000	0.030	99.997	2.054	1.074	1772746200.471
52	100.000	-0.014	100.001	2.120	1.123	1772746200.837
53	100.000	0.006	99.998	2.152	1.180	1772746201.201
54	100.000	-0.019	100.002	2.067	1.166	1772746201.562
55	100.000	-0.004	100.002	2.025	1.095	1772746201.958
56	100.000	0.020	99.999	2.048	1.132	1772746202.350
57	100.000	-0.002	100.001	2.089	1.149	1772746202.725
58	100.000	0.003	99.996	2.116	1.108	1772746203.075
59	100.000	0.012	100.000	2.068	1.077	1772746203.472
60	100.000	-0.009	99.999	1.997	1.116	1772746203.824
61	100.000	-0.024	99.999	1.983	1.150	1772746204.187
62	100.000	-0.012	99.999	2.023	1.059	1772746204.581
63	100.000	0.003	99.994	2.128	1.076	1772746204.957
64	100.000	0.004	100.000	2.038	1.107	1772746205.337
65	100.000	-0.002	100.000	2.199	1.147	1772746205.697
66	100.000	0.001	100.000	2.010	1.080	1772746206.088
67	100.000	-0.006	99.995	2.118	1.078	1772746206.500
68	100.000	0.007	100.001	1.901	1.089	1772746206.884
69	100.000	0.017	100.003	2.148	1.072	1772746207.224
70	100.000	0.005	100.004	2.113	1.081	1772746207.622
71	100.000	-0.000	100.002	1.956	1.066	1772746207.984
72	100.000	0.000	99.999	2.112	1.147	1772746208.342
73	100.000	0.005	100.002	1.996	1.115	1772746208.724
74	100.000	-0.012	99.996	2.048	1.090	1772746209.110
75	100.000	-0.004	100.003	2.079	1.088	1772746209.480
76	100.000	-0.007	99.997	2.100	1.122	1772746209.859
77	100.000	0.006	100.004	2.164	1.169	1772746210.253
78	100.000	0.003	100.001	2.106	1.154	1772746210.617
79	100.000	-0.003	100.001	2.026	1.074	1772746210.997
80	100.000	0.010	100.003	2.147	1.099	1772746211.365
81	100.000	0.021	100.001	1.928	1.149	1772746211.742
82	100.000	0.005	100.003	2.020	1.124	1772746212.107
83	100.000	0.005	100.005	2.112	1.053	1772746212.474
84	100.000	0.015	99.998	1.966	1.033	1772746212.863
85	100.000	-0.005	100.004	1.993	1.037	1772746213.222
86	100.000	0.009	99.999	1.952	1.068	1772746213.599
87	100.000	-0.000	100.000	2.105	1.090	1772746214.005
88	100.000	-0.026	99.999	2.084	1.092	1772746214.408
89	100.000	0.006	100.000	2.063	1.097	1772746214.805
90	100.000	-0.013	100.000	2.134	1.086	1772746215.206
91	100.000	0.012	99.998	2.136	1.086	1772746215.618
92	100.000	0.005	100.001	2.088	1.049	1772746215.982
93	100.000	0.004	100.001	2.006	1.019	1772746216.356
94	100.000	-0.001	100.000	1.990	0.991	1772746216.724
95	100.000	-0.010	99.997	1.947	0.977	1772746217.108
96	100.000	-0.000	100.003	2.075	1.017	1772746217.477
97	100.000	0.003	99.999	2.139	1.068	1772746217.859
98	100.000	0.012	99.999	2.173	1.076	1772746218.235
99	100.000	0.003	100.000	2.119	1.088	1772746218.599
100	100.000	-0.003	100.002	2.043	1.051	1772746218.951
101	100.000	-0.012	99.998	2.089	0.984	1772746219.359
102	100.000	-0.000	100.003	2.122	1.050	1772746219.753
103	100.000	0.001	99.998	2.185	1.071	1772746220.095
104	100.000	-0.011	100.003	2.021	1.029	1772746220.508
105	100.000	0.003	100.001	2.078	1.076	1772746220.873
106	100.000	0.004	100.001	2.146	1.044	1772746221.228
107	100.000	-0.004	99.997	2.088	1.072	1772746221.605
108	100.000	-0.002	100.001	2.117	1.093	1772746221.999
109	100.000	-0.005	99.997	2.098	1.097	1772746222.376
110	100.000	0.002	100.001	2.056	1.099	1772746222.723
111	100.000	-0.017	99.998	2.292	1.152	1772746223.105
112	100.000	0.010	99.997	2.010	1.048	1772746223.491
113	100.000	0.009	100.003	2.159	1.097	1772746223.843
114	100.000	-0.003	100.000	2.126	1.085	1772746224.228
115	100.000	-0.005	100.002	1.982	1.098	1772746224.605
116	100.000	-0.001	99.997	2.163	1.073	1772746224.984
117	100.000	-0.001	100.000	1.861	1.064	1772746225.360
118	100.000	-0.013	99.999	2.132	1.071	1772746225.739
119	100.000	-0.002	99.998	2.018	1.030	1772746226.123
120	100.000	0.002	99.997	2.198	1.040	1772746226.493
121	100.000	-0.011	100.002	2.061	1.080	1772746226.851
122	100.000	-0.010	100.000	2.047	1.015	1772746227.245
123	100.000	-0.004	100.003	2.007	1.078	1772746227.628
124	100.000	0.005	100.000	2.095	1.039	1772746227.980
125	100.000	0.002	99.997	2.121	1.034	1772746228.345
126	100.000	-0.009	100.000	1.975	1.032	1772746228.721
127	100.000	-0.005	100.001	1.912	1.071	1772746229.107
128	100.000	-0.009	100.002	1.994	1.069	1772746229.468
129	100.000	0.010	99.999	1.950	1.049	1772746229.881
130	100.000	0.010	100.003	1.947	0.992	1772746230.269
131	100.000	-0.007	100.000	2.023	1.064	1772746230.617
132	100.000	-0.010	99.998	1.889	1.079	1772746230.975
133	100.000	0.002	100.000	2.010	1.055	1772746231.360
134	100.000	0.008	99.997	2.009	1.030	1772746231.768
135	100.000	0.013	99.999	1.946	0.999	1772746232.151
136	100.000	-0.000	100.006	2.139	1.070	1772746232.542
137	100.000	0.009	100.004	1.986	1.050	1772746232.929
138	100.000	0.027	100.001	2.097	1.052	1772746233.279
139	100.000	0.018	100.002	2.115	1.119	1772746233.654
140	100.000	0.029	100.002	1.943	1.033	1772746234.061
141	100.000	-0.003	99.997	2.092	1.072	1772746234.436
142	100.000	0.013	100.000	2.089	1.108	1772746234.803
143	100.000	0.019	100.002	2.065	1.071	1772746235.181
144	100.000	-0.013	100.002	2.053	1.105	1772746235.547
145	100.000	-0.003	100.000	2.151	1.141	1772746235.911
146	100.000	0.024	100.004	2.072	1.076	1772746236.330
147	100.000	0.031	99.998	2.093	1.133	1772746236.725
148	100.000	-0.010	99.999	2.072	1.125	1772746237.100
149	100.000	-0.003	99.999	2.140	1.128	1772746237.473
150	100.000	0.023	99.996	2.137	1.095	1772746237.848
151	100.000	0.014	99.999	2.138	1.072	1772746238.246
152	100.000	-0.016	99.998	2.162	1.153	1772746238.626
153	100.000	0.008	100.003	2.054	1.051	1772746238.998
154	100.000	-0.004	100.002	1.968	1.129	1772746239.360
155	100.000	0.004	99.998	1.874	1.117	1772746239.733
156	100.000	0.009	100.002	2.108	1.089	1772746240.111
157	100.000	-0.016	100.003	2.237	1.170	1772746240.485
158	100.000	0.002	99.997	2.075	1.147	1772746240.864
159	100.000	-0.004	100.003	2.052	1.140	1772746241.238
160	100.000	0.016	100.002	2.122	1.114	1772746241.593
161	100.000	0.011	100.001	2.013	1.090	1772746241.972
162	100.000	0.017	100.001	2.041	1.021	1772746242.330
163	100.000	0.016	100.001	2.013	1.053	1772746242.705
164	100.000	0.002	99.998	1.971	1.059	1772746243.135
165	100.000	-0.031	100.003	2.120	1.154	1772746243.473
166	100.000	0.002	100.000	2.068	1.095	1772746243.864
167	100.000	0.012	100.003	2.065	1.083	1772746244.242
168	100.000	0.018	100.001	2.012	1.049	1772746244.616
169	100.000	0.002	100.002	1.993	1.067	1772746244.971
170	100.000	0.011	99.999	2.021	1.070	1772746245.347
171	100.000	-0.011	100.004	1.964	1.094	1772746245.756
172	100.000	-0.005	100.004	2.137	1.127	1772746246.128
173	100.000	0.007	99.999	2.118	1.068	1772746246.507
174	100.000	0.001	100.003	2.040	1.076	1772746246.894
175	100.000	-0.004	99.999	1.969	1.116	1772746247.292
176	100.000	0.029	99.999	2.095	1.083	1772746247.694
177	100.000	-0.018	100.000	2.153	1.088	1772746248.042
178	100.000	-0.005	100.000	1.995	1.062	1772746248.430
179	100.000	-0.009	99.998	1.991	1.063	1772746248.804
180	100.000	-0.003	99.998	2.032	1.065	1772746249.157
181	100.000	-0.010	100.003	2.000	1.030	1772746249.534
182	100.000	0.001	100.002	2.048	1.060	1772746249.915
183	100.000	0.018	99.997	3.179	1.145	1772746250.295
184	100.000	0.003	100.002	3.988	1.102	1772746250.664
185	100.000	0.021	100.000	4.543	1.394	1772746251.050
186	100.000	-0.018	99.998	4.740	1.215	1772746251.415
187	100.000	0.010	100.002	3.234	0.991	1772746251.781
188	100.000	-0.006	100.000	2.127	1.014	1772746252.174
189	100.000	0.002	99.999	2.666	1.186	1772746252.539
190	100.000	0.006	100.002	3.794	1.186	1772746252.960
191	100.000	0.001	99.997	3.869	1.291	1772746253.369
192	100.000	-0.042	100.003	4.718	1.275	1772746253.723
193	100.000	0.004	100.000	4.257	1.001	1772746254.125
194	100.000	-0.007	100.002	2.805	0.902	1772746254.484
195	100.000	0.024	100.000	2.329	0.981	1772746254.874
196	100.000	0.005	99.999	2.929	1.242	1772746255.227
197	100.000	-0.005	99.998	3.936	1.359	1772746255.612
198	100.000	0.019	100.003	4.059	1.420	1772746255.979
199	100.000	0.002	99.996	4.669	1.239	1772746256.344
200	100.000	0.005	99.998	3.693	0.860	1772746256.770
201	100.000	0.006	100.002	2.742	0.939	1772746257.166
202	100.000	-0.001	100.003	3.648	1.214	1772746257.542
203	100.000	0.000	100.000	4.360	1.308	1772746257.904
204	100.000	0.013	100.000	4.462	1.322	1772746258.263
205	100.000	-0.006	100.000	4.110	1.197	1772746258.670
206	100.000	0.001	100.000	3.894	0.942	1772746259.031
207	100.000	0.003	100.000	2.986	0.739	1772746259.400
208	100.000	-0.011	100.002	3.109	0.923	1772746259.795
209	100.000	-0.004	100.002	4.313	1.079	1772746260.169
210	100.000	0.006	99.999	4.655	1.101	1772746260.543
211	100.000	-0.005	99.998	3.680	1.198	1772746260.944
212	100.000	0.013	99.997	2.983	1.022	1772746261.320
213	100.000	0.029	99.997	2.707	0.785	1772746261.712
214	100.000	-0.012	99.998	2.471	0.842	1772746262.081
215	100.000	-0.011	100.004	3.595	1.111	1772746262.439
216	100.000	-0.002	99.993	4.590	1.255	1772746262.848
217	100.000	-0.001	100.004	4.544	1.309	1772746263.216
218	100.000	-0.020	100.001	3.746	1.282	1772746263.586
219	100.000	0.010	100.000	3.180	1.048	1772746263.963
220	100.000	0.000	100.002	2.774	0.809	1772746264.351
221	100.000	-0.005	99.998	2.784	0.842	1772746264.696
222	100.000	0.018	100.002	4.020	1.153	1772746265.107
223	100.000	-0.020	99.999	4.592	1.289	1772746265.524
224	100.000	0.018	100.000	3.966	1.462	1772746265.912
225	100.000	0.008	99.997	2.875	1.260	1772746266.350
226	100.000	0.010	100.004	2.070	1.059	1772746266.725
227	100.000	-0.006	100.001	2.685	1.207	1772746267.119
228	100.000	0.013	100.000	4.519	1.267	1772746267.502
229	100.000	0.007	99.999	5.265	1.307	1772746267.905
230	100.000	-0.014	99.997	4.413	1.371	1772746268.258
231	100.000	-0.006	100.000	3.261	1.198	1772746268.659
232	100.000	0.031	100.003	2.251	1.045	1772746269.022
233	100.000	0.011	100.002	2.122	1.000	1772746269.418
234	100.000	-0.002	99.998	3.487	1.374	1772746269.848
235	100.000	0.006	100.004	4.884	1.347	1772746270.228
236	100.000	-0.015	100.003	4.765	1.320	1772746270.594
237	100.000	-0.009	99.997	3.623	1.178	1772746270.977
238	100.000	-0.014	100.001	2.651	1.040	1772746271.323
239	100.000	-0.002	100.000	1.767	0.946	1772746271.705
240	100.000	-0.008	100.003	2.432	1.249	1772746272.101
241	100.000	0.007	100.000	4.491	1.399	1772746272.469
242	100.000	-0.003	100.002	5.242	1.307	1772746272.843
243	100.000	0.014	100.000	4.411	1.142	1772746273.210
244	100.000	-0.012	99.995	4.142	1.031	1772746273.604
245	100.000	0.002	100.000	3.225	0.840	1772746274.038
246	100.000	0.011	99.999	2.657	0.952	1772746274.385
247	100.000	0.017	99.999	4.213	1.275	1772746274.767
248	100.000	-0.003	100.002	5.417	1.303	1772746275.149
249	100.000	0.013	99.999	5.094	1.194	1772746275.514
250	100.000	-0.014	100.001	3.995	1.064	1772746275.867
251	100.000	-0.004	100.003	3.541	1.014	1772746276.268
252	100.000	-0.017	100.000	2.767	0.828	1772746276.649
253	100.000	0.011	99.999	2.969	1.118	1772746277.017
254	100.000	-0.005	99.999	4.101	1.305	1772746277.401
255	100.000	-0.016	99.997	4.879	1.284	1772746277.781
256	100.000	0.018	100.001	4.356	1.075	1772746278.187
257	100.000	0.009	99.999	3.330	0.857	1772746278.568
258	100.000	-0.019	99.997	2.831	0.811	1772746278.940
259	100.000	-0.019	100.002	2.571	0.937	1772746279.320
260	100.000	-0.017	99.995	3.542	1.220	1772746279.677
261	100.000	-0.014	100.003	4.613	1.321	1772746280.062
262	100.000	-0.008	99.999	4.687	1.224	1772746280.406
263	100.000	-0.006	99.995	3.428	1.032	1772746280.807
264	100.000	-0.002	99.998	2.672	0.901	1772746281.144
265	100.000	0.001	99.999	2.565	0.922	1772746281.554
266	100.000	-0.005	100.000	2.964	1.199	1772746281.936
267	100.000	0.012	99.997	4.084	1.350	1772746282.316
268	100.000	-0.009	100.001	4.576	1.346	1772746282.674
269	100.000	0.002	99.998	4.210	1.143	1772746283.022
270	100.000	0.012	100.000	3.502	0.765	1772746283.435
271	100.000	0.003	100.004	2.673	0.625	1772746283.811
272	100.000	0.002	100.002	2.751	1.016	1772746284.172
273	100.000	0.010	100.003	3.780	1.340	1772746284.556
274	100.000	0.009	100.001	4.652	1.453	1772746284.946
275	100.000	-0.008	100.000	4.873	1.463	1772746285.306
276	100.000	-0.002	100.000	4.097	1.079	1772746285.691
277	100.000	-0.011	100.003	3.310	0.704	1772746286.068
278	100.000	0.030	99.998	2.605	0.598	1772746286.419
279	100.000	0.008	99.998	3.407	1.122	1772746286.792
280	100.000	-0.019	99.998	4.989	1.309	1772746287.180
281	100.000	0.000	100.000	5.536	1.394	1772746287.548
282	100.000	-0.004	100.001	5.575	1.306	1772746287.902
283	100.000	0.001	99.998	4.208	0.842	1772746288.288
284	100.000	-0.010	100.002	3.023	0.500	1772746288.665
285	100.000	-0.003	100.004	2.668	0.718	1772746289.042
286	100.000	-0.021	99.998	3.578	1.189	1772746289.435
287	100.000	0.003	99.999	5.023	1.355	1772746289.831
288	100.000	-0.000	100.000	4.955	1.405	1772746290.257
289	100.000	-0.046	100.000	4.384	1.124	1772746290.629
290	100.000	-0.021	100.001	3.478	0.742	1772746290.999
291	100.000	-0.009	100.002	2.752	0.673	1772746291.380
292	100.000	-0.028	99.998	3.270	1.093	1772746291.740
293	100.000	0.022	100.000	4.946	1.327	1772746292.140
294	100.000	0.015	100.000	5.641	1.386	1772746292.516
295	100.000	-0.009	100.000	5.352	1.351	1772746292.868
296	100.000	-0.009	100.002	4.506	0.932	1772746293.243
297	100.000	0.016	100.001	3.017	0.513	1772746293.618
298	100.000	-0.000	99.995	2.679	0.817	1772746294.014
299	100.000	0.001	99.999	3.951	1.267	1772746294.385
300	100.000	0.002	100.002	5.528	1.408	1772746294.800
301	100.000	0.016	99.999	5.175	1.303	1772746295.205
302	100.000	-0.014	100.001	4.402	1.105	1772746295.562
303	100.000	-0.009	100.000	3.059	0.709	1772746295.964
304	100.000	-0.001	100.001	2.212	0.653	1772746296.333
305	100.000	0.007	99.995	3.264	1.107	1772746296.704
306	100.000	-0.001	99.999	5.058	1.352	1772746297.085
307	100.000	0.016	99.997	5.310	1.516	1772746297.459
308	100.000	0.010	99.999	4.795	1.355	1772746297.823
309	100.000	0.036	99.999	3.967	0.955	1772746298.198
310	100.000	-0.013	100.003	2.890	0.553	1772746298.596
311	100.000	0.007	100.001	2.767	0.792	1772746298.958
312	100.000	0.011	100.000	4.201	1.386	1772746299.326
313	100.000	-0.018	100.000	6.128	1.538	1772746299.702
314	100.000	0.001	100.002	5.963	1.403	1772746300.091
315	100.000	-0.007	100.003	4.853	1.191	1772746300.446
316	100.000	0.005	100.000	3.574	0.729	1772746300.816
317	100.000	-0.006	100.001	2.919	0.579	1772746301.205
318	100.000	0.008	99.995	3.362	0.975	1772746301.590
319	100.000	-0.002	100.001	5.403	1.421	1772746301.965
320	100.000	0.020	100.000	6.599	1.468	1772746302.330
321	100.000	0.002	100.001	5.956	1.378	1772746302.719
322	100.000	0.022	100.006	4.543	1.003	1772746303.080
323	100.000	0.006	100.004	3.181	0.550	1772746303.452
324	100.000	0.015	99.999	2.200	0.596	1772746303.840
325	100.000	-0.008	99.999	3.420	1.311	1772746304.206
326	100.000	0.001	99.997	5.664	1.568	1772746304.596
327	100.000	0.025	100.000	6.166	1.573	1772746304.954
328	100.000	0.003	100.002	5.613	1.263	1772746305.319
329	100.000	-0.015	99.998	4.666	0.865	1772746305.683
330	100.000	0.005	99.999	3.547	0.654	1772746306.065
331	100.000	-0.010	99.998	3.038	0.853	1772746306.465
332	100.000	-0.007	100.002	4.287	1.445	1772746306.844
333	100.000	-0.003	100.000	5.585	1.497	1772746307.206
334	100.000	-0.022	100.000	5.163	1.437	1772746307.591
335	100.000	0.011	99.996	4.248	1.058	1772746307.934
336	100.000	0.030	100.003	3.689	0.519	1772746308.315
337	100.000	-0.010	100.000	3.179	0.437	1772746308.708
338	100.000	-0.010	100.000	3.516	0.987	1772746309.084
339	100.000	0.017	100.000	4.976	1.469	1772746309.464
340	100.000	0.003	100.001	5.599	1.549	1772746309.854
341	100.000	0.026	99.998	4.928	1.387	1772746310.216
342	100.000	0.021	99.998	3.602	0.842	1772746310.562
343	100.000	0.005	100.004	3.133	0.421	1772746310.941
344	100.000	-0.014	100.000	3.206	0.634	1772746311.355
345	100.000	0.001	100.000	3.996	1.099	1772746311.715
346	100.000	-0.000	99.999	4.532	1.284	1772746312.085
347	100.000	0.006	100.000	4.252	1.375	1772746312.452
348	100.000	0.005	99.999	3.505	1.046	1772746312.827
349	100.000	0.003	100.000	3.199	0.553	1772746313.187
350	100.000	0.012	99.999	3.151	0.482	1772746313.594
351	100.000	0.005	100.004	3.890	0.909	1772746313.996
352	100.000	-0.001	100.000	4.771	1.351	1772746314.414
353	100.000	-0.005	99.998	4.335	1.409	1772746314.765
354	100.000	0.011	100.000	3.727	1.311	1772746315.162
355	100.000	-0.009	100.001	3.046	0.849	1772746315.541
356	100.000	-0.006	99.995	2.684	0.504	1772746315.960
357	100.000	0.000	100.000	3.450	0.826	1772746316.314
358	100.000	-0.024	100.004	4.512	1.152	1772746316.703
359	100.000	0.022	99.999	4.595	1.326	1772746317.065
360	100.000	0.009	99.999	3.617	1.281	1772746317.454
361	100.000	0.007	99.999	3.287	1.027	1772746317.829
362	100.000	0.016	100.000	2.733	0.654	1772746318.230
363	100.000	-0.019	100.004	2.751	0.712	1772746318.653
364	100.000	0.019	100.001	4.045	1.220	1772746319.031
365	100.000	0.003	99.997	5.201	1.366	1772746319.398
366	100.000	0.018	99.997	4.527	1.275	1772746319.785
367	100.000	-0.008	100.000	3.626	0.957	1772746320.147
368	100.000	0.014	100.000	3.279	0.616	1772746320.508
369	100.000	0.002	99.999	3.078	0.463	1772746320.872
370	100.000	0.032	100.000	3.624	0.891	1772746321.268
371	100.000	-0.012	100.000	4.788	1.170	1772746321.655
372	100.000	-0.003	100.004	4.949	1.307	1772746322.002
373	100.000	-0.003	99.998	3.710	1.428	1772746322.399
374	100.000	-0.020	100.001	2.644	1.170	1772746322.780
375	100.000	0.017	100.003	2.538	0.696	1772746323.128
376	100.000	0.010	99.996	2.859	0.671	1772746323.514
377	100.000	0.016	99.998	4.294	0.959	1772746323.887
378	100.000	0.024	99.999	5.174	1.129	1772746324.267
379	100.000	0.026	100.000	4.000	1.230	1772746324.631
380	100.000	-0.018	100.003	2.760	1.148	1772746325.029
381	100.000	0.006	100.000	2.688	0.759	1772746325.397
382	100.000	-0.002	100.001	2.871	0.525	1772746325.760
383	100.000	-0.006	99.999	3.469	0.778	1772746326.152
384	100.000	-0.028	99.997	5.055	1.053	1772746326.551
385	100.000	0.003	100.000	4.967	1.175	1772746326.935
386	100.000	0.021	100.002	3.368	1.095	1772746327.306
387	100.000	-0.025	100.001	2.508	0.684	1772746327.655
388	100.000	-0.001	100.001	2.621	0.246	1772746328.064
389	100.000	-0.016	99.997	2.730	0.428	1772746328.459
390	100.000	0.010	99.999	4.051	0.913	1772746328.848
391	100.000	0.027	100.000	5.082	1.154	1772746329.208
392	100.000	-0.021	100.001	4.400	1.175	1772746329.589
393	100.000	-0.012	100.000	2.877	0.818	1772746329.965
394	100.000	0.038	100.000	2.048	0.205	1772746330.346
395	100.000	-0.007	99.995	2.426	0.150	1772746330.721
396	100.000	-0.002	100.002	3.622	0.777	1772746331.111
397	100.000	-0.000	99.996	5.230	1.074	1772746331.466
398	100.000	-0.005	100.001	5.162	1.182	1772746331.856
399	100.000	0.026	100.002	3.408	1.155	1772746332.246
400	100.000	0.012	99.998	1.928	0.835	1772746332.629
401	100.000	-0.002	100.002	2.111	0.345	1772746332.996
402	100.000	-0.002	99.999	2.493	0.383	1772746333.371
403	100.000	0.004	99.999	3.784	0.948	1772746333.732
404	100.000	0.022	99.999	4.947	1.213	1772746334.145
405	100.000	-0.017	100.001	3.935	1.134	1772746334.555
406	100.000	-0.006	100.001	1.857	0.823	1772746334.932
407	100.000	0.017	99.995	1.382	0.477	1772746335.327
408	100.000	-0.026	99.997	2.093	0.468	1772746335.732
409	100.000	-0.002	100.003	3.142	0.953	1772746336.116
410	100.000	0.004	99.999	4.933	1.134	1772746336.485
411	100.000	0.004	100.007	4.699	1.157	1772746336.866
412	100.000	0.011	99.996	3.001	0.922	1772746337.222
413	100.000	-0.001	100.002	1.179	0.376	1772746337.623
414	100.000	-0.013	100.001	1.348	0.471	1772746337.991
415	100.000	0.013	99.999	2.369	0.816	1772746338.396
416	100.000	-0.015	100.003	4.600	1.222	1772746338.815
417	100.000	-0.016	99.998	5.517	1.267	1772746339.247
418	100.000	0.007	100.002	4.140	1.107	1772746339.602
419	100.000	0.016	100.001	2.543	0.606	1772746339.986
420	100.000	0.003	99.998	1.541	0.299	1772746340.386
421	100.000	-0.016	100.000	2.438	0.841	1772746340.821
422	100.000	0.008	100.000	4.673	1.133	1772746341.166
423	100.000	0.006	99.998	5.840	1.268	1772746341.563
424	100.000	0.014	99.998	5.247	1.405	1772746341.925
425	100.000	0.012	100.007	3.795	0.999	1772746342.294
426	100.000	0.014	100.000	2.442	0.538	1772746342.693
427	100.000	0.007	100.001	2.160	0.852	1772746343.072
428	100.000	0.000	100.003	4.014	1.138	1772746343.479
429	100.000	-0.002	100.004	5.761	1.331	1772746343.827
430	100.000	0.014	99.998	5.214	1.412	1772746344.164
431	100.000	0.020	100.000	3.982	1.235	1772746344.548
432	100.000	0.009	100.001	2.958	0.652	1772746344.924
433	100.000	-0.004	100.001	2.473	0.367	1772746345.309
434	100.000	-0.001	99.997	2.785	0.968	1772746345.676
435	100.000	0.014	100.004	4.745	1.349	1772746346.055
436	100.000	-0.003	99.999	6.346	1.420	1772746346.404
437	100.000	-0.004	100.001	5.489	1.361	1772746346.794
438	100.000	-0.016	99.999	4.107	1.111	1772746347.150
439	100.000	-0.013	99.999	2.763	0.404	1772746347.571
440	100.000	-0.009	99.998	2.390	0.540	1772746347.937
441	100.000	0.019	100.003	3.740	1.127	1772746348.311
442	100.000	-0.038	99.998	5.702	1.387	1772746348.674
443	100.000	-0.006	99.992	6.193	1.532	1772746349.073
444	100.000	0.006	99.994	5.010	1.456	1772746349.427
445	100.000	-0.005	99.999	3.346	0.879	1772746349.797
446	100.000	-0.003	100.002	2.606	0.226	1772746350.178
447	100.000	0.006	100.001	2.476	0.772	1772746350.554
448	100.000	-0.013	99.999	4.303	1.218	1772746350.917
449	100.000	-0.010	100.001	5.675	1.404	1772746351.300
450	100.000	0.009	100.000	5.491	1.625	1772746351.689
451	100.000	-0.011	99.998	4.223	1.441	1772746352.038
452	100.000	-0.012	100.004	2.901	0.762	1772746352.436
453	100.000	-0.028	100.001	2.312	0.394	1772746352.813
454	100.000	0.011	100.005	3.282	1.092	1772746353.183
455	100.000	-0.019	100.000	5.174	1.397	1772746353.545
456	100.000	-0.018	100.001	5.689	1.530	1772746353.939
457	100.000	-0.005	99.996	4.854	1.590	1772746354.301
458	100.000	0.004	100.001	3.605	1.374	1772746354.673
459	100.000	0.024	99.997	2.647	0.766	1772746355.039
460	100.000	-0.006	100.004	2.821	0.907	1772746355.424
461	100.000	-0.010	99.999	4.354	1.338	1772746355.804
462	100.000	0.006	99.999	6.070	1.530	1772746356.178
463	100.000	0.007	100.000	5.909	1.663	1772746356.557
464	100.000	0.008	100.000	4.549	1.501	1772746356.939
465	100.000	-0.020	100.000	2.883	0.954	1772746357.296
466	100.000	-0.013	100.000	2.307	0.551	1772746357.655
467	100.000	-0.026	100.004	2.879	1.228	1772746358.058
468	100.000	0.021	100.000	4.794	1.539	1772746358.439
469	100.000	0.006	100.000	6.017	1.632	1772746358.804
470	100.000	-0.006	100.000	5.537	1.666	1772746359.168
471	100.000	0.006	100.000	4.098	1.498	1772746359.562
472	100.000	0.026	99.998	2.801	0.901	1772746359.934
473	100.000	0.010	99.998	2.773	0.868	1772746360.281
474	100.000	0.011	100.001	4.403	1.217	1772746360.703
475	100.000	-0.009	100.006	5.625	1.406	1772746361.116
476	100.000	-0.008	100.001	5.523	1.542	1772746361.485
477	100.000	-0.003	100.002	4.132	1.536	1772746361.852
478	100.000	0.011	100.005	2.807	1.060	1772746362.243
479	100.000	-0.012	100.000	2.731	0.527	1772746362.615
480	100.000	-0.010	100.003	3.069	1.017	1772746362.988
481	100.000	0.020	100.001	4.909	1.292	1772746363.357
482	100.000	-0.004	99.997	5.195	1.493	1772746363.723
483	100.000	0.019	100.004	4.525	1.592	1772746364.133
484	100.000	0.016	99.998	2.845	1.370	1772746364.494
485	100.000	-0.006	100.003	2.219	0.739	1772746364.899
486	100.000	-0.030	99.997	2.597	0.637	1772746365.260
487	100.000	0.015	100.003	3.739	1.186	1772746365.614
488	100.000	-0.025	99.998	5.101	1.325	1772746365.988
489	100.000	0.009	100.002	4.712	1.550	1772746366.375
490	100.000	-0.012	100.002	3.623	1.600	1772746366.732
491	100.000	-0.011	100.000	2.173	1.117	1772746367.156
492	100.000	-0.011	100.004	2.013	0.466	1772746367.560
493	100.000	0.008	100.006	2.996	1.008	1772746367.925
494	100.000	-0.000	100.001	4.930	1.244	1772746368.308
495	100.000	-0.016	100.001	5.171	1.292	1772746368.687
496	100.000	0.013	99.999	4.316	1.456	1772746369.071
497	100.000	-0.010	100.003	3.071	1.266	1772746369.457
498	100.000	0.037	100.001	2.509	0.705	1772746369.821
499	100.000	-0.002	99.999	2.667	0.641	1772746370.199
500	100.000	-0.017	100.002	3.495	1.179	1772746370.556
501	100.000	-0.020	99.999	5.213	1.381	1772746370.919
502	100.000	-0.021	99.998	4.771	1.456	1772746371.361
503	100.000	-0.003	99.999	3.593	1.505	1772746371.774
504	100.000	-0.010	99.999	2.069	1.106	1772746372.129
505	100.000	0.006	99.999	2.076	0.660	1772746372.497
506	100.000	0.004	100.002	3.165	1.109	1772746372.891
507	100.000	0.001	100.002	4.921	1.349	1772746373.285
508	100.000	0.026	100.002	5.356	1.438	1772746373.646
509	100.000	0.014	100.002	3.945	1.446	1772746374.017
510	100.000	0.007	99.997	2.244	1.082	1772746374.384
511	100.000	0.017	100.000	1.729	0.227	1772746374.781
512	100.000	0.017	100.002	2.090	0.545	1772746375.149
513	100.000	-0.009	100.001	3.652	1.238	1772746375.524
514	100.000	-0.005	99.999	5.392	1.323	1772746375.905
515	100.000	0.009	100.004	4.741	1.521	1772746376.305
516	100.000	0.013	100.001	3.344	1.484	1772746376.713
517	100.000	-0.012	100.003	1.732	0.748	1772746377.084
518	100.000	0.018	100.001	1.815	0.457	1772746377.453
519	100.000	0.032	100.002	2.847	1.196	1772746377.820
520	100.000	-0.030	99.999	5.002	1.433	1772746378.220
521	100.000	-0.013	100.003	4.951	1.452	1772746378.607
522	100.000	-0.012	99.997	3.716	1.548	1772746378.989
523	100.000	-0.016	100.002	1.964	1.170	1772746379.366
524	100.000	-0.003	100.000	1.804	0.178	1772746379.743
525	100.000	-0.010	100.002	2.184	0.651	1772746380.087
526	100.000	0.010	100.003	3.951	1.288	1772746380.484
527	100.000	-0.010	99.999	5.460	1.303	1772746380.846
528	100.000	0.027	100.005	4.612	1.416	1772746381.209
529	100.000	0.006	100.003	3.196	1.426	1772746381.592
530	100.000	-0.012	100.000	2.093	0.559	1772746381.978
531	100.000	0.030	100.002	2.549	0.181	1772746382.338
532	100.000	0.010	100.001	2.917	0.848	1772746382.721
533	100.000	-0.004	100.001	4.541	1.323	1772746383.110
534	100.000	-0.007	100.000	5.526	1.305	1772746383.515
535	100.000	0.010	100.006	4.394	1.435	1772746383.856
536	100.000	-0.001	100.001	2.666	1.217	1772746384.239
537	100.000	-0.004	99.999	2.188	0.097	1772746384.619
538	100.000	-0.014	99.999	2.854	0.236	1772746384.992
539	100.000	0.001	100.000	3.811	0.991	1772746385.390
540	100.000	-0.004	100.004	5.235	1.133	1772746385.805
541	100.000	0.004	100.002	4.798	1.273	1772746386.172
542	100.000	0.007	100.002	3.813	1.366	1772746386.546
543	100.000	-0.009	100.001	2.249	0.697	1772746386.930
544	100.000	0.010	100.002	2.326	0.091	1772746387.311
545	100.000	-0.010	100.001	2.555	0.697	1772746387.672
546	100.000	0.012	99.997	4.299	1.201	1772746388.081
547	100.000	-0.008	100.001	4.851	1.252	1772746388.460
548	100.000	0.004	100.003	4.206	1.536	1772746388.804
549	100.000	0.037	99.998	3.040	1.405	1772746389.193
550	100.000	-0.036	99.999	2.065	0.449	1772746389.575
551	100.000	-0.028	100.002	2.335	0.602	1772746389.949
552	100.000	-0.010	99.997	3.436	1.204	1772746390.304
553	100.000	-0.000	99.995	4.807	1.287	1772746390.728
554	100.000	0.015	99.999	4.117	1.264	1772746391.135
555	100.000	-0.025	99.999	3.383	1.382	1772746391.527
556	100.000	0.001	100.005	2.521	0.779	1772746391.906
557	100.000	0.013	100.000	2.653	0.397	1772746392.280
558	100.000	0.004	99.997	3.300	1.007	1772746392.650
559	100.000	0.011	99.998	4.608	1.422	1772746393.018
560	100.000	0.002	99.998	4.615	1.357	1772746393.402
561	100.000	0.004	99.998	3.569	1.469	1772746393.751
562	100.000	0.021	100.000	2.392	1.222	1772746394.145
563	100.000	0.002	100.006	2.321	0.447	1772746394.502
564	100.000	-0.001	99.997	2.811	0.621	1772746394.899
565	100.000	-0.013	100.000	3.943	1.294	1772746395.278
566	100.000	-0.002	100.001	5.007	1.403	1772746395.654
567	100.000	0.009	100.002	4.427	1.406	1772746396.040
568	100.000	-0.001	100.001	3.389	1.582	1772746396.378
569	100.000	0.020	100.001	2.302	1.234	1772746396.748
570	100.000	0.027	99.999	2.551	0.671	1772746397.125
571	100.000	-0.006	99.995	3.549	0.993	1772746397.525
572	100.000	-0.004	99.997	5.043	1.504	1772746397.896
573	100.000	0.003	99.999	4.980	1.440	1772746398.314
574	100.000	0.027	99.999	3.741	1.509	1772746398.671
575	100.000	0.027	100.005	2.780	1.422	1772746399.076
576	100.000	0.007	100.002	2.300	0.851	1772746399.448
577	100.000	-0.011	100.001	3.066	0.886	1772746399.818
578	100.000	0.012	100.002	4.633	1.350	1772746400.167
579	100.000	0.015	99.999	5.780	1.456	1772746400.558
580	100.000	0.024	100.000	4.855	1.406	1772746400.931
581	100.000	-0.010	100.005	3.542	1.590	1772746401.287
582	100.000	-0.031	99.997	2.630	1.434	1772746401.665
583	100.000	0.007	100.002	2.747	0.905	1772746402.041
584	100.000	0.005	100.000	4.135	1.055	1772746402.428
585	100.000	-0.012	100.001	5.319	1.316	1772746402.809
586	100.000	0.004	100.000	5.462	1.330	1772746403.168
587	100.000	0.011	99.996	4.025	1.371	1772746403.522
588	100.000	-0.005	100.002	2.766	1.570	1772746403.912
589	100.000	0.008	99.999	2.062	1.072	1772746404.311
590	100.000	0.019	99.997	2.945	0.927	1772746404.702
591	100.000	-0.016	99.998	4.687	1.334	1772746405.100
592	100.000	-0.004	100.003	5.761	1.510	1772746405.474
593	100.000	0.025	99.999	4.974	1.425	1772746405.824
594	100.000	-0.014	100.003	3.267	1.467	1772746406.221
595	100.000	-0.004	99.996	1.940	1.354	1772746406.589
596	100.000	0.009	100.000	2.566	0.962	1772746406.980
597	100.000	0.010	99.999	4.365	1.167	1772746407.373
598	100.000	-0.016	100.001	5.511	1.449	1772746407.770
599	100.000	0.011	99.998	5.406	1.434	1772746408.148
600	100.000	-0.008	100.002	4.091	1.385	1772746408.540
601	100.000	-0.011	99.999	2.603	1.457	1772746408.897
602	100.000	0.002	99.998	1.859	1.027	1772746409.262
603	100.000	-0.006	100.000	2.998	1.094	1772746409.626
604	100.000	-0.012	99.999	5.041	1.343	1772746410.001
605	100.000	-0.019	100.001	6.133	1.424	1772746410.421
606	100.000	0.003	99.998	5.117	1.326	1772746410.797
607	100.000	-0.004	100.003	3.221	1.085	1772746411.158
608	100.000	-0.011	100.000	1.851	0.906	1772746411.551
609	100.000	-0.003	99.999	1.626	0.764	1772746411.912
610	100.000	-0.015	99.998	3.130	1.213	1772746412.269
611	100.000	-0.021	100.000	5.242	1.455	1772746412.672
612	100.000	-0.016	99.998	5.697	1.507	1772746413.039
613	100.000	-0.017	99.998	4.342	1.420	1772746413.428
614	100.000	-0.017	99.996	2.741	1.138	1772746413.810
615	100.000	0.006	100.001	2.196	0.939	1772746414.167
616	100.000	-0.002	100.002	3.069	1.040	1772746414.511
617	100.000	-0.004	100.005	4.595	1.384	1772746414.924
618	100.000	-0.014	100.003	5.373	1.601	1772746415.292
619	100.000	0.009	100.000	4.639	1.571	1772746415.668
620	100.000	0.009	99.999	3.236	1.353	1772746416.041
621	100.000	0.008	99.996	2.104	0.959	1772746416.398
622	100.000	-0.004	100.002	2.272	0.647	1772746416.798
623	100.000	0.010	99.995	3.226	1.120	1772746417.229
624	100.000	-0.008	99.999	4.931	1.526	1772746417.589
625	100.000	-0.006	99.997	5.526	1.635	1772746417.973
626	100.000	0.007	100.001	4.191	1.430	1772746418.380
627	100.000	-0.006	100.001	2.605	1.019	1772746418.752
628	100.000	0.022	100.003	2.488	0.496	1772746419.124
629	100.000	-0.017	99.998	3.152	0.814	1772746419.493
630	100.000	-0.001	99.998	4.262	1.267	1772746419.864
631	100.000	-0.001	99.996	5.151	1.489	1772746420.261
632	100.000	-0.001	100.002	4.593	1.453	1772746420.622
633	100.000	0.006	100.001	3.133	1.316	1772746420.985
634	100.000	-0.011	100.001	2.138	0.890	1772746421.367
635	100.000	0.008	99.998	2.673	0.513	1772746421.738
636	100.000	0.017	99.998	3.320	0.841	1772746422.113
637	100.000	-0.000	100.001	4.284	1.353	1772746422.477
638	100.000	0.020	100.002	4.467	1.510	1772746422.912
639	100.000	0.011	100.004	3.849	1.343	1772746423.300
640	100.000	-0.016	99.999	2.686	1.074	1772746423.646
641	100.000	-0.009	100.001	2.013	0.539	1772746424.017
642	100.000	0.017	99.998	2.490	0.643	1772746424.405
643	100.000	0.014	99.999	3.531	1.211	1772746424.775
644	100.000	0.012	99.999	4.110	1.568	1772746425.143
645	100.000	-0.004	100.002	3.973	1.567	1772746425.508
646	100.000	-0.017	100.001	3.281	1.350	1772746425.905
647	100.000	-0.017	99.999	2.069	0.925	1772746426.269
648	100.000	0.007	99.999	2.357	0.537	1772746426.644
649	100.000	-0.007	99.996	2.841	0.946	1772746427.002
650	100.000	-0.022	99.995	3.761	1.442	1772746427.402
651	100.000	-0.009	100.003	3.893	1.580	1772746427.765
652	100.000	-0.028	100.004	3.562	1.432	1772746428.122
653	100.000	0.012	99.997	2.660	1.206	1772746428.520
654	100.000	0.021	99.999	1.990	0.638	1772746428.890
655	100.000	-0.022	100.000	2.348	0.589	1772746429.271
656	100.000	-0.006	99.997	3.409	1.288	1772746429.648
657	100.000	0.013	100.002	4.513	1.513	1772746430.048
658	100.000	0.005	100.002	3.569	1.588	1772746430.474
659	100.000	0.006	100.001	2.846	1.482	1772746430.859
660	100.000	-0.008	99.999	2.143	1.033	1772746431.257
661	100.000	0.010	100.002	2.469	0.709	1772746431.622
662	100.000	-0.010	100.002	2.912	1.061	1772746432.016
663	100.000	-0.028	100.005	4.051	1.673	1772746432.408
664	100.000	-0.003	99.999	4.068	1.792	1772746432.785
665	100.000	-0.006	100.004	3.017	1.767	1772746433.130
666	100.000	-0.011	99.999	2.182	1.613	1772746433.514
667	100.000	0.021	100.001	1.897	0.995	1772746433.873
668	100.000	-0.014	100.001	3.106	0.969	1772746434.210
669	100.000	0.010	99.998	3.953	1.304	1772746434.591
670	100.000	-0.004	100.002	4.571	1.626	1772746434.984
671	100.000	-0.021	100.001	4.263	1.800	1772746435.365
672	100.000	-0.002	100.001	3.257	1.756	1772746435.719
673	100.000	-0.025	100.004	1.981	1.498	1772746436.095
674	100.000	-0.004	100.001	1.830	0.859	1772746436.495
675	100.000	-0.001	100.000	2.984	1.096	1772746436.831
676	100.000	0.011	99.995	4.118	1.554	1772746437.222
677	100.000	0.002	99.996	4.757	1.724	1772746437.606
678	100.000	0.009	99.999	3.871	1.668	1772746437.999
679	100.000	0.032	99.998	2.663	1.373	1772746438.410
680	100.000	-0.014	100.007	2.148	0.859	1772746438.762
681	100.000	0.002	100.003	2.744	0.936	1772746439.149
682	100.000	0.011	100.000	3.560	1.401	1772746439.564
683	100.000	0.006	100.005	4.534	1.812	1772746439.974
684	100.000	-0.003	100.000	4.078	1.826	1772746440.335
685	100.000	-0.009	100.000	2.827	1.524	1772746440.697
686	100.000	0.009	100.001	1.678	0.860	1772746441.123
687	100.000	0.004	99.996	1.970	0.666	1772746441.537
688	100.000	-0.008	99.999	2.795	1.369	1772746441.893
689	100.000	0.015	100.001	4.398	1.823	1772746442.274
690	100.000	0.015	99.999	4.838	1.822	1772746442.640
691	100.000	-0.006	99.994	3.949	1.565	1772746443.040
692	100.000	-0.007	99.996	2.462	1.088	1772746443.422
693	100.000	-0.003	100.003	2.218	0.703	1772746443.810
694	100.000	-0.003	99.996	2.774	1.112	1772746444.217
695	100.000	0.019	99.998	4.461	1.703	1772746444.546
696	100.000	-0.037	100.001	5.305	1.857	1772746444.958
697	100.000	0.000	100.002	4.745	1.623	1772746445.341
698	100.000	0.019	100.000	3.446	1.318	1772746445.740
699	100.000	-0.021	100.003	2.700	0.666	1772746446.145
700	100.000	0.007	100.004	2.663	0.660	1772746446.507
701	100.000	-0.010	99.999	3.541	1.297	1772746446.880
702	100.000	-0.029	100.002	4.734	1.784	1772746447.261
703	100.000	-0.003	99.997	4.610	1.927	1772746447.644
704	100.000	0.028	100.001	3.744	1.701	1772746448.007
705	100.000	0.002	99.999	2.635	1.194	1772746448.378
706	100.000	-0.014	100.002	2.386	0.604	1772746448.766
707	100.000	-0.019	100.001	2.674	0.986	1772746449.136
708	100.000	0.006	100.004	4.118	1.672	1772746449.499
709	100.000	0.000	100.002	5.187	1.831	1772746449.884
710	100.000	0.004	100.000	4.088	1.705	1772746450.260
711	100.000	0.027	100.001	2.409	1.281	1772746450.620
712	100.000	0.030	100.000	1.863	0.567	1772746450.981
713	100.000	-0.019	99.998	2.430	0.373	1772746451.376
714	100.000	-0.003	99.994	3.049	1.110	1772746451.767
715	100.000	-0.019	100.000	4.397	1.662	1772746452.145
716	100.000	-0.015	99.996	4.716	1.811	1772746452.496
717	100.000	0.005	100.001	3.556	1.570	1772746452.881
718	100.000	0.009	100.001	1.954	0.916	1772746453.239
719	100.000	-0.009	100.001	2.058	0.331	1772746453.623
720	100.000	0.008	99.999	2.757	0.757	1772746453.992
721	100.000	-0.004	100.004	3.908	1.312	1772746454.381
722	100.000	0.015	100.002	4.798	1.702	1772746454.743
723	100.000	0.012	99.995	4.439	1.673	1772746455.133
724	100.000	0.014	100.004	3.224	1.192	1772746455.503
725	100.000	0.018	99.997	2.572	0.621	1772746455.907
726	100.000	-0.007	100.000	2.744	0.406	1772746456.253
727	100.000	0.007	100.004	3.397	1.035	1772746456.653
728	100.000	0.002	99.999	4.861	1.650	1772746457.039
729	100.000	0.008	100.002	4.527	1.824	1772746457.471
730	100.000	-0.010	100.004	3.578	1.651	1772746457.831
731	100.000	0.002	100.002	2.422	1.100	1772746458.205
732	100.000	-0.005	99.996	2.572	0.531	1772746458.571
733	100.000	-0.018	99.995	3.154	0.818	1772746458.949
734	100.000	-0.003	99.999	4.507	1.379	1772746459.311
735	100.000	0.009	99.998	5.191	1.686	1772746459.708
736	100.000	-0.002	99.999	4.418	1.625	1772746460.104
737	100.000	-0.002	99.999	2.979	1.346	1772746460.490
738	100.000	-0.010	99.997	2.259	0.885	1772746460.897
739	100.000	0.003	100.005	2.668	0.903	1772746461.250
740	100.000	0.011	100.001	4.698	1.282	1772746461.651
741	100.000	0.005	100.000	5.811	1.617	1772746462.036
742	100.000	0.010	99.999	4.816	1.659	1772746462.407
743	100.000	-0.026	99.999	3.087	1.541	1772746462.787
744	100.000	-0.003	99.998	2.146	1.073	1772746463.147
745	100.000	-0.010	99.999	2.729	0.697	1772746463.498
746	100.000	0.007	99.997	3.871	1.028	1772746463.875
747	100.000	-0.020	100.002	5.430	1.390	1772746464.279
748	100.000	-0.005	100.001	5.794	1.687	1772746464.660
749	100.000	0.006	100.001	4.264	1.648	1772746465.037
750	100.000	0.002	100.004	2.481	1.407	1772746465.389
751	100.000	-0.008	100.004	1.692	0.781	1772746465.773
752	100.000	0.002	99.997	2.731	0.723	1772746466.133
753	100.000	0.006	100.002	4.426	1.130	1772746466.540
754	100.000	0.003	100.000	5.271	1.530	1772746466.975
755	100.000	-0.007	99.997	4.246	1.725	1772746467.333
756	100.000	-0.001	100.001	2.886	1.773	1772746467.717
757	100.000	-0.014	99.999	1.535	1.461	1772746468.073
758	100.000	-0.012	100.000	2.106	1.016	1772746468.431
759	100.000	0.012	99.999	3.802	1.173	1772746468.827
760	100.000	-0.011	99.997	5.109	1.489	1772746469.212
761	100.000	-0.002	99.999	5.503	1.628	1772746469.584
762	100.000	-0.013	99.999	4.075	1.704	1772746469.964
763	100.000	0.016	99.997	2.738	1.502	1772746470.326
764	100.000	-0.011	100.003	1.875	0.870	1772746470.686
765	100.000	-0.007	100.000	2.555	0.692	1772746471.058
766	100.000	0.013	100.000	4.078	1.081	1772746471.476
767	100.000	0.009	99.998	5.126	1.605	1772746471.863
768	100.000	0.008	100.002	4.976	1.813	1772746472.254
769	100.000	-0.012	99.995	3.646	1.683	1772746472.643
770	100.000	-0.004	100.001	2.603	1.224	1772746473.028
771	100.000	-0.013	100.001	2.530	0.671	1772746473.394
772	100.000	-0.002	100.003	3.092	0.877	1772746473.779
773	100.000	0.004	100.001	4.538	1.339	1772746474.155
774	100.000	-0.016	99.997	5.297	1.659	1772746474.533
775	100.000	-0.001	99.997	4.494	1.741	1772746474.870
776	100.000	0.006	99.998	3.447	1.564	1772746475.252
777	100.000	-0.012	100.007	2.805	0.955	1772746475.635
778	100.000	0.001	99.999	2.991	0.707	1772746476.017
779	100.000	0.005	99.999	3.752	1.221	1772746476.400
780	100.000	-0.000	99.997	5.168	1.622	1772746476.783
781	100.000	-0.007	99.997	5.580	1.737	1772746477.148
782	100.000	-0.000	99.997	4.578	1.697	1772746477.498
783	100.000	-0.005	100.001	3.202	1.518	1772746477.909
784	100.000	0.016	99.996	2.828	0.948	1772746478.252
785	100.000	0.006	100.003	3.139	0.941	1772746478.662
786	100.000	-0.019	99.999	4.649	1.435	1772746479.036
787	100.000	0.005	99.998	5.356	1.672	1772746479.386
788	100.000	-0.006	99.997	5.114	1.761	1772746479.772
789	100.000	0.012	100.005	3.962	1.593	1772746480.125
790	100.000	-0.020	100.001	2.855	1.231	1772746480.535
791	100.000	0.017	100.000	2.746	0.692	1772746480.893
792	100.000	0.012	100.002	3.176	1.142	1772746481.260
793	100.000	-0.015	99.999	4.449	1.648	1772746481.662
794	100.000	-0.002	100.001	4.617	1.884	1772746482.028
795	100.000	0.010	100.003	3.862	1.719	1772746482.389
796	100.000	-0.015	100.003	2.968	1.580	1772746482.746
797	100.000	-0.001	100.003	2.558	1.033	1772746483.174
798	100.000	-0.025	100.001	3.097	0.952	1772746483.597
799	100.000	0.010	99.998	3.970	1.447	1772746483.956
800	100.000	-0.007	100.003	4.462	1.786	1772746484.351
801	100.000	0.002	100.001	4.109	1.750	1772746484.725
802	100.000	0.016	100.000	3.147	1.632	1772746485.094
803	100.000	-0.004	100.001	2.245	1.258	1772746485.481
804	100.000	-0.002	100.001	2.563	0.923	1772746485.850
805	100.000	-0.004	99.998	3.524	1.271	1772746486.218
806	100.000	-0.008	100.000	4.370	1.788	1772746486.591
807	100.000	-0.007	100.003	4.130	2.007	1772746486.966
808	100.000	0.015	100.003	3.734	1.798	1772746487.337
809	100.000	-0.010	100.001	3.161	1.433	1772746487.723
810	100.000	-0.007	99.998	2.779	0.959	1772746488.114
811	100.000	0.016	100.000	3.335	1.105	1772746488.480
812	100.000	0.003	100.002	4.567	1.527	1772746488.843
813	100.000	0.011	99.996	4.791	1.879	1772746489.212
814	100.000	0.015	100.003	3.909	2.028	1772746489.618
815	100.000	0.012	100.004	3.199	1.847	1772746489.987
816	100.000	0.001	100.001	2.721	1.243	1772746490.362
817	100.000	0.015	100.007	3.803	0.853	1772746490.768
818	100.000	0.010	100.000	4.439	1.284	1772746491.187
819	100.000	0.008	100.000	4.833	1.724	1772746491.557
820	100.000	-0.008	100.003	3.753	1.942	1772746491.934
821	100.000	0.007	100.005	2.670	1.676	1772746492.301
822	100.000	0.021	100.002	2.590	1.235	1772746492.676
823	100.000	-0.007	99.999	3.097	0.674	1772746493.040
824	100.000	0.009	99.997	3.624	0.828	1772746493.434
825	100.000	0.011	99.999	4.173	1.461	1772746493.807
826	100.000	-0.021	99.999	4.256	1.750	1772746494.186
827	100.000	-0.008	100.001	2.852	2.004	1772746494.543
828	100.000	0.001	99.998	2.217	1.783	1772746494.912
829	100.000	0.004	99.998	2.085	1.153	1772746495.303
830	100.000	-0.018	100.000	3.381	0.738	1772746495.671
831	100.000	-0.010	99.998	4.282	1.078	1772746496.050
832	100.000	0.001	99.999	4.810	1.569	1772746496.433
833	100.000	-0.012	100.001	3.679	1.801	1772746496.799
834	100.000	-0.027	100.000	1.884	1.735	1772746497.174
835	100.000	0.009	100.000	1.587	0.852	1772746497.565
836	100.000	-0.003	100.000	2.278	0.352	1772746497.927
837	100.000	-0.000	99.999	3.017	0.594	1772746498.270
838	100.000	0.003	99.998	4.358	1.222	1772746498.681
839	100.000	-0.002	100.001	4.940	1.589	1772746499.050
840	100.000	0.003	100.001	3.210	1.726	1772746499.447
841	100.000	-0.014	100.000	1.344	1.468	1772746499.806
842	100.000	0.012	100.002	1.667	0.688	1772746500.172
843	100.000	-0.005	100.003	2.948	0.491	1772746500.534
844	100.000	0.017	100.000	3.664	0.911	1772746500.909
845	100.000	0.020	100.001	4.979	1.355	1772746501.295
846	100.000	0.012	100.000	4.696	1.603	1772746501.706
847	100.000	0.023	99.997	2.414	1.564	1772746502.102
848	100.000	-0.003	100.001	1.222	0.828	1772746502.471
849	100.000	-0.005	100.002	2.336	0.290	1772746502.867
850	100.000	0.005	100.001	2.893	0.616	1772746503.247
851	100.000	0.021	100.003	4.256	1.371	1772746503.616
852	100.000	0.012	100.001	5.332	1.605	1772746503.993
853	100.000	-0.019	100.000	3.698	1.594	1772746504.379
854	100.000	0.013	100.003	2.039	1.363	1772746504.748
855	100.000	-0.005	99.997	2.330	0.406	1772746505.190
856	100.000	-0.020	99.997	3.636	0.514	1772746505.538
857	100.000	0.004	100.001	4.162	1.083	1772746505.932
858	100.000	0.008	99.999	5.405	1.527	1772746506.295
859	100.000	0.004	100.001	4.551	1.662	1772746506.660
860	100.000	0.015	99.997	2.744	1.606	1772746507.042
861	100.000	-0.006	100.004	1.759	1.173	1772746507.443
862	100.000	0.010	100.005	3.134	0.508	1772746507.823
863	100.000	-0.002	100.001	4.024	0.706	1772746508.221
864	100.000	0.012	100.000	4.813	1.240	1772746508.613
865	100.000	0.011	100.001	5.230	1.483	1772746508.995
866	100.000	-0.000	100.002	3.735	1.480	1772746509.373
867	100.000	0.012	99.998	2.234	1.232	1772746509.756
868	100.000	0.002	100.002	2.927	0.640	1772746510.105
869	100.000	0.014	100.001	4.407	0.631	1772746510.470
870	100.000	-0.001	99.999	5.131	1.036	1772746510.854
871	100.000	0.001	100.001	6.079	1.430	1772746511.269
872	100.000	-0.013	100.002	5.439	1.510	1772746511.617
873	100.000	0.021	100.000	3.395	1.405	1772746511.990
874	100.000	-0.019	100.005	2.217	1.072	1772746512.367
875	100.000	0.016	100.003	3.392	0.478	1772746512.745
876	100.000	-0.016	100.002	4.699	0.709	1772746513.107
877	100.000	-0.013	100.000	5.484	1.151	1772746513.459
878	100.000	-0.002	100.003	5.956	1.479	1772746513.860
879	100.000	-0.009	99.995	4.399	1.401	1772746514.246
880	100.000	-0.006	100.002	2.634	1.007	1772746514.650
881	100.000	-0.010	99.998	2.698	0.436	1772746515.031
882	100.000	-0.030	100.000	3.810	0.515	1772746515.442
883	100.000	0.003	100.002	4.902	1.066	1772746515.803
884	100.000	-0.004	100.000	6.212	1.503	1772746516.187
885	100.000	-0.011	100.003	5.229	1.547	1772746516.562
886	100.000	0.020	100.001	3.059	1.286	1772746516.964
887	100.000	-0.001	100.001	2.392	0.710	1772746517.361
888	100.000	0.039	99.999	3.532	0.396	1772746517.727
889	100.000	-0.013	99.998	4.252	0.643	1772746518.129
890	100.000	-0.017	99.999	4.932	1.292	1772746518.491
891	100.000	-0.013	100.004	5.390	1.470	1772746518.865
892	100.000	0.009	100.002	3.918	1.498	1772746519.206
893	100.000	-0.005	100.004	2.129	1.164	1772746519.583
894	100.000	-0.007	100.001	2.797	0.515	1772746519.975
895	100.000	0.007	100.002	4.459	0.532	1772746520.373
896	100.000	-0.001	99.999	5.012	0.952	1772746520.767
897	100.000	-0.015	100.002	5.681	1.460	1772746521.131
898	100.000	-0.013	99.993	5.343	1.574	1772746521.495
899	100.000	-0.002	100.000	3.750	1.439	1772746521.852
900	100.000	-0.023	99.996	2.853	1.042	1772746522.259
901	100.000	-0.016	100.004	3.934	0.639	1772746522.634
902	100.000	-0.005	99.998	5.145	0.885	1772746523.007
903	100.000	0.016	99.998	5.278	1.326	1772746523.401
904	100.000	0.007	100.000	5.274	1.662	1772746523.813
905	100.000	0.019	99.998	3.783	1.570	1772746524.186
906	100.000	0.029	99.994	2.898	1.169	1772746524.565
907	100.000	0.010	99.999	3.760	0.723	1772746524.947
908	100.000	0.007	99.999	4.940	0.839	1772746525.349
909	100.000	-0.018	100.000	5.604	1.213	1772746525.764
910	100.000	0.000	100.002	6.004	1.548	1772746526.136
911	100.000	-0.013	99.997	4.843	1.570	1772746526.505
912	100.000	0.003	99.999	3.104	1.457	1772746526.887
913	100.000	0.008	100.001	2.895	0.880	1772746527.240
914	100.000	-0.006	100.000	4.110	0.664	1772746527.617
915	100.000	-0.004	99.999	5.040	0.989	1772746528.007
916	100.000	0.007	99.997	5.666	1.391	1772746528.372
917	100.000	0.014	100.000	5.400	1.505	1772746528.746
918	100.000	0.001	99.999	3.762	1.401	1772746529.127
919	100.000	-0.015	100.001	2.992	1.096	1772746529.490
920	100.000	-0.027	99.999	3.664	0.688	1772746529.873
921	100.000	0.012	99.999	4.719	0.826	1772746530.285
922	100.000	-0.010	99.999	5.759	1.197	1772746530.699
923	100.000	0.021	100.000	5.818	1.486	1772746531.056
924	100.000	-0.008	99.999	4.509	1.466	1772746531.422
925	100.000	0.018	100.004	2.886	1.353	1772746531.814
926	100.000	0.013	100.003	3.464	0.774	1772746532.222
927	100.000	0.001	99.999	4.868	0.680	1772746532.639
928	100.000	-0.010	100.003	5.364	1.055	1772746533.034
929	100.000	0.024	99.996	5.803	1.432	1772746533.439
930	100.000	-0.000	100.002	4.882	1.392	1772746533.838
931	100.000	-0.005	99.998	3.223	1.212	1772746534.221
932	100.000	-0.026	100.002	3.304	0.644	1772746534.619
933	100.000	-0.016	100.000	4.779	0.553	1772746534.988
934	100.000	-0.014	100.001	5.004	0.920	1772746535.347
935	100.000	-0.004	100.001	5.144	1.389	1772746535.725
936	100.000	-0.028	99.997	5.033	1.581	1772746536.113
937	100.000	0.007	100.003	3.508	1.423	1772746536.476
938	100.000	0.014	100.005	2.556	1.067	1772746536.867
939	100.000	-0.004	99.997	4.147	0.518	1772746537.265
940	100.000	0.028	100.002	5.290	0.615	1772746537.675
941	100.000	-0.009	100.004	5.193	1.159	1772746538.083
942	100.000	-0.012	100.000	4.811	1.585	1772746538.458
943	100.000	0.008	99.999	3.474	1.558	1772746538.872
944	100.000	-0.006	100.002	2.055	1.024	1772746539.251
945	100.000	-0.001	99.997	3.345	0.498	1772746539.621
946	100.000	0.003	100.000	5.076	0.626	1772746540.010
947	100.000	-0.018	100.000	5.124	0.984	1772746540.397
948	100.000	-0.002	100.002	4.838	1.465	1772746540.769
949	100.000	0.002	99.999	4.238	1.682	1772746541.129
950	100.000	-0.003	99.998	2.598	1.452	1772746541.521
951	100.000	-0.014	99.998	2.468	0.638	1772746541.869
952	100.000	-0.002	100.000	4.237	0.420	1772746542.231
953	100.000	-0.004	100.002	5.129	0.634	1772746542.612
954	100.000	0.003	100.001	5.111	1.137	1772746542.998
955	100.000	-0.018	99.999	4.813	1.591	1772746543.382
956	100.000	-0.002	99.999	3.699	1.760	1772746543.752
957	100.000	-0.021	100.002	1.877	1.522	1772746544.131
958	100.000	-0.026	99.996	2.696	0.554	1772746544.528
959	100.000	-0.015	100.000	4.741	0.547	1772746544.921
960	100.000	0.002	99.999	4.799	0.874	1772746545.280
961	100.000	-0.003	100.001	4.725	1.533	1772746545.657
962	100.000	-0.001	99.997	4.080	1.710	1772746546.021
963	100.000	0.006	100.001	2.981	1.615	1772746546.402
964	100.000	-0.002	100.001	2.280	0.914	1772746546.759
965	100.000	-0.004	100.002	3.911	0.420	1772746547.115
966	100.000	0.019	99.995	4.769	0.543	1772746547.533
967	100.000	0.010	100.002	4.767	1.065	1772746547.916
968	100.000	0.019	100.000	4.456	1.471	1772746548.272
969	100.000	0.007	100.001	3.056	1.645	1772746548.631
970	100.000	0.009	100.005	1.593	1.792	1772746549.013
971	100.000	-0.005	99.999	1.597	0.649	1772746549.378
972	100.000	-0.004	100.002	3.952	0.504	1772746549.768
973	100.000	-0.005	99.999	4.474	0.796	1772746550.148
974	100.000	-0.002	100.000	5.102	1.414	1772746550.523
975	100.000	0.008	99.999	4.721	1.596	1772746550.910
976	100.000	0.002	100.004	2.958	1.468	1772746551.303
977	100.000	0.016	99.998	1.813	0.955	1772746551.692
978	100.000	0.002	100.001	3.397	0.461	1772746552.089
979	100.000	-0.007	99.998	4.863	0.635	1772746552.474
980	100.000	-0.004	99.995	4.320	1.111	1772746552.847
981	100.000	0.008	100.001	4.147	1.526	1772746553.197
982	100.000	-0.008	100.002	3.168	1.555	1772746553.566
983	100.000	-0.016	99.997	1.809	1.391	1772746553.953
984	100.000	0.008	99.996	2.193	0.860	1772746554.351
985	100.000	-0.013	100.000	4.231	0.656	1772746554.730
986	100.000	-0.007	100.002	4.760	0.848	1772746555.101
987	100.000	-0.012	99.999	4.097	1.280	1772746555.466
988	100.000	0.020	100.000	3.496	1.677	1772746555.826
989	100.000	-0.022	99.998	2.322	1.405	1772746556.226
990	100.000	-0.005	100.003	2.151	0.696	1772746556.601
991	100.000	-0.006	99.999	3.466	0.442	1772746556.964
992	100.000	0.025	100.002	4.781	0.672	1772746557.369
993	100.000	-0.009	100.000	4.231	1.105	1772746557.764
994	100.000	-0.019	100.003	3.672	1.497	1772746558.146
995	100.000	0.006	100.000	2.826	1.533	1772746558.540
996	100.000	-0.010	100.002	1.602	1.187	1772746558.921
997	100.000	-0.001	99.996	2.539	0.505	1772746559.286
998	100.000	-0.003	99.998	4.578	0.600	1772746559.684
999	100.000	0.016	99.997	4.621	0.915	1772746560.058
1000	100.000	0.021	99.999	3.847	1.425	1772746560.462
1001	100.000	-0.000	100.001	3.038	1.589	1772746560.836
1002	100.000	-0.004	99.999	1.521	1.291	1772746561.234
1003	100.000	0.009	100.002	1.815	0.509	1772746561.591
1004	100.000	0.007	100.004	3.758	0.562	1772746561.981
1005	100.000	0.002	100.000	4.891	0.825	1772746562.341
1006	100.000	0.003	100.000	4.258	1.184	1772746562.728
1007	100.000	0.009	99.997	3.419	1.656	1772746563.087
1008	100.000	0.004	99.999	2.331	1.511	1772746563.488
1009	100.000	-0.007	100.001	1.381	0.814	1772746563.847
1010	100.000	-0.000	100.000	2.722	0.498	1772746564.220
1011	100.000	0.027	99.995	4.498	0.596	1772746564.588
1012	100.000	-0.007	99.997	5.126	0.893	1772746564.978
1013	100.000	-0.015	100.004	4.067	1.378	1772746565.360
1014	100.000	0.004	100.002	2.981	1.698	1772746565.750
1015	100.000	0.002	100.000	1.324	1.410	1772746566.145
1016	100.000	0.002	100.000	1.794	0.090	1772746566.538
1017	100.000	-0.005	100.001	3.742	0.258	1772746566.933
1018	100.000	-0.013	99.997	4.524	0.601	1772746567.304
1019	100.000	0.004	99.999	4.227	1.211	1772746567.683
1020	100.000	0.020	100.004	3.720	1.594	1772746568.059
1021	100.000	-0.006	99.996	2.462	1.792	1772746568.417
1022	100.000	-0.004	100.000	0.868	1.363	1772746568.807
1023	100.000	0.014	100.003	2.220	0.179	1772746569.186
1024	100.000	0.001	99.994	4.353	0.419	1772746569.557
1025	100.000	0.001	99.999	4.719	0.804	1772746569.930
1026	100.000	-0.006	100.001	3.723	1.461	1772746570.307
1027	100.000	0.000	99.999	2.512	1.790	1772746570.697
1028	100.000	0.008	100.000	0.792	1.829	1772746571.058
1029	100.000	-0.005	99.999	1.058	6.234	1772746571.434
1030	100.000	0.005	100.001	3.388	0.276	1772746571.807
1031	100.000	-0.003	100.006	5.042	0.693	1772746572.199
1032	100.000	0.000	100.001	4.947	1.072	1772746572.549
1033	100.000	0.009	100.004	3.666	1.571	1772746572.946
1034	100.000	-0.003	100.001	1.717	1.901	1772746573.314
1035	100.000	-0.005	100.001	0.102	2.246	1772746573.733
1036	100.000	0.048	100.001	2.271	0.484	1772746574.109
1037	100.000	0.009	99.999	4.621	0.648	1772746574.490
1038	100.000	-0.020	99.996	4.475	1.039	1772746574.881
1039	100.000	-0.014	99.997	3.372	1.596	1772746575.317
1040	100.000	0.028	99.998	1.603	1.823	1772746575.678
1041	100.000	0.006	100.002	0.486	5.183	1772746576.057
1042	100.000	-0.012	99.999	1.655	0.075	1772746576.434
1043	100.000	-0.004	100.001	4.320	0.416	1772746576.789
1044	100.000	-0.028	100.002	4.907	0.675	1772746577.191
1045	100.000	0.014	99.999	3.612	1.199	1772746577.539
1046	100.000	-0.026	99.998	2.736	1.858	1772746577.963
1047	100.000	0.004	100.001	0.633	2.474	1772746578.360
1048	100.000	0.004	100.006	1.099	5.215	1772746578.735
1049	100.000	-0.002	100.001	2.299	0.294	1772746579.106
1050	100.000	0.022	99.998	4.411	0.884	1772746579.498
1051	100.000	-0.007	99.999	4.473	1.287	1772746579.874
1052	100.000	-0.001	100.004	3.823	1.680	1772746580.236
1053	100.000	0.021	99.997	3.135	1.908	1772746580.612
1054	100.000	0.025	100.002	0.976	2.051	1772746581.004
1055	100.000	0.015	100.001	0.304	4.928	1772746581.357
1056	100.000	0.019	99.998	1.073	5.158	1772746581.767
1057	100.000	-0.026	99.997	0.995	5.107	1772746582.125
1058	100.000	0.016	99.996	1.083	5.142	1772746582.500
1059	100.000	-0.008	99.998	1.221	5.225	1772746582.886
1060	100.000	-0.014	100.001	1.094	5.126	1772746583.235
1061	100.000	-0.006	100.003	1.071	5.213	1772746583.600
1062	100.000	-0.020	100.003	1.187	5.180	1772746583.963
1063	100.000	-0.011	100.002	1.095	5.095	1772746584.368
1064	100.000	0.000	99.998	0.985	5.168	1772746584.760
1065	100.000	0.005	99.997	1.059	5.084	1772746585.129
1066	100.000	-0.008	100.001	1.035	5.049	1772746585.519
1067	100.000	-0.020	100.005	1.133	5.085	1772746585.872
1068	100.000	-0.020	100.003	1.173	5.135	1772746586.251
1069	100.000	-0.001	99.999	1.167	5.068	1772746586.611
1070	100.000	-0.015	99.999	1.157	4.989	1772746587.004
1071	100.000	-0.000	99.996	1.211	5.015	1772746587.411
1072	100.000	-0.000	100.002	1.126	5.176	1772746587.801
1073	100.000	0.026	100.001	1.047	5.161	1772746588.162
1074	100.000	-0.010	100.004	1.149	5.166	1772746588.558
1075	100.000	0.018	100.000	1.129	5.182	1772746588.942
1076	100.000	-0.004	99.998	1.005	5.142	1772746589.328
1077	100.000	-0.026	100.007	1.071	5.040	1772746589.697
1078	100.000	0.003	99.999	1.166	4.982	1772746590.069
1079	100.000	0.004	100.002	1.011	5.164	1772746590.430
1080	100.000	-0.005	100.002	1.120	5.292	1772746590.832
1081	100.000	-0.003	99.999	1.137	5.224	1772746591.210
1082	100.000	0.012	99.999	1.163	5.105	1772746591.601
1083	100.000	0.004	100.001	1.050	5.240	1772746591.958
1084	100.000	0.021	99.994	1.032	5.144	1772746592.324
1085	100.000	0.006	99.999	1.154	5.174	1772746592.683
1086	100.000	0.011	99.998	1.149	5.228	1772746593.095
1087	100.000	0.001	100.003	1.025	5.116	1772746593.476
1088	100.000	0.002	100.001	1.067	4.991	1772746593.855
1089	100.000	-0.003	99.997	1.050	5.015	1772746594.214
1090	100.000	-0.002	99.997	1.118	5.142	1772746594.576
1091	100.000	-0.012	99.998	0.974	5.220	1772746594.960
1092	100.000	-0.008	99.999	1.031	5.222	1772746595.312
1093	100.000	0.001	100.002	1.084	5.235	1772746595.714
1094	100.000	-0.001	100.001	1.018	5.201	1772746596.098
1095	100.000	-0.003	100.001	1.070	5.182	1772746596.464
1096	100.000	-0.012	99.999	1.128	5.379	1772746596.822
1097	100.000	0.004	100.001	1.063	5.339	1772746597.212
1098	100.000	0.002	100.001	1.130	5.244	1772746597.578
1099	100.000	0.006	99.999	1.122	5.154	1772746597.926
1100	100.000	0.004	100.002	1.158	5.235	1772746598.338
1101	100.000	0.002	100.003	1.152	5.215	1772746598.715
1102	100.000	-0.007	100.001	1.112	5.312	1772746599.076
1103	100.000	0.016	99.999	1.166	5.099	1772746599.461
1104	100.000	0.010	100.000	1.100	5.236	1772746599.831
1105	100.000	-0.008	100.006	1.058	5.187	1772746600.215
1106	100.000	0.021	99.999	1.057	5.412	1772746600.597
1107	100.000	0.005	100.000	0.960	5.368	1772746600.977
1108	100.000	0.005	100.001	1.133	5.161	1772746601.356
1109	100.000	-0.021	99.996	1.110	5.337	1772746601.743
1110	100.000	-0.002	100.001	1.212	5.090	1772746602.158
1111	100.000	-0.007	99.999	0.986	5.208	1772746602.531
1112	100.000	-0.006	100.000	1.106	5.176	1772746602.912
1113	100.000	0.021	100.002	1.061	5.232	1772746603.296
