Frequency Set (GHz)	Frequency Act (GHz)	Amplitude (via StrMod)	Phase (via StrMod)
400.000	399.996	0.855	2.244
400.000	400.001	0.986	2.126
400.000	399.997	0.970	2.280
400.000	400.001	0.943	2.370
400.000	400.000	0.956	2.124
400.000	400.002	1.012	2.067
400.000	400.000	0.974	2.365
400.000	399.998	0.864	2.202
400.000	400.000	0.974	2.242
400.000	399.999	0.867	2.229
400.000	399.999	0.988	2.307
400.000	399.998	0.963	2.379
400.000	400.001	0.971	2.294
400.000	399.999	0.997	2.351
400.000	400.001	0.894	2.171
400.000	399.998	0.952	2.140
400.000	400.000	0.928	2.231
400.000	399.999	0.926	2.318
400.000	400.001	0.963	2.176
400.000	400.000	1.023	2.349
400.000	400.004	0.981	2.280
400.000	399.999	0.925	2.378
400.000	400.000	0.949	2.261
400.000	399.998	0.965	2.184
400.000	399.997	0.933	2.356
400.000	399.997	0.984	2.367
400.000	400.001	0.937	2.282
400.000	400.002	0.990	2.239
400.000	399.999	0.858	2.283
400.000	400.003	1.017	2.360
400.000	399.997	0.879	2.236
400.000	399.999	0.908	2.345
400.000	399.999	0.876	2.375
400.000	400.003	0.990	2.130
400.000	400.001	0.968	2.298
400.000	400.002	0.988	2.243
400.000	400.002	0.899	2.356
400.000	400.001	0.954	2.192
400.000	400.001	1.031	2.290
400.000	399.997	1.017	2.282
400.000	400.004	0.967	2.269
400.000	399.999	0.962	2.261
400.000	400.000	0.901	2.221
400.000	400.003	0.937	2.371
400.000	399.999	0.896	2.234
400.000	400.003	0.884	2.151
400.000	400.000	0.853	2.209
400.000	399.999	1.033	2.203
400.000	400.003	0.940	2.378
400.000	400.001	0.912	2.207
400.000	400.001	1.011	2.214
400.000	400.006	0.906	2.310
400.000	400.004	0.967	2.204
400.000	400.002	0.929	2.331
400.000	400.002	0.924	2.232
400.000	400.000	0.973	1.989
400.000	400.000	0.798	2.188
400.000	400.002	0.954	2.177
400.000	400.001	0.925	2.160
400.000	400.002	0.867	2.129
400.000	400.002	0.920	2.149
400.000	400.001	0.912	2.291
400.000	399.995	0.878	2.201
400.000	399.998	0.934	2.397
400.000	399.997	0.916	2.375
400.000	400.002	0.963	2.356
400.000	400.001	0.947	2.302
400.000	399.997	0.918	2.345
400.000	400.000	0.963	2.285
400.000	400.000	0.995	2.319
400.000	399.996	0.933	2.324
400.000	399.997	0.965	2.394
400.000	399.999	0.922	2.233
400.000	400.001	0.859	2.136
400.000	400.003	1.044	2.176
400.000	399.999	0.867	2.191
400.000	400.001	0.938	2.323
400.000	399.998	0.937	2.182
400.000	400.001	1.028	2.230
400.000	400.002	0.947	2.285
400.000	399.999	0.977	2.252
400.000	400.003	0.948	2.288
400.000	400.000	0.897	2.267
400.000	400.002	0.970	2.141
400.000	400.002	0.963	2.374
400.000	399.997	1.032	2.357
400.000	400.003	0.961	2.143
400.000	399.998	0.913	2.116
400.000	400.001	0.868	2.245
400.000	400.000	0.898	2.246
400.000	400.001	0.929	2.207
400.000	400.000	0.966	2.207
400.000	399.999	0.857	2.221
400.000	400.002	0.885	2.251
400.000	399.997	1.013	2.143
400.000	399.999	0.940	2.109
400.000	399.999	0.960	2.278
400.000	399.999	0.985	2.266
400.000	400.001	0.928	2.083
400.000	399.996	0.899	2.126
400.000	400.001	0.905	2.198
400.000	399.999	0.907	2.220
400.000	399.999	1.014	2.151
400.000	400.002	0.984	2.095
400.000	400.003	0.889	2.097
400.000	400.001	0.974	2.111
400.000	399.996	0.869	2.248
400.000	400.004	0.877	2.053
400.000	399.999	0.885	2.195
400.000	400.001	0.926	2.255
400.000	399.999	0.839	2.096
400.000	400.003	0.977	2.234
400.000	400.003	0.806	2.230
400.000	400.000	0.943	2.250
400.000	399.997	0.966	2.235
400.000	400.000	0.989	2.149
400.000	399.999	0.897	2.143
400.000	400.000	1.010	2.237
400.000	400.002	0.920	2.157
400.000	399.998	0.884	2.281
400.000	400.000	0.954	2.165
400.000	400.000	1.002	2.287
400.000	400.004	0.890	2.166
400.000	400.004	1.014	2.191
400.000	400.002	1.005	2.214
400.000	399.996	0.959	2.289
400.000	400.001	0.946	2.347
400.000	399.997	0.940	2.356
400.000	400.003	0.901	2.250
400.000	400.000	0.973	2.137
400.000	399.999	0.950	2.283
400.000	399.999	0.907	2.115
400.000	400.002	0.887	2.223
400.000	399.998	0.949	2.080
400.000	400.002	0.907	2.032
400.000	399.998	0.966	2.147
400.000	400.001	0.714	2.174
400.000	399.999	0.933	2.135
400.000	399.998	0.868	2.202
400.000	400.001	0.061	0.824
400.000	400.002	0.152	5.646
400.000	399.998	0.711	2.266
400.000	400.001	0.899	2.046
400.000	400.004	0.160	5.255
400.000	399.998	0.131	3.352
400.000	400.001	0.883	2.095
400.000	400.003	0.143	1.437
400.000	399.999	0.246	4.593
400.000	399.994	0.704	2.068
400.000	400.000	0.638	2.166
400.000	400.002	0.067	0.278
400.000	400.000	0.074	2.922
400.000	399.999	0.872	2.128
400.000	400.000	0.244	1.827
400.000	400.002	0.079	4.542
400.000	400.002	0.787	2.145
400.000	400.001	0.667	2.247
400.000	400.001	0.113	5.287
400.000	400.003	0.213	2.063
400.000	400.004	0.978	2.256
400.000	399.999	0.387	2.020
400.000	400.001	0.144	5.926
400.000	400.001	0.674	2.102
400.000	400.001	0.654	2.143
400.000	400.002	0.121	3.112
400.000	399.999	0.823	2.027
400.000	400.003	0.268	1.873
400.000	400.004	0.165	4.617
400.000	399.999	0.370	1.909
400.000	399.999	0.762	2.253
400.000	399.998	0.192	1.503
400.000	399.999	0.118	3.159
400.000	399.997	0.762	2.127
400.000	399.999	0.100	1.584
400.000	399.996	0.183	4.406
400.000	399.997	0.554	1.983
400.000	399.999	0.781	2.102
400.000	400.002	0.080	1.088
400.000	399.998	0.123	3.688
400.000	400.003	0.745	2.329
400.000	399.994	0.698	2.169
400.000	399.999	0.128	5.091
400.000	400.002	0.219	1.887
400.000	400.000	0.863	2.325
400.000	400.000	0.174	2.106
400.000	400.004	0.128	3.822
400.000	400.001	0.883	2.116
400.000	400.000	0.304	2.071
400.000	400.001	0.144	5.068
400.000	400.002	0.547	1.944
400.000	400.002	0.896	2.123
400.000	400.000	0.116	5.360
400.000	399.999	0.309	2.106
400.000	400.000	0.693	2.109
400.000	400.001	0.143	4.741
400.000	399.997	0.815	2.202
400.000	400.001	0.457	1.993
400.000	400.002	0.103	4.506
400.000	400.001	0.320	2.500
400.000	400.001	0.645	1.965
400.000	400.001	0.129	0.417
400.000	399.998	0.127	3.193
400.000	399.998	0.815	2.151
400.000	400.002	0.306	2.078
400.000	400.002	0.190	5.061
400.000	399.997	0.531	1.775
400.000	400.002	0.832	2.211
400.000	399.998	0.247	1.440
400.000	399.999	0.117	3.194
400.000	400.000	0.823	2.067
400.000	399.998	0.411	2.294
400.000	399.997	0.240	4.572
400.000	399.998	0.434	2.217
400.000	400.001	0.898	2.249
400.000	400.000	0.075	5.814
400.000	399.999	0.109	3.154
400.000	400.003	0.735	2.291
400.000	399.999	0.679	1.970
400.000	400.000	0.155	5.484
400.000	399.998	0.162	1.850
400.000	400.000	0.816	2.262
400.000	399.999	0.112	4.855
400.000	400.000	0.344	2.396
400.000	400.000	0.888	2.329
400.000	400.002	0.416	2.205
400.000	400.002	0.132	4.928
400.000	400.000	0.497	2.289
400.000	399.998	0.915	2.091
400.000	400.001	0.082	5.024
400.000	399.999	0.348	2.284
400.000	400.004	0.090	4.617
400.000	400.002	0.075	4.673
400.000	399.996	0.348	2.359
400.000	400.006	0.840	2.137
400.000	400.000	0.089	1.826
400.000	400.000	0.150	3.324
400.000	399.999	0.839	2.198
400.000	399.999	0.451	2.016
400.000	400.004	0.173	4.434
400.000	400.000	0.643	2.173
400.000	400.001	0.556	2.065
400.000	400.003	0.062	4.095
400.000	400.001	0.486	2.290
400.000	400.001	0.704	2.122
400.000	400.001	0.116	3.968
400.000	399.999	0.088	3.266
400.000	400.000	0.712	2.294
400.000	399.998	0.673	2.282
400.000	399.997	0.160	4.421
400.000	400.002	0.674	2.180
400.000	400.003	0.540	2.212
400.000	399.999	0.133	4.954
400.000	399.998	0.312	2.343
400.000	400.000	0.771	2.103
400.000	399.998	0.008	4.683
400.000	399.999	0.193	3.252
400.000	400.002	0.861	2.260
400.000	400.000	0.289	1.931
400.000	399.999	0.061	2.873
400.000	399.998	0.858	2.141
400.000	399.999	0.344	3.055
400.000	399.999	0.271	1.848
400.000	400.002	0.455	4.577
400.000	400.003	0.645	2.258
400.000	400.000	0.523	1.815
400.000	400.001	0.200	4.586
400.000	400.001	0.468	3.304
400.000	399.997	0.870	2.168
400.000	400.001	0.150	0.318
400.000	399.997	0.321	3.550
400.000	400.002	0.817	2.234
400.000	399.998	0.136	1.337
400.000	400.002	0.142	4.066
400.000	400.000	0.569	2.345
400.000	399.998	0.584	1.948
400.000	400.000	0.096	4.497
400.000	400.000	0.481	2.333
400.000	400.000	0.772	2.064
400.000	400.001	0.144	2.421
400.000	400.001	0.220	3.427
400.000	400.004	0.761	2.215
400.000	399.997	0.473	1.943
400.000	399.999	0.116	4.879
400.000	400.000	0.423	2.462
400.000	399.999	0.727	2.168
400.000	399.999	0.062	1.622
400.000	399.999	0.307	4.299
400.000	399.998	0.657	2.492
400.000	399.998	0.814	1.984
400.000	399.999	0.169	1.489
400.000	399.999	0.179	4.266
400.000	400.002	0.833	2.131
400.000	400.000	0.126	0.251
400.000	400.000	0.365	3.397
400.000	399.999	0.904	2.249
400.000	399.999	0.536	2.023
400.000	400.001	0.054	5.872
400.000	400.001	0.210	3.769
400.000	400.003	0.838	2.194
400.000	400.001	0.554	1.761
400.000	399.999	0.165	5.086
400.000	400.000	0.222	3.289
400.000	400.000	0.952	2.153
400.000	399.999	0.250	2.031
400.000	399.999	0.288	4.643
400.000	400.003	0.624	2.302
400.000	400.000	0.974	2.022
400.000	399.997	0.038	1.807
400.000	400.002	0.342	3.486
400.000	400.001	0.969	2.171
400.000	400.001	0.510	2.046
400.000	400.000	0.079	4.824
400.000	399.996	0.262	2.872
400.000	399.999	0.938	2.348
400.000	400.000	0.253	1.206
400.000	399.998	0.283	3.979
400.000	400.001	0.857	2.483
400.000	400.001	0.570	2.039
400.000	400.000	0.198	4.996
400.000	400.000	0.448	2.940
400.000	400.003	1.067	2.132
400.000	400.002	0.538	1.527
400.000	400.001	0.538	0.530
400.000	400.001	0.970	2.049
400.000	400.001	0.375	1.633
400.000	400.000	0.315	4.467
400.000	400.000	0.631	2.718
400.000	399.999	0.829	2.102
400.000	400.000	0.165	0.766
400.000	400.000	0.303	3.834
400.000	400.001	0.768	2.324
400.000	400.001	0.638	1.904
400.000	400.002	0.282	4.587
400.000	400.003	0.444	2.696
400.000	400.001	0.766	2.086
400.000	399.997	0.108	0.787
400.000	400.003	0.287	3.861
400.000	399.998	0.912	2.294
400.000	400.000	0.489	1.527
400.000	399.998	0.278	5.467
400.000	400.000	0.558	2.692
400.000	399.998	0.759	2.211
400.000	399.999	0.068	0.692
400.000	399.999	0.262	3.547
400.000	399.998	0.885	2.181
400.000	400.001	0.357	1.394
400.000	399.996	0.265	4.349
400.000	400.003	0.651	2.467
400.000	400.000	0.907	2.096
400.000	400.001	0.208	1.372
400.000	400.000	0.163	3.376
400.000	400.001	0.712	2.334
400.000	399.998	0.789	2.001
400.000	400.001	0.225	4.485
400.000	400.001	0.693	2.270
400.000	399.998	0.846	2.019
400.000	400.004	0.165	5.349
400.000	400.000	0.396	2.636
400.000	399.998	0.760	2.046
400.000	400.002	0.145	0.633
400.000	400.001	0.292	3.620
400.000	400.002	0.749	2.476
400.000	399.999	0.589	2.101
400.000	400.002	0.168	4.892
400.000	400.000	0.439	2.438
400.000	399.999	0.894	2.173
400.000	400.002	0.250	1.431
400.000	399.997	0.261	4.199
400.000	399.999	0.746	2.393
400.000	399.999	0.662	2.088
400.000	400.001	0.170	5.796
400.000	399.999	0.363	2.906
400.000	399.999	0.926	2.327
400.000	400.000	0.411	1.824
400.000	400.001	0.216	4.770
400.000	400.001	0.702	2.535
400.000	399.998	0.577	1.788
400.000	399.999	0.167	5.638
400.000	399.997	0.387	2.957
400.000	400.005	0.895	2.366
400.000	399.999	0.256	1.542
400.000	399.997	0.288	4.501
400.000	399.999	0.609	2.562
400.000	399.998	0.150	1.471
400.000	400.000	0.253	4.144
400.000	399.996	0.730	2.465
400.000	399.999	0.766	1.875
400.000	400.001	0.284	0.990
400.000	400.001	0.159	3.845
400.000	400.002	0.753	2.315
400.000	400.000	0.643	1.994
400.000	399.996	0.100	5.442
400.000	400.004	0.707	2.698
400.000	400.001	0.563	1.943
400.000	399.999	0.153	5.193
400.000	399.998	0.726	2.372
400.000	400.001	0.836	2.011
400.000	399.999	0.102	1.802
400.000	400.000	0.364	3.843
400.000	400.001	0.847	2.288
400.000	399.997	0.638	1.816
400.000	400.002	0.156	0.329
400.000	400.002	0.329	3.630
400.000	400.001	0.975	2.184
400.000	400.001	0.591	1.965
400.000	400.001	0.241	4.943
400.000	400.003	0.599	2.736
400.000	400.000	0.785	2.014
400.000	400.002	0.148	0.716
400.000	400.000	0.389	2.625
400.000	400.000	0.909	2.212
400.000	399.999	0.197	0.991
400.000	400.000	0.217	3.211
400.000	400.000	0.924	2.268
400.000	400.002	0.213	4.781
400.000	400.001	0.660	2.849
400.000	399.998	0.912	2.191
400.000	399.999	0.274	1.383
400.000	399.999	0.390	4.453
400.000	399.998	0.757	2.376
400.000	400.000	0.827	2.202
400.000	400.001	0.236	1.313
400.000	399.996	0.273	4.502
400.000	400.003	0.810	2.515
400.000	399.998	0.803	1.943
400.000	400.000	0.114	1.227
400.000	400.003	0.300	3.593
400.000	399.999	0.969	2.239
400.000	400.001	0.195	1.749
400.000	400.000	0.209	4.112
400.000	400.000	0.957	2.320
400.000	400.001	0.495	1.810
400.000	400.000	0.266	4.940
400.000	399.999	0.882	2.541
400.000	400.004	0.564	1.894
400.000	400.000	0.204	5.406
400.000	400.003	0.579	2.807
400.000	399.999	1.000	1.928
400.000	400.002	0.167	1.070
400.000	400.000	0.252	4.155
400.000	399.998	0.776	2.522
400.000	400.000	0.767	1.986
400.000	399.997	0.263	1.025
400.000	399.998	0.314	3.789
400.000	400.002	0.876	2.438
400.000	400.000	0.080	0.414
400.000	400.002	0.268	3.750
400.000	400.002	0.851	2.243
400.000	400.000	0.427	1.633
400.000	400.001	0.238	5.586
400.000	399.998	0.599	2.687
400.000	400.000	0.743	2.128
400.000	399.998	0.268	1.722
400.000	400.001	0.155	4.171
400.000	400.000	0.746	2.286
400.000	400.002	0.708	1.779
400.000	400.000	0.180	0.152
400.000	400.003	0.266	4.138
400.000	400.000	0.778	2.247
400.000	400.000	0.432	1.655
400.000	400.002	0.272	4.513
400.000	399.999	0.575	2.874
400.000	399.998	0.904	2.293
400.000	400.002	0.186	1.751
400.000	400.000	0.109	4.864
400.000	400.002	0.644	2.524
400.000	400.000	0.521	2.027
400.000	400.001	0.241	4.608
400.000	399.999	0.643	2.542
400.000	399.999	0.838	2.170
400.000	399.998	0.063	1.453
400.000	400.000	0.395	3.045
400.000	399.997	0.800	2.293
400.000	400.000	0.258	1.637
400.000	399.999	0.225	3.798
400.000	400.000	0.801	2.473
400.000	400.001	0.078	4.738
400.000	400.000	0.328	3.260
400.000	399.999	0.852	2.253
400.000	399.998	0.504	1.493
400.000	399.999	0.135	4.730
400.000	399.998	0.696	2.513
400.000	399.999	0.879	2.284
400.000	399.999	0.298	0.838
400.000	399.999	0.155	4.643
400.000	400.005	0.801	2.489
400.000	399.999	0.582	1.870
400.000	400.000	0.191	0.002
400.000	400.002	0.128	2.878
400.000	399.999	0.873	2.233
400.000	399.999	0.331	1.698
400.000	399.995	0.153	5.219
400.000	400.000	0.740	2.471
400.000	400.000	0.727	1.986
400.000	399.998	0.072	0.026
400.000	400.001	0.279	3.021
400.000	400.000	0.848	2.143
400.000	400.001	0.270	1.719
400.000	399.999	0.131	4.748
400.000	400.000	0.876	2.463
400.000	400.003	0.350	1.570
400.000	399.999	0.168	4.032
400.000	400.002	0.852	2.548
400.000	399.998	0.531	1.937
400.000	399.998	0.110	3.972
400.000	400.002	0.811	2.252
400.000	399.999	0.149	1.143
400.000	399.998	0.276	3.168
400.000	399.999	0.884	2.256
400.000	400.003	0.310	1.875
400.000	399.998	0.215	4.633
400.000	399.998	0.755	2.592
400.000	400.001	0.557	1.801
400.000	399.998	0.026	1.677
400.000	400.001	0.251	3.093
400.000	400.002	0.926	2.364
400.000	400.002	0.232	1.124
400.000	399.999	0.223	3.234
400.000	399.998	1.015	2.479
400.000	400.002	0.258	1.434
400.000	400.001	0.173	4.528
400.000	400.000	0.910	2.322
400.000	400.000	0.693	2.011
400.000	400.002	0.148	0.023
400.000	400.002	0.619	2.544
400.000	399.999	0.525	1.992
400.000	400.003	0.118	0.485
400.000	400.001	0.405	3.223
400.000	400.000	0.985	2.489
400.000	399.997	0.462	2.011
400.000	399.999	0.099	4.723
400.000	400.000	0.735	2.656
400.000	399.999	0.886	2.199
400.000	399.999	0.138	1.359
400.000	400.000	0.491	2.398
400.000	399.999	0.941	2.038
400.000	400.000	0.265	0.877
400.000	400.002	0.085	5.317
400.000	399.998	0.697	2.395
400.000	400.002	0.616	1.999
400.000	399.999	0.057	1.530
400.000	399.998	0.254	3.448
400.000	400.003	0.951	2.358
400.000	399.999	0.298	1.849
400.000	400.000	0.200	4.497
400.000	399.999	0.545	2.614
400.000	399.999	0.948	2.180
400.000	399.999	0.265	1.851
400.000	400.004	0.168	4.984
400.000	399.999	0.711	2.475
400.000	400.001	0.529	1.832
400.000	400.005	0.146	4.940
400.000	400.001	0.472	2.583
400.000	400.002	0.790	2.007
400.000	400.002	0.094	5.673
400.000	400.002	0.479	2.809
400.000	400.003	0.757	2.033
400.000	399.995	0.203	6.264
400.000	399.997	0.119	2.606
400.000	399.996	0.821	2.117
400.000	400.002	0.399	0.884
400.000	399.998	0.187	4.899
400.000	400.000	0.577	2.689
400.000	400.000	0.721	2.140
400.000	399.998	0.150	0.505
400.000	400.002	0.330	3.018
400.000	399.999	0.574	1.820
400.000	400.001	0.135	4.902
400.000	399.996	0.423	2.250
400.000	400.003	0.968	2.322
400.000	400.000	0.154	1.185
400.000	399.998	0.142	3.651
400.000	399.998	0.782	2.612
400.000	400.002	0.805	2.000
400.000	400.002	0.149	0.958
400.000	400.001	0.245	3.187
400.000	399.997	0.943	2.359
400.000	400.001	0.245	1.030
400.000	399.998	0.186	3.752
400.000	399.997	0.877	2.281
400.000	400.005	0.708	1.964
400.000	400.002	0.083	1.112
400.000	400.000	0.289	4.092
400.000	399.999	0.985	2.453
400.000	400.000	0.343	1.781
400.000	400.001	0.165	4.783
400.000	400.001	0.871	2.322
400.000	400.001	0.428	1.484
400.000	399.999	0.132	4.571
400.000	400.001	0.837	2.289
400.000	399.998	0.614	1.838
400.000	399.999	0.203	4.409
400.000	399.999	0.266	2.993
400.000	400.000	0.904	2.199
400.000	400.002	0.121	1.079
400.000	400.001	0.661	2.451
400.000	400.000	0.812	1.918
400.000	400.000	0.225	0.534
400.000	400.002	0.113	3.241
400.000	399.999	0.861	2.253
400.000	400.000	0.750	2.379
400.000	400.000	0.258	0.963
400.000	400.002	0.023	5.664
400.000	400.000	0.766	2.497
400.000	399.998	0.572	2.119
400.000	399.998	0.114	4.121
400.000	400.000	0.386	2.708
400.000	399.999	0.997	2.237
400.000	399.999	0.454	1.651
400.000	399.993	0.178	4.702
400.000	399.999	0.626	2.225
400.000	399.996	0.568	1.918
400.000	400.002	0.194	0.269
400.000	400.000	0.398	2.804
400.000	400.002	0.958	2.054
400.000	400.000	0.207	1.229
400.000	400.000	0.206	3.480
400.000	400.000	0.842	2.378
400.000	399.999	0.728	1.933
400.000	400.002	0.132	5.745
400.000	399.999	0.463	2.579
400.000	399.997	0.763	1.885
400.000	400.000	0.276	0.678
400.000	400.000	0.293	3.461
400.000	400.003	0.973	2.053
400.000	399.999	0.105	5.868
400.000	400.000	0.737	2.592
400.000	399.999	0.856	2.212
400.000	399.998	0.089	0.648
400.000	399.998	0.384	3.129
400.000	400.002	0.964	2.244
400.000	399.999	0.270	1.035
400.000	400.000	0.142	4.547
400.000	400.002	0.763	2.342
400.000	399.999	0.733	1.952
400.000	400.001	0.128	0.063
400.000	399.999	0.357	2.250
400.000	399.999	0.959	2.208
400.000	400.005	0.098	0.798
400.000	400.002	0.071	4.672
400.000	400.003	0.786	2.262
400.000	400.002	0.439	1.675
400.000	400.002	0.078	4.249
400.000	400.000	0.498	2.687
400.000	399.997	0.916	2.157
400.000	399.999	0.385	1.221
400.000	399.998	0.303	0.206
400.000	400.000	0.477	2.546
400.000	400.000	0.989	2.201
400.000	400.002	0.199	1.406
400.000	400.000	0.225	2.760
400.000	400.002	0.942	2.204
400.000	400.003	0.169	0.898
400.000	399.999	0.143	3.395
400.000	400.001	0.982	2.234
400.000	399.998	0.154	4.730
400.000	400.004	0.384	2.813
400.000	400.001	1.051	2.180
400.000	400.000	0.470	1.652
400.000	400.000	0.139	5.281
400.000	400.003	0.404	2.444
400.000	400.002	1.042	2.275
400.000	399.997	0.137	1.040
400.000	400.001	0.144	3.013
400.000	399.999	1.022	2.128
400.000	399.997	0.717	1.733
400.000	400.000	0.137	0.282
400.000	400.000	0.137	3.034
400.000	399.999	0.980	2.375
400.000	400.001	0.448	1.705
400.000	400.002	0.153	4.215
400.000	400.001	0.791	2.303
400.000	400.002	0.508	1.669
400.000	399.998	0.108	4.091
400.000	399.998	0.308	3.467
400.000	400.002	0.848	2.294
400.000	399.998	0.278	1.315
400.000	400.000	0.055	1.060
400.000	399.998	0.594	2.566
400.000	400.000	0.826	2.132
400.000	399.999	0.204	0.853
400.000	400.001	0.090	2.760
400.000	399.999	0.928	2.289
400.000	399.997	0.630	1.902
400.000	400.002	0.057	0.011
400.000	400.000	0.540	2.645
400.000	399.998	0.288	1.301
400.000	400.005	0.138	4.638
400.000	400.000	0.734	2.457
400.000	399.999	0.583	2.144
400.000	400.001	0.040	6.191
400.000	400.001	0.292	2.599
400.000	399.999	0.826	2.247
400.000	399.998	0.468	1.645
400.000	399.999	0.184	3.745
400.000	400.001	0.846	2.455
400.000	399.999	0.625	1.913
400.000	399.998	0.122	4.546
400.000	400.000	0.363	2.998
400.000	400.000	0.879	2.322
400.000	400.001	0.312	1.393
400.000	399.999	0.278	3.854
400.000	400.000	0.622	2.513
400.000	399.999	0.812	2.174
400.000	399.997	0.086	0.543
400.000	400.000	0.362	3.112
400.000	400.001	0.920	2.185
400.000	400.003	0.304	0.719
400.000	400.003	0.166	3.624
400.000	400.002	0.972	2.276
400.000	400.002	0.425	1.236
400.000	399.997	0.174	4.443
400.000	400.002	0.844	2.442
400.000	400.000	0.817	2.078
400.000	399.998	0.126	0.097
400.000	400.000	1.146	2.478
400.000	400.000	0.547	1.643
400.000	399.999	0.232	6.231
400.000	400.002	0.286	3.041
400.000	400.000	0.914	2.232
400.000	400.001	0.071	0.405
400.000	400.000	0.063	5.778
400.000	399.999	0.778	2.490
400.000	400.002	0.825	2.093
400.000	399.998	0.145	0.631
400.000	400.000	0.233	3.438
400.000	399.998	0.951	2.195
400.000	399.996	0.514	1.723
400.000	399.996	0.082	5.381
400.000	400.003	0.572	2.525
400.000	400.001	0.777	2.056
400.000	400.001	0.240	6.149
400.000	399.999	0.329	3.179
400.000	400.001	1.057	2.324
400.000	400.001	0.441	1.376
400.000	399.998	0.126	5.000
400.000	399.999	0.659	2.531
400.000	399.999	0.877	2.062
400.000	400.000	0.408	0.773
400.000	399.997	0.126	6.038
400.000	400.001	0.703	2.697
400.000	400.002	0.774	2.062
400.000	399.999	0.251	6.193
400.000	400.005	0.375	2.725
400.000	399.997	1.098	2.369
400.000	400.000	0.385	1.224
400.000	400.000	0.479	2.679
400.000	400.000	0.933	2.174
400.000	399.998	0.230	0.048
400.000	399.998	0.480	2.817
400.000	399.997	0.830	2.095
400.000	399.999	0.277	0.424
400.000	400.000	0.601	2.727
400.000	400.000	0.972	2.113
400.000	400.002	0.326	0.853
400.000	400.000	0.128	3.927
400.000	399.998	0.920	2.311
400.000	399.998	0.818	1.540
400.000	400.001	0.299	0.424
400.000	400.001	0.234	2.958
400.000	400.001	1.008	2.370
400.000	399.999	0.509	1.310
400.000	399.999	0.203	5.082
400.000	400.001	0.465	2.651
400.000	400.000	1.037	2.326
400.000	400.002	0.215	0.465
400.000	400.003	0.141	3.358
400.000	399.998	1.056	2.455
400.000	400.000	0.387	1.794
400.000	399.999	0.141	4.106
400.000	400.000	0.909	2.420
400.000	400.001	0.674	1.817
400.000	400.002	0.303	5.658
400.000	400.004	0.502	2.538
400.000	400.003	0.916	2.182
400.000	399.999	0.236	5.178
400.000	399.998	0.543	2.536
400.000	399.999	1.018	2.300
400.000	400.000	0.359	0.732
400.000	399.999	0.166	5.174
400.000	400.002	0.651	2.661
400.000	399.999	1.013	2.109
400.000	399.997	0.265	0.410
400.000	399.999	0.257	3.165
400.000	400.002	1.030	2.369
400.000	400.001	0.569	1.871
400.000	400.000	0.109	5.201
400.000	399.997	0.737	2.426
400.000	399.995	0.757	2.136
400.000	399.999	0.262	0.148
400.000	399.997	0.313	3.247
400.000	400.000	0.981	2.134
400.000	400.006	0.411	1.325
400.000	400.000	0.219	3.486
400.000	400.002	1.101	2.248
400.000	399.997	0.423	1.483
400.000	400.004	0.118	5.035
400.000	400.002	0.976	2.511
400.000	400.005	0.626	2.015
400.000	400.002	0.130	0.090
400.000	399.996	0.300	2.906
400.000	400.002	1.049	2.390
400.000	400.000	0.434	1.499
400.000	400.000	0.161	5.096
400.000	400.001	0.780	2.551
400.000	400.000	0.360	0.926
400.000	400.001	0.157	3.215
400.000	400.002	0.914	2.495
400.000	400.001	0.607	1.898
400.000	400.000	0.186	5.919
400.000	400.004	0.338	2.803
400.000	399.999	0.981	2.327
400.000	399.999	0.326	1.196
400.000	400.001	0.183	4.320
400.000	399.998	0.684	2.535
400.000	400.001	0.882	2.312
400.000	399.999	0.144	0.515
400.000	400.001	0.095	2.674
400.000	399.997	0.979	2.602
400.000	400.000	0.533	1.679
400.000	400.000	0.135	5.178
400.000	400.002	0.441	2.745
400.000	400.002	0.965	2.364
400.000	400.001	0.224	0.942
400.000	400.000	0.251	3.133
400.000	400.000	0.927	2.338
400.000	399.999	0.687	1.905
400.000	400.004	0.070	4.903
400.000	399.999	0.611	2.272
400.000	400.001	1.010	2.079
400.000	400.002	0.397	0.682
400.000	399.999	0.120	2.789
400.000	400.000	0.943	2.365
400.000	400.004	0.636	1.561
400.000	399.999	0.228	5.857
400.000	399.999	0.786	2.359
400.000	400.002	0.214	0.181
400.000	400.003	0.176	2.938
400.000	399.999	0.996	2.288
400.000	399.999	0.337	1.470
400.000	400.000	0.226	3.659
400.000	400.001	0.938	2.628
400.000	400.000	0.754	1.908
400.000	400.000	0.164	6.240
400.000	400.000	0.292	2.828
400.000	400.004	0.951	2.254
400.000	400.002	0.324	1.266
400.000	399.998	0.273	6.035
400.000	400.001	0.628	2.288
400.000	400.000	0.854	2.241
400.000	399.998	0.198	6.283
400.000	400.004	0.086	3.213
400.000	400.001	0.851	2.332
400.000	399.996	0.813	2.091
400.000	399.997	0.202	6.154
400.000	399.996	0.370	2.761
400.000	399.999	0.936	2.449
400.000	400.001	0.498	1.503
400.000	400.000	0.108	4.929
400.000	399.999	0.620	2.543
400.000	400.000	0.828	2.121
400.000	399.999	0.227	6.171
400.000	400.001	0.437	2.572
400.000	400.001	1.027	2.370
400.000	400.000	0.536	1.500
400.000	399.999	0.160	5.253
400.000	400.000	0.803	2.348
400.000	400.001	0.247	0.254
400.000	399.996	0.190	3.151
400.000	399.996	0.984	2.243
400.000	399.998	0.599	1.568
400.000	399.998	0.320	6.094
400.000	400.000	0.410	2.413
400.000	399.999	0.960	2.325
400.000	400.001	0.444	1.385
400.000	400.000	0.101	4.658
400.000	400.000	0.741	2.411
400.000	399.999	0.786	2.301
400.000	399.999	0.236	0.225
400.000	399.997	0.100	2.975
400.000	400.001	0.908	2.099
400.000	400.006	0.408	1.520
400.000	399.999	0.178	5.026
400.000	400.002	0.588	2.459
400.000	400.003	1.004	2.179
400.000	399.998	0.324	0.984
400.000	399.999	0.138	4.981
400.000	400.004	0.795	2.545
400.000	400.001	0.899	2.214
400.000	400.000	0.204	0.136
400.000	399.996	0.189	4.310
400.000	400.005	0.917	2.332
400.000	400.001	0.717	2.091
400.000	400.001	0.358	0.152
400.000	400.001	0.194	2.017
400.000	400.000	1.016	2.395
400.000	399.996	0.416	1.104
400.000	399.997	0.035	4.855
400.000	400.000	0.884	2.245
400.000	399.999	0.239	5.920
400.000	400.001	0.435	2.532
400.000	399.995	1.062	2.345
400.000	399.998	0.351	1.136
400.000	399.999	0.085	4.548
400.000	399.999	0.973	2.260
400.000	400.000	0.243	1.452
400.000	399.998	0.072	4.079
400.000	399.997	0.922	2.531
400.000	400.000	0.693	2.169
400.000	399.999	0.310	0.182
400.000	400.002	0.415	2.870
400.000	400.000	1.061	2.419
400.000	400.001	0.381	1.813
400.000	400.001	0.250	5.244
400.000	399.999	0.649	2.472
400.000	399.998	0.818	2.288
400.000	400.000	0.425	0.877
400.000	400.004	0.148	3.925
400.000	400.001	0.939	2.421
400.000	399.997	0.399	1.754
400.000	399.998	0.308	5.993
400.000	399.997	0.407	2.454
400.000	399.998	0.896	2.149
400.000	400.001	0.340	0.579
400.000	399.999	0.191	4.661
400.000	400.002	0.743	2.499
400.000	400.003	0.914	2.255
400.000	400.001	0.167	2.452
400.000	400.000	0.856	2.589
400.000	399.999	0.741	2.080
400.000	399.999	0.194	5.723
400.000	400.001	0.168	3.198
400.000	399.999	0.995	2.354
400.000	400.003	0.335	1.080
400.000	400.000	0.157	5.501
400.000	399.998	0.514	2.413
400.000	400.001	1.000	2.353
400.000	399.998	0.274	0.791
400.000	400.002	0.097	5.191
400.000	400.001	0.920	2.428
400.000	399.999	0.794	1.937
400.000	400.002	0.256	6.049
400.000	400.002	0.517	2.643
400.000	399.999	0.928	2.208
400.000	400.000	0.371	0.338
400.000	399.998	0.261	2.993
400.000	399.998	0.989	2.421
400.000	400.002	0.238	0.273
400.000	400.001	0.087	4.896
400.000	400.004	1.032	2.288
400.000	400.002	0.319	1.160
400.000	399.999	0.202	4.568
400.000	399.999	0.712	2.571
400.000	400.003	0.849	2.032
400.000	399.997	0.329	0.073
400.000	400.000	0.166	2.868
400.000	400.000	1.093	2.465
400.000	400.001	0.343	1.317
400.000	399.999	0.440	2.693
400.000	400.000	1.088	2.363
400.000	400.001	0.377	1.073
400.000	399.997	0.213	4.731
400.000	400.002	0.924	2.551
400.000	399.995	0.894	2.296
400.000	399.999	0.204	5.408
400.000	399.999	0.274	3.055
400.000	400.002	1.003	2.417
400.000	400.003	0.391	1.476
400.000	400.001	0.103	4.569
400.000	399.999	1.001	2.329
400.000	400.000	0.531	1.772
400.000	400.003	0.302	5.212
400.000	400.000	0.820	2.358
400.000	399.999	0.661	1.759
400.000	399.998	0.341	5.800
400.000	399.999	0.592	2.436
400.000	399.996	0.902	2.308
400.000	400.001	0.374	0.554
400.000	400.002	0.191	3.433
400.000	400.000	1.046	2.419
400.000	399.999	0.378	0.866
400.000	400.000	0.290	5.136
400.000	400.002	0.738	2.361
400.000	400.000	0.766	2.002
400.000	400.001	0.353	5.758
400.000	400.004	0.184	3.074
400.000	400.000	0.989	2.264
400.000	399.998	0.254	5.482
400.000	399.997	0.623	2.549
400.000	400.001	0.877	2.229
400.000	400.000	0.411	0.113
400.000	400.002	0.036	2.973
400.000	400.000	0.994	2.409
400.000	399.999	0.373	1.538
400.000	400.000	0.373	5.854
400.000	400.000	0.661	2.300
400.000	400.000	0.834	2.232
400.000	399.998	0.296	0.798
400.000	399.998	0.339	4.911
400.000	400.002	0.911	2.438
400.000	400.002	0.477	1.631
400.000	399.999	0.259	5.232
400.000	400.000	0.818	2.321
400.000	399.999	0.789	1.959
400.000	400.000	0.403	5.742
400.000	400.003	0.162	4.202
400.000	400.003	0.975	2.398
400.000	399.998	0.610	1.902
400.000	400.001	0.554	6.105
400.000	400.001	0.258	3.537
400.000	400.002	0.949	2.434
400.000	400.002	0.447	1.467
400.000	400.000	0.223	5.151
400.000	399.999	0.941	2.427
400.000	400.000	0.427	1.739
400.000	400.000	0.388	5.571
400.000	399.998	0.653	2.952
400.000	399.995	0.494	1.606
400.000	399.998	0.409	5.583
400.000	400.001	0.499	2.791
400.000	399.999	0.957	2.212
400.000	400.000	0.358	0.408
400.000	399.998	0.345	5.140
400.000	400.002	0.858	2.514
400.000	399.998	0.891	2.171
400.000	400.001	0.407	0.324
400.000	400.000	0.325	4.896
400.000	399.998	0.936	2.450
400.000	399.999	0.468	1.618
400.000	399.998	0.321	5.288
400.000	400.000	0.843	2.654
400.000	399.999	0.934	2.160
400.000	399.998	0.314	0.460
400.000	399.997	0.221	5.430
400.000	400.001	0.934	2.337
400.000	400.002	0.551	1.710
400.000	399.999	0.287	5.832
400.000	399.999	0.424	2.668
400.000	400.002	1.003	2.294
400.000	399.998	0.325	0.567
400.000	400.001	0.305	4.988
400.000	400.000	0.872	2.528
400.000	400.000	0.723	2.054
400.000	399.998	0.390	0.013
400.000	399.996	0.280	4.200
400.000	400.003	0.890	2.256
400.000	399.995	0.673	2.112
400.000	400.005	0.677	3.688
400.000	400.002	0.884	2.428
400.000	400.001	0.593	2.118
400.000	400.002	0.420	5.564
400.000	400.000	0.117	2.526
400.000	400.001	0.983	2.312
400.000	400.002	0.682	1.844
400.000	399.999	0.378	0.053
400.000	400.000	0.254	4.501
400.000	399.999	0.998	2.339
400.000	399.998	0.585	2.189
400.000	400.001	0.321	5.908
400.000	400.002	0.167	5.172
400.000	400.000	0.947	2.471
400.000	399.999	0.579	1.856
400.000	399.998	0.406	5.175
400.000	400.001	0.380	3.106
400.000	399.999	0.912	2.376
400.000	400.002	0.321	0.503
400.000	400.000	0.143	4.510
400.000	399.998	1.033	2.360
400.000	400.000	0.359	0.534
400.000	399.998	0.192	4.726
400.000	400.001	0.784	2.282
400.000	399.997	0.796	1.965
400.000	399.998	0.429	5.442
400.000	399.999	0.391	2.332
400.000	400.001	1.061	2.325
400.000	400.000	0.409	0.948
400.000	399.994	0.297	5.270
400.000	400.000	1.017	2.300
400.000	399.997	0.263	0.405
400.000	400.002	0.804	2.557
400.000	400.000	0.624	1.995
400.000	400.000	0.466	5.356
400.000	400.000	0.717	2.371
400.000	400.001	0.777	2.208
400.000	400.002	0.381	5.881
400.000	400.002	0.241	2.832
400.000	400.005	0.978	2.378
400.000	400.000	0.426	1.756
400.000	399.998	0.368	4.919
400.000	400.000	0.715	2.281
400.000	400.002	0.805	2.104
400.000	400.001	0.340	5.801
400.000	400.002	0.479	2.666
400.000	400.000	0.956	2.347
400.000	400.000	0.345	1.059
400.000	399.999	0.284	4.688
400.000	400.000	0.852	2.408
400.000	399.999	0.883	2.094
400.000	399.997	0.328	5.936
400.000	399.999	0.367	2.932
400.000	399.998	1.057	2.282
400.000	400.003	0.270	0.825
400.000	399.997	0.236	4.572
400.000	400.000	0.983	2.377
400.000	400.000	0.397	1.787
400.000	399.997	0.266	5.116
400.000	399.998	1.065	2.333
400.000	400.000	0.096	5.249
400.000	399.998	0.093	4.171
400.000	400.000	1.014	2.442
400.000	400.002	0.763	2.280
400.000	400.002	0.366	6.090
400.000	399.999	0.225	4.514
400.000	400.002	1.052	2.400
400.000	400.004	0.263	1.095
400.000	399.997	0.368	5.068
400.000	400.000	0.730	2.443
400.000	399.996	0.970	2.237
400.000	399.998	0.305	0.776
400.000	400.000	0.316	5.306
400.000	400.003	0.801	2.451
400.000	399.998	0.671	2.018
400.000	399.999	0.442	5.684
400.000	399.997	0.115	4.408
400.000	400.001	0.971	2.301
400.000	400.001	0.541	2.007
400.000	400.000	0.438	5.911
400.000	400.002	0.377	2.626
400.000	400.001	0.790	2.121
400.000	400.002	0.341	6.117
400.000	400.001	0.253	4.840
400.000	399.996	0.946	2.304
400.000	400.006	0.810	2.247
400.000	400.002	0.401	6.259
400.000	399.998	0.116	4.340
400.000	399.999	1.016	2.210
400.000	399.999	0.332	0.820
400.000	400.002	0.312	5.276
400.000	400.003	2.029	2.361
400.000	400.002	0.315	0.356
400.000	399.997	0.343	4.503
400.000	400.000	0.972	2.403
400.000	400.000	0.716	2.006
400.000	400.003	0.411	5.930
400.000	400.000	0.395	2.792
400.000	400.004	0.905	2.182
400.000	399.998	0.364	6.105
400.000	400.002	0.243	4.582
400.000	400.002	0.810	2.282
400.000	399.998	0.801	2.217
400.000	399.999	0.467	5.796
400.000	400.003	0.276	3.626
400.000	400.001	1.148	2.423
400.000	399.999	0.577	1.967
400.000	400.003	0.473	5.503
400.000	400.000	0.710	2.488
400.000	399.999	1.048	2.339
400.000	399.999	0.347	0.442
400.000	400.001	0.284	4.978
400.000	400.001	0.877	2.507
400.000	400.000	0.905	2.135
400.000	400.002	0.275	6.106
400.000	400.001	0.286	4.619
400.000	399.999	0.928	2.466
400.000	400.003	0.584	1.768
400.000	400.002	0.510	5.728
400.000	399.998	0.604	2.696
400.000	399.998	0.729	2.204
400.000	399.999	0.453	5.934
400.000	399.999	0.603	2.703
400.000	400.003	0.658	2.156
400.000	400.002	0.312	4.905
400.000	399.999	0.909	2.306
400.000	400.003	0.511	2.081
400.000	400.000	0.326	5.458
400.000	400.000	0.937	2.467
400.000	400.001	0.495	1.848
400.000	399.996	0.331	5.110
400.000	399.999	0.932	2.346
400.000	399.999	0.717	2.030
400.000	400.001	0.466	6.071
400.000	400.003	0.193	3.343
400.000	399.998	0.973	2.302
400.000	400.000	0.496	1.758
400.000	399.999	0.443	5.442
400.000	399.996	0.676	2.450
400.000	400.003	0.634	2.135
400.000	399.998	0.350	6.044
400.000	400.000	0.249	3.881
400.000	400.000	0.993	2.429
400.000	400.001	0.224	0.387
400.000	400.001	0.337	4.760
400.000	399.999	0.933	2.571
400.000	400.001	0.683	1.909
400.000	400.001	0.481	5.505
400.000	399.999	0.551	2.871
400.000	399.999	1.021	2.212
400.000	400.003	0.276	0.881
400.000	400.001	0.381	5.223
400.000	399.999	0.909	2.354
400.000	400.002	0.486	1.925
400.000	400.000	0.510	6.009
400.000	400.001	0.309	2.601
400.000	400.000	0.798	2.210
400.000	400.000	0.323	4.887
400.000	399.997	0.731	2.469
400.000	400.001	0.907	2.223
400.000	399.998	0.260	6.252
400.000	399.999	0.076	4.949
400.000	399.996	1.066	2.199
400.000	399.999	0.434	1.593
400.000	399.998	0.465	5.786
400.000	400.003	0.717	2.487
400.000	399.998	0.881	2.260
400.000	399.997	0.436	6.096
400.000	400.002	0.156	3.439
400.000	399.999	0.941	2.268
400.000	399.999	0.311	0.915
400.000	399.996	0.293	4.699
400.000	399.997	1.016	2.437
400.000	399.998	0.451	1.665
400.000	400.004	0.544	5.947
400.000	400.000	0.699	2.503
400.000	399.999	0.671	2.069
400.000	400.001	0.480	5.746
400.000	399.996	0.325	2.566
400.000	400.000	0.760	2.164
400.000	399.999	0.424	5.815
400.000	400.001	0.301	2.879
400.000	399.999	1.059	2.419
400.000	399.998	0.210	0.914
400.000	400.000	0.434	5.495
400.000	400.000	0.628	2.538
400.000	400.002	0.218	2.140
400.000	399.999	0.480	5.531
400.000	400.002	0.639	2.610
400.000	400.001	0.898	2.267
400.000	399.997	0.315	6.146
400.000	399.997	0.264	5.013
400.000	400.000	0.974	2.309
400.000	400.000	0.488	1.849
400.000	400.001	0.396	5.508
400.000	399.998	0.256	2.736
400.000	399.998	0.931	2.348
400.000	399.999	0.258	0.129
400.000	400.001	0.434	5.470
400.000	399.999	0.861	2.452
400.000	399.999	0.535	1.596
400.000	399.999	0.396	5.611
400.000	400.002	0.257	2.740
400.000	399.999	1.018	2.269
400.000	400.003	0.335	1.395
400.000	400.002	0.371	5.369
400.000	400.004	0.898	2.464
400.000	399.996	0.408	1.611
400.000	400.001	0.466	5.361
400.000	400.000	0.533	2.396
400.000	399.999	1.006	2.249
400.000	400.000	0.264	1.292
400.000	399.999	0.339	5.098
400.000	400.000	0.886	2.403
400.000	399.999	0.497	1.703
400.000	400.001	0.383	5.609
400.000	399.998	0.166	3.024
400.000	400.000	0.582	1.908
400.000	399.999	0.412	5.495
400.000	399.998	0.693	2.547
400.000	399.999	0.898	2.141
400.000	400.003	0.329	0.063
400.000	399.999	0.311	4.911
400.000	400.003	1.031	2.160
400.000	400.002	0.337	1.579
400.000	400.002	0.478	5.576
400.000	400.003	0.390	2.562
400.000	400.000	0.979	2.282
400.000	400.000	0.228	0.773
400.000	400.000	0.172	5.218
400.000	400.001	1.133	2.312
400.000	399.999	0.626	1.824
400.000	400.001	0.455	5.456
400.000	399.998	0.723	2.373
400.000	399.999	0.825	1.987
400.000	400.000	0.375	6.058
400.000	400.001	0.223	4.749
400.000	400.002	1.166	2.356
400.000	400.001	0.549	1.854
400.000	399.999	0.486	5.593
400.000	400.001	0.374	2.735
400.000	399.998	0.927	2.107
400.000	400.002	0.366	0.062
400.000	400.001	0.288	5.010
400.000	399.995	0.951	2.425
400.000	399.996	0.358	1.312
400.000	400.002	0.285	3.018
400.000	400.002	1.008	2.238
400.000	399.998	0.373	0.637
400.000	400.002	0.568	5.153
400.000	400.001	0.624	2.509
400.000	400.000	0.892	2.302
400.000	400.001	0.233	0.760
400.000	399.999	0.352	5.002
400.000	400.000	0.972	2.426
400.000	399.997	0.629	1.922
400.000	400.000	0.499	5.723
400.000	399.997	0.181	2.761
400.000	399.997	1.024	2.072
400.000	400.004	0.368	0.104
400.000	399.998	0.212	2.559
400.000	400.002	0.841	2.181
400.000	399.999	0.335	6.242
400.000	399.998	0.116	4.602
400.000	400.002	1.056	2.305
400.000	399.999	0.483	1.663
400.000	400.002	0.455	5.687
400.000	399.999	0.306	2.895
400.000	400.002	0.986	2.216
400.000	399.999	0.447	0.508
400.000	400.002	0.400	5.210
400.000	399.998	0.780	2.532
400.000	400.003	0.867	2.221
400.000	400.004	0.431	5.997
400.000	400.002	0.188	3.714
400.000	400.000	0.996	2.282
400.000	400.002	0.413	5.617
400.000	399.998	0.402	2.953
400.000	400.002	0.957	2.127
400.000	400.001	0.403	5.976
400.000	400.001	0.074	3.784
400.000	399.996	1.022	2.255
400.000	400.002	0.548	1.727
400.000	400.002	0.462	5.752
400.000	400.002	0.285	3.557
400.000	399.997	0.952	2.327
400.000	400.001	0.588	1.882
400.000	399.999	0.509	5.661
400.000	399.998	0.225	3.423
400.000	400.002	1.059	2.407
400.000	399.999	0.444	1.471
400.000	400.002	0.504	5.563
400.000	399.999	0.617	2.592
400.000	399.998	0.750	2.241
400.000	399.999	0.367	0.080
400.000	400.001	0.290	4.961
400.000	399.999	0.978	2.414
400.000	400.000	0.786	2.184
400.000	399.999	0.398	5.713
400.000	399.999	0.154	3.446
400.000	400.001	1.034	2.256
400.000	400.001	0.329	1.351
400.000	400.000	0.524	5.493
400.000	399.999	0.440	2.604
400.000	399.998	0.997	2.236
400.000	400.004	0.328	0.845
400.000	400.001	0.305	5.310
400.000	399.999	0.828	2.122
400.000	399.998	0.416	0.144
400.000	400.002	0.132	4.397
400.000	400.000	1.111	2.283
400.000	400.001	0.104	0.829
400.000	399.998	0.515	5.170
400.000	400.003	0.672	2.468
400.000	399.998	1.027	2.183
400.000	399.997	0.312	0.074
400.000	399.999	0.079	2.946
400.000	400.003	1.077	2.330
400.000	400.002	0.504	1.666
400.000	400.002	0.527	5.655
400.000	400.001	0.038	4.372
400.000	400.001	0.979	2.397
400.000	399.997	0.623	1.841
400.000	400.003	0.346	6.019
400.000	400.001	0.195	4.952
400.000	399.999	1.055	2.346
400.000	400.000	0.343	1.263
400.000	400.000	0.382	4.847
400.000	399.998	0.864	2.525
400.000	400.000	0.619	1.982
400.000	399.998	0.521	5.497
400.000	400.003	0.224	2.556
400.000	400.002	1.029	2.260
400.000	400.001	0.445	0.304
400.000	400.002	0.313	4.957
400.000	400.004	0.800	2.342
400.000	399.999	0.854	2.087
400.000	400.000	0.312	0.476
400.000	399.999	0.839	2.077
400.000	399.995	0.933	2.181
400.000	399.997	0.405	0.092
400.000	400.003	0.426	4.727
400.000	400.000	0.861	2.243
400.000	400.000	0.595	1.836
400.000	399.999	0.469	5.472
400.000	400.004	0.142	3.951
400.000	399.999	1.004	2.297
400.000	399.998	0.376	0.334
400.000	399.999	0.400	4.885
400.000	400.000	0.808	2.291
400.000	399.997	0.699	1.916
400.000	399.998	0.390	6.052
400.000	400.003	0.269	3.067
400.000	400.000	0.818	2.183
400.000	399.997	0.440	6.073
400.000	400.002	0.172	4.079
400.000	399.998	1.029	2.167
400.000	399.999	0.337	1.364
400.000	399.998	0.440	5.256
400.000	399.998	0.744	2.442
400.000	400.002	0.693	2.005
400.000	400.000	0.376	6.081
400.000	400.000	0.133	4.640
400.000	400.000	0.985	2.289
400.000	399.995	0.360	6.175
400.000	400.000	0.151	3.466
400.000	399.999	0.967	2.317
400.000	399.996	0.381	0.885
400.000	400.002	0.496	5.180
400.000	400.001	0.243	4.296
400.000	400.002	0.485	1.329
400.000	400.001	0.541	5.471
400.000	400.002	0.288	3.192
400.000	400.000	1.077	2.337
400.000	399.999	0.275	0.250
400.000	399.998	0.330	4.860
400.000	400.001	1.046	2.385
400.000	400.000	0.435	1.617
400.000	400.000	0.504	5.452
400.000	400.000	0.184	3.687
400.000	400.006	1.032	2.218
400.000	400.000	0.392	0.012
400.000	400.001	0.241	4.547
400.000	400.002	1.076	2.359
400.000	399.999	0.678	1.786
400.000	400.000	0.372	5.522
400.000	399.999	0.398	2.645
400.000	400.000	0.834	1.982
400.000	400.000	0.365	6.127
400.000	400.001	0.427	4.907
400.000	400.003	1.025	2.287
400.000	400.002	0.331	0.890
400.000	400.001	0.338	4.925
400.000	399.997	1.103	2.239
400.000	400.000	0.400	0.985
400.000	399.999	0.270	5.069
400.000	400.000	0.905	2.170
400.000	400.001	0.614	1.857
400.000	400.003	0.342	5.876
400.000	399.995	0.202	3.729
400.000	399.999	0.965	2.369
400.000	399.999	0.520	1.646
400.000	400.001	0.484	5.586
400.000	400.002	0.476	2.392
400.000	399.999	0.870	2.064
400.000	400.001	0.442	5.153
400.000	400.000	0.908	2.340
400.000	399.999	0.476	1.526
400.000	400.000	0.429	6.078
400.000	400.004	0.267	3.300
400.000	399.999	1.107	2.409
400.000	400.003	0.554	1.692
400.000	400.000	0.552	5.636
400.000	400.000	0.730	2.595
400.000	400.000	0.710	2.102
400.000	399.999	0.396	5.843
400.000	400.002	0.556	2.662
400.000	399.994	0.821	2.351
400.000	399.999	0.258	0.141
400.000	399.999	0.273	4.911
400.000	400.000	0.901	2.630
400.000	400.003	0.637	2.104
400.000	399.998	0.345	0.032
400.000	399.998	0.157	3.918
400.000	400.000	1.080	2.474
400.000	400.002	0.602	1.918
400.000	400.000	0.391	5.950
400.000	399.998	0.423	2.817
400.000	399.999	0.842	2.029
400.000	400.000	0.383	5.945
400.000	399.998	0.208	3.664
400.000	399.998	0.884	2.129
400.000	400.004	0.380	0.113
400.000	400.000	0.131	4.646
400.000	399.997	1.003	2.461
400.000	399.997	0.478	0.121
400.000	400.000	0.356	4.696
400.000	400.000	0.965	2.296
400.000	400.004	0.617	2.030
400.000	400.001	0.364	5.961
400.000	399.999	0.243	2.987
400.000	399.998	1.126	2.008
400.000	400.001	0.350	0.998
400.000	399.998	0.326	5.399
400.000	399.999	0.386	2.873
400.000	399.999	0.933	2.135
400.000	400.002	0.312	0.015
400.000	400.001	0.164	3.932
400.000	400.002	0.888	2.294
400.000	399.999	0.601	1.893
400.000	399.998	0.406	5.615
400.000	399.999	0.228	3.354
400.000	399.998	1.052	2.323
400.000	399.999	0.197	0.128
400.000	400.001	0.139	4.571
400.000	400.002	1.000	2.375
400.000	399.997	0.596	2.065
400.000	400.002	0.366	5.576
400.000	400.000	0.525	2.721
400.000	400.002	0.906	2.220
400.000	400.000	0.380	0.507
400.000	400.001	0.233	4.526
400.000	399.996	1.204	2.344
400.000	399.999	0.290	1.371
400.000	400.002	0.418	5.173
400.000	399.998	0.940	2.290
400.000	400.000	0.349	6.134
400.000	400.002	0.174	3.661
400.000	400.001	1.208	2.275
400.000	399.998	0.487	1.173
400.000	400.000	0.289	5.039
400.000	399.999	0.680	2.499
400.000	400.003	0.831	2.119
400.000	400.002	0.416	5.792
400.000	399.999	0.252	3.243
400.000	400.002	1.122	2.304
400.000	400.002	0.432	1.285
400.000	400.001	0.344	5.089
400.000	399.999	1.120	2.482
400.000	400.004	0.421	1.348
400.000	399.998	0.468	4.996
400.000	399.997	0.851	2.710
400.000	400.001	0.822	2.012
400.000	399.997	0.450	6.213
400.000	399.999	0.226	3.464
400.000	400.000	1.091	2.280
400.000	400.005	0.488	0.673
400.000	399.999	0.387	4.924
400.000	400.001	0.931	2.498
400.000	400.000	0.607	1.768
400.000	400.001	0.404	5.691
400.000	400.001	0.218	3.982
400.000	399.998	1.103	2.391
400.000	400.000	0.630	1.817
400.000	399.999	0.363	5.944
400.000	400.003	0.863	2.757
400.000	400.000	0.754	1.990
400.000	400.000	0.454	6.058
400.000	399.999	0.162	4.349
400.000	400.000	0.961	2.533
400.000	399.999	0.599	1.952
400.000	399.999	0.393	5.840
400.000	400.002	0.282	3.087
400.000	400.003	1.061	2.299
400.000	399.998	0.418	0.955
400.000	399.998	0.326	4.825
400.000	400.002	0.950	2.331
400.000	399.997	0.391	1.694
400.000	399.998	0.281	5.465
400.000	400.000	0.481	2.459
400.000	399.999	0.928	2.208
400.000	400.001	0.349	5.821
400.000	400.000	0.304	3.186
400.000	399.998	1.071	2.409
400.000	399.996	0.396	0.673
400.000	400.002	0.366	5.225
400.000	399.998	0.618	2.685
400.000	400.001	0.880	2.055
400.000	399.996	0.403	5.572
400.000	399.999	0.342	2.593
400.000	400.000	0.979	2.488
400.000	399.999	0.353	0.801
400.000	400.000	0.252	5.051
400.000	399.998	0.505	2.637
400.000	399.998	0.807	2.235
400.000	400.001	0.367	5.255
400.000	400.001	0.276	2.699
400.000	400.001	0.904	2.415
400.000	400.001	0.256	6.230
400.000	400.001	0.083	4.596
400.000	399.999	1.056	2.466
400.000	400.001	0.386	0.942
400.000	400.000	0.338	4.637
400.000	399.998	0.901	2.490
400.000	400.005	0.619	1.756
400.000	399.999	0.405	5.313
400.000	399.999	0.636	2.689
400.000	399.999	1.109	2.294
400.000	400.001	0.298	0.623
400.000	400.002	0.282	5.129
400.000	399.997	0.910	2.483
400.000	400.001	0.845	2.117
400.000	399.999	0.458	5.894
400.000	400.002	0.306	3.647
400.000	400.002	0.955	2.281
400.000	400.000	0.466	0.426
400.000	399.998	0.266	4.737
400.000	399.997	0.976	2.444
400.000	400.002	0.459	1.268
400.000	399.998	0.375	4.941
400.000	399.999	1.093	2.359
400.000	400.001	0.383	1.145
400.000	399.998	0.305	5.035
400.000	400.000	0.866	2.514
400.000	400.000	0.568	1.278
400.000	400.000	0.277	2.955
400.000	399.999	1.122	2.294
400.000	400.000	0.513	1.296
400.000	400.002	0.495	5.630
400.000	399.998	0.652	2.572
400.000	400.001	0.695	2.012
400.000	400.002	0.471	5.618
400.000	400.002	0.547	2.340
400.000	400.000	0.758	2.263
400.000	399.998	0.314	6.231
400.000	400.001	0.252	3.112
400.000	400.003	0.950	2.231
400.000	400.001	0.483	0.273
400.000	399.998	0.454	4.595
400.000	400.001	0.990	2.552
400.000	399.999	0.700	1.979
400.000	399.998	0.378	5.996
400.000	399.996	0.116	3.292
400.000	399.998	0.999	2.456
400.000	399.998	0.554	1.650
400.000	400.002	0.411	5.174
400.000	400.000	0.639	2.572
400.000	399.999	0.855	2.242
400.000	400.001	0.461	6.112
400.000	400.000	0.376	4.157
400.000	400.000	1.012	2.410
400.000	399.998	0.469	1.217
400.000	399.998	0.524	5.555
400.000	400.000	0.488	2.986
400.000	400.000	0.810	2.223
400.000	399.999	0.572	5.692
400.000	400.002	0.458	2.379
400.000	399.999	0.502	1.444
400.000	400.002	0.504	5.600
400.000	400.002	0.729	2.521
400.000	399.998	0.713	1.956
400.000	400.002	0.457	5.540
400.000	400.000	0.615	2.485
400.000	399.999	0.939	2.342
400.000	399.998	0.464	0.715
400.000	400.002	0.463	5.184
400.000	400.000	0.947	2.413
400.000	399.999	0.622	1.735
400.000	399.999	0.435	5.849
400.000	400.000	0.222	4.284
400.000	400.000	1.069	2.156
400.000	400.000	0.391	1.128
400.000	399.998	0.441	5.102
400.000	399.999	0.871	2.616
400.000	400.000	0.783	2.081
400.000	399.998	0.554	0.608
400.000	399.998	0.275	4.327
400.000	400.003	0.969	2.396
400.000	399.999	0.404	0.980
400.000	399.996	0.469	5.306
400.000	399.999	0.502	2.344
400.000	400.000	0.938	2.180
400.000	399.997	0.457	0.275
400.000	399.999	0.186	4.016
400.000	400.004	1.002	2.404
400.000	399.999	0.520	1.557
400.000	399.999	0.437	5.154
400.000	400.003	0.576	2.499
400.000	399.999	0.470	0.443
400.000	400.001	0.559	4.956
400.000	399.999	0.737	2.333
400.000	399.997	0.688	2.169
400.000	400.002	0.458	5.709
400.000	400.000	0.369	2.840
400.000	399.997	0.817	2.089
400.000	399.997	0.473	0.117
400.000	400.000	0.387	4.838
400.000	400.001	1.020	2.313
400.000	400.001	0.361	1.177
400.000	399.997	0.381	5.525
400.000	400.002	0.868	2.434
400.000	399.999	0.529	1.963
400.000	399.999	0.521	5.907
400.000	400.000	0.410	2.777
400.000	400.000	1.000	2.360
400.000	400.000	0.463	0.511
400.000	399.997	0.357	4.713
400.000	400.001	1.019	2.220
400.000	399.999	0.676	1.860
400.000	400.004	0.593	5.884
400.000	400.000	0.377	4.336
400.000	399.996	0.956	2.452
400.000	400.004	0.642	1.884
400.000	399.998	0.475	5.960
400.000	400.001	0.280	3.737
400.000	400.001	1.049	2.486
400.000	399.999	0.549	1.434
400.000	400.001	0.495	5.338
400.000	399.996	0.432	2.512
400.000	400.002	0.306	1.743
400.000	400.002	0.552	5.406
400.000	400.003	0.556	2.819
400.000	400.002	1.031	2.127
400.000	400.001	0.368	1.065
400.000	399.999	0.504	5.248
400.000	400.002	0.526	2.806
400.000	400.002	1.014	2.055
400.000	400.002	0.420	0.619
400.000	400.000	0.238	4.939
400.000	400.003	0.890	2.339
400.000	400.001	0.506	1.684
400.000	400.000	0.552	5.739
400.000	400.000	0.296	4.245
400.000	400.002	1.005	2.469
400.000	399.999	0.633	1.561
400.000	400.004	0.552	5.691
400.000	399.998	0.170	3.631
400.000	400.000	0.977	2.268
400.000	400.000	0.390	0.307
400.000	399.999	0.246	4.846
400.000	400.002	1.061	2.357
400.000	399.998	0.378	1.083
400.000	399.994	0.539	5.285
400.000	400.002	0.406	2.891
400.000	399.999	1.045	2.155
400.000	399.997	0.432	0.804
400.000	400.000	0.486	5.104
400.000	400.001	0.671	2.691
400.000	399.998	0.925	2.285
400.000	400.001	0.458	0.630
400.000	399.999	0.917	1.905
400.000	400.001	0.954	2.153
400.000	400.000	0.415	0.523
400.000	400.003	0.330	4.321
400.000	399.997	0.715	2.506
400.000	399.998	0.742	2.078
400.000	399.999	0.413	5.990
400.000	399.999	0.394	3.115
400.000	400.001	0.849	1.917
400.000	400.001	0.544	0.266
400.000	400.003	0.370	4.735
400.000	400.000	0.857	2.471
400.000	399.998	0.853	1.915
400.000	399.998	0.469	6.134
400.000	399.999	0.176	3.162
400.000	400.000	1.024	2.155
400.000	400.002	0.510	0.579
400.000	400.001	0.288	4.195
400.000	399.996	1.090	2.292
400.000	400.001	0.364	0.984
400.000	400.000	0.375	4.627
400.000	400.001	1.003	2.251
400.000	399.998	0.534	1.289
400.000	400.001	0.488	5.427
400.000	400.001	0.870	2.526
400.000	400.000	0.695	1.755
400.000	400.000	0.582	6.071
400.000	400.004	0.382	4.205
400.000	399.999	0.945	2.296
400.000	400.000	0.680	1.818
400.000	400.001	0.404	4.772
400.000	400.001	0.925	2.431
400.000	399.996	0.768	1.718
400.000	400.001	0.501	6.069
400.000	400.000	0.501	2.913
400.000	400.000	0.823	1.970
400.000	399.999	0.531	6.203
400.000	399.997	0.330	3.621
400.000	400.004	1.010	2.280
400.000	399.996	0.383	0.976
400.000	399.998	0.396	5.220
400.000	399.996	0.905	2.501
400.000	399.999	0.651	1.535
400.000	400.000	0.573	5.583
400.000	400.000	0.571	2.487
400.000	400.000	0.755	1.952
400.000	399.995	0.569	5.957
400.000	399.999	0.454	3.151
400.000	400.002	1.043	2.320
400.000	400.000	0.405	0.787
400.000	400.000	0.347	4.651
400.000	399.998	1.013	2.314
400.000	400.001	0.507	1.190
400.000	399.999	0.487	5.225
400.000	399.996	0.979	2.415
400.000	400.001	0.477	1.372
400.000	399.999	0.540	5.648
400.000	400.001	0.535	2.802
400.000	400.001	0.814	2.114
400.000	400.000	0.487	5.189
400.000	400.001	0.741	2.535
400.000	400.004	0.821	2.050
400.000	400.001	0.498	0.027
400.000	400.002	0.362	2.767
400.000	400.004	0.919	2.240
400.000	400.000	0.408	1.375
400.000	399.999	0.527	5.461
400.000	399.998	0.492	3.318
400.000	400.001	1.026	2.420
400.000	399.996	0.423	0.998
400.000	400.001	0.636	5.454
400.000	400.003	0.666	2.523
400.000	400.001	0.694	1.967
400.000	400.000	0.502	0.147
400.000	399.999	0.286	3.718
400.000	399.998	1.049	2.202
400.000	399.999	0.513	1.454
400.000	400.000	0.563	5.352
400.000	400.002	0.628	2.772
400.000	399.999	1.022	2.142
400.000	399.999	0.445	0.411
400.000	399.998	0.282	4.184
400.000	399.999	0.974	2.293
400.000	399.999	0.543	1.156
400.000	400.001	0.398	4.736
400.000	399.999	0.973	2.411
400.000	400.001	0.547	1.553
400.000	399.998	0.546	5.584
400.000	400.000	0.401	3.380
400.000	400.002	0.386	0.769
400.000	400.001	0.537	5.546
400.000	400.003	0.394	2.911
400.000	400.000	1.098	2.317
400.000	399.999	0.402	0.553
400.000	400.000	0.354	4.460
400.000	400.000	0.996	2.551
400.000	399.998	0.559	1.653
400.000	400.000	0.460	5.913
400.000	400.002	0.265	3.962
400.000	400.001	1.091	2.508
400.000	400.000	0.499	1.043
400.000	400.003	0.391	4.941
400.000	400.003	1.122	2.478
400.000	400.000	0.640	1.981
400.000	399.999	0.424	5.983
400.000	399.999	0.357	3.938
400.000	399.999	0.994	2.496
400.000	399.999	0.593	1.867
400.000	400.001	0.505	5.863
400.000	400.001	0.474	2.937
400.000	400.003	0.986	2.237
400.000	400.001	0.450	0.541
400.000	400.002	0.347	4.638
400.000	399.999	1.053	2.529
400.000	399.998	0.561	1.556
400.000	399.999	0.509	5.725
400.000	400.001	0.428	3.141
400.000	400.003	0.959	2.317
400.000	399.997	0.522	0.510
400.000	399.999	0.603	2.880
400.000	400.002	0.487	0.871
400.000	400.003	0.441	4.854
400.000	400.002	0.913	2.637
400.000	400.000	0.759	1.725
400.000	399.999	0.605	6.107
400.000	399.999	0.450	2.995
400.000	399.997	0.909	2.267
400.000	400.002	0.503	0.700
400.000	400.001	0.392	5.051
400.000	400.003	0.935	2.465
400.000	400.000	0.839	2.097
400.000	399.999	0.427	0.065
400.000	399.997	0.415	4.552
400.000	399.998	1.016	2.526
400.000	399.998	0.732	1.878
400.000	400.000	0.473	6.088
400.000	400.001	0.534	2.807
400.000	400.002	0.943	2.139
400.000	400.002	0.525	0.641
400.000	400.000	0.412	5.171
400.000	400.000	0.972	2.619
400.000	399.999	0.591	1.767
400.000	400.002	0.659	5.293
400.000	400.000	0.694	2.579
400.000	399.995	0.845	2.165
400.000	400.001	0.515	0.056
400.000	399.999	0.457	3.146
400.000	399.999	1.013	2.268
400.000	399.998	0.539	1.030
400.000	400.004	0.303	3.609
400.000	399.999	0.599	1.430
400.000	400.004	0.569	5.362
400.000	400.000	0.399	3.104
400.000	400.000	1.005	2.199
400.000	399.998	0.572	0.824
400.000	400.002	0.402	5.043
400.000	399.999	0.882	2.635
400.000	400.000	0.681	1.621
400.000	400.001	0.528	5.653
400.000	399.997	0.783	2.771
400.000	400.001	0.841	1.914
400.000	400.001	0.460	6.202
400.000	400.001	0.315	4.313
400.000	400.001	0.948	2.515
400.000	400.002	0.632	1.209
400.000	399.998	0.467	5.163
400.000	400.002	0.989	2.499
400.000	399.999	0.763	1.685
400.000	400.000	0.563	5.701
400.000	400.003	0.532	3.057
400.000	400.000	0.951	2.322
400.000	399.999	0.448	0.798
400.000	400.001	0.394	5.110
400.000	400.000	0.905	2.650
400.000	400.001	0.707	1.728
400.000	399.999	0.560	5.902
400.000	400.003	0.671	2.638
400.000	399.997	0.994	2.276
400.000	399.999	0.420	6.190
400.000	400.000	0.918	2.632
400.000	399.997	0.497	1.569
400.000	400.000	0.485	5.572
400.000	400.001	0.925	2.586
400.000	400.002	0.791	1.789
400.000	400.001	0.438	0.289
400.000	400.000	0.305	3.930
400.000	400.003	1.035	2.295
400.000	400.001	0.574	1.242
400.000	399.999	0.594	5.429
400.000	400.001	0.558	3.056
400.000	400.001	0.878	2.261
400.000	400.002	0.477	0.744
400.000	400.000	0.440	5.021
400.000	400.002	0.956	2.483
400.000	400.000	0.663	1.519
400.000	399.997	0.546	6.129
400.000	400.001	0.367	3.146
400.000	400.002	0.972	2.106
400.000	400.000	0.527	0.326
400.000	399.999	0.345	5.186
400.000	400.001	0.968	2.468
400.000	400.002	0.729	1.706
400.000	399.997	0.547	0.154
400.000	399.998	0.423	4.731
400.000	399.999	0.416	2.974
400.000	399.995	0.449	3.066
400.000	399.998	0.810	2.513
400.000	400.001	0.788	2.475
400.000	399.999	0.853	2.374
400.000	400.000	0.780	2.508
400.000	399.998	0.900	2.442
400.000	400.000	0.798	2.581
400.000	399.999	0.864	2.480
400.000	399.999	0.850	2.555
400.000	400.001	0.891	2.633
400.000	399.999	0.810	2.561
400.000	400.001	0.824	2.567
400.000	400.000	0.852	2.451
400.000	400.002	0.845	2.539
400.000	399.997	0.879	2.561
400.000	399.999	0.828	2.597
400.000	399.998	0.827	2.491
400.000	400.001	0.891	2.489
400.000	400.000	0.844	2.434
400.000	400.002	0.838	2.376
400.000	400.002	0.806	2.509
400.000	400.001	0.895	2.527
400.000	399.996	0.782	2.466
400.000	399.996	0.793	2.525
400.000	399.999	0.905	2.529
400.000	399.999	0.788	2.651
400.000	400.000	0.905	2.554
400.000	400.000	0.836	2.526
400.000	400.001	0.852	2.446
400.000	399.998	0.792	2.310
400.000	399.999	0.828	2.392
400.000	400.003	0.894	2.449
400.000	400.003	0.781	2.608
400.000	400.001	0.837	2.586
400.000	400.002	0.876	2.546
400.000	400.000	0.836	2.687
400.000	400.001	0.834	2.541
400.000	400.002	0.937	2.445
400.000	400.000	0.923	2.295
400.000	399.998	0.763	2.467
400.000	399.999	0.856	2.535
400.000	399.999	0.787	2.552
400.000	399.998	0.862	2.493
400.000	400.001	0.936	2.386
400.000	399.998	0.909	2.626
400.000	400.001	0.775	2.632
400.000	400.001	0.783	2.470
400.000	400.000	0.844	2.487
400.000	400.002	0.905	2.483
400.000	399.999	1.007	2.233
400.000	400.001	0.925	2.314
400.000	400.002	0.800	2.500
400.000	399.998	0.937	2.366
400.000	399.999	0.873	2.452
400.000	400.001	0.940	2.478
400.000	399.997	0.894	2.407
400.000	399.998	0.829	2.422
400.000	400.001	0.962	2.500
400.000	400.001	0.886	2.341
400.000	400.003	0.909	2.462
400.000	400.002	0.858	2.517
400.000	400.000	0.956	2.367
400.000	399.997	0.885	2.444
400.000	400.001	0.863	2.651
400.000	399.997	0.847	2.452
400.000	400.000	0.913	2.371
400.000	400.001	0.980	2.366
400.000	399.998	0.839	2.402
400.000	399.999	0.900	2.292
400.000	400.002	0.899	2.355
400.000	400.001	0.919	2.249
400.000	399.997	0.885	2.414
400.000	400.003	0.922	2.481
400.000	400.000	0.882	2.491
400.000	399.999	0.982	2.381
400.000	400.002	0.834	2.480
400.000	399.998	0.871	2.371
400.000	399.999	0.946	2.452
400.000	399.999	0.923	2.447
400.000	400.001	0.850	2.391
400.000	399.998	0.915	2.293
400.000	400.000	0.865	2.491
400.000	400.001	0.951	2.464
400.000	399.998	0.922	2.402
400.000	400.000	0.872	2.405
400.000	400.000	0.950	2.413
400.000	400.002	1.015	2.343
400.000	399.998	0.922	2.474
400.000	399.999	0.938	2.281
400.000	400.002	0.924	2.255
400.000	400.002	0.979	2.444
400.000	399.999	0.960	2.432
400.000	400.002	0.878	2.471
400.000	400.000	0.949	2.362
400.000	400.001	0.978	2.473
400.000	400.000	0.925	2.457
400.000	399.998	0.877	2.246
400.000	399.998	0.911	2.473
400.000	399.999	0.962	2.418
400.000	400.000	1.017	2.398
400.000	399.999	1.001	2.486
400.000	400.002	0.998	2.485
400.000	400.000	1.013	2.396
400.000	400.000	0.990	2.482
400.000	400.000	0.964	2.612
400.000	399.998	0.957	2.427
400.000	399.999	0.999	2.422
400.000	400.004	0.934	2.395
400.000	400.000	0.955	2.506
400.000	400.004	0.976	2.532
400.000	400.000	0.966	2.349
400.000	400.002	0.946	2.477
400.000	400.001	0.935	2.313
400.000	400.000	0.906	2.482
400.000	399.998	0.884	2.563
400.000	400.001	0.951	2.440
400.000	400.000	0.976	2.574
400.000	399.999	1.008	2.488
400.000	399.999	0.947	2.422
400.000	400.003	0.977	2.543
400.000	399.996	1.080	2.552
400.000	400.004	0.846	2.348
400.000	400.000	0.946	2.352
400.000	400.001	0.933	2.415
400.000	400.005	0.916	2.417
400.000	400.001	0.964	2.398
400.000	399.999	0.892	2.481
400.000	399.998	0.857	2.502
400.000	400.000	0.976	2.506
400.000	399.999	0.952	2.556
400.000	400.001	0.858	2.436
400.000	399.998	1.007	2.512
400.000	399.999	0.927	2.391
400.000	400.000	0.913	2.450
400.000	399.999	1.028	2.405
400.000	400.004	0.943	2.408
400.000	400.001	0.875	2.487
400.000	400.001	0.964	2.675
400.000	400.000	0.983	2.409
400.000	399.997	0.929	2.529
400.000	400.000	0.916	2.405
400.000	400.001	0.967	2.485
400.000	400.003	1.062	2.523
400.000	400.000	0.938	2.472
400.000	399.998	0.970	2.572
400.000	400.000	0.900	2.361
400.000	400.001	0.969	2.471
400.000	400.000	0.949	2.518
400.000	400.000	0.909	2.333
400.000	399.998	1.007	2.590
400.000	400.000	0.987	2.436
400.000	399.998	0.999	2.474
400.000	399.999	0.983	2.444
400.000	399.998	0.977	2.399
400.000	400.003	0.988	2.526
400.000	399.999	0.922	2.360
400.000	400.000	0.938	2.344
400.000	400.002	0.896	2.402
400.000	400.000	0.942	2.404
400.000	400.001	0.961	2.388
400.000	400.001	0.960	2.351
400.000	399.998	0.963	2.337
400.000	399.999	0.920	2.384
400.000	400.001	0.885	2.686
400.000	400.000	1.099	2.459
400.000	400.000	0.886	2.477
400.000	400.001	1.045	2.344
400.000	400.004	0.850	2.472
400.000	399.996	0.941	2.532
400.000	400.000	0.904	2.539
400.000	399.999	0.940	2.412
400.000	399.997	0.881	2.478
400.000	400.002	1.005	2.352
400.000	400.003	0.972	2.479
400.000	399.996	0.982	2.614
400.000	399.996	0.940	2.507
400.000	400.001	0.952	2.459
400.000	400.001	0.914	2.491
400.000	399.999	0.929	2.468
400.000	400.002	0.962	2.307
400.000	400.002	0.919	2.338
400.000	400.000	0.951	2.569
400.000	399.999	0.882	2.571
