Point No.	Frequency Set (GHz)	THz Photocurrent (nA)	Frequency Act (GHz)	Amplitude (via StrMod)	Phase (via StrMod)	Timestamp (s)
1	400.000	0.002	399.998	0.182	2.592	1773171304.671
2	400.000	0.013	400.000	0.216	2.491	1773171304.958
3	400.000	-0.010	400.000	0.108	1.579	1773171305.263
4	400.000	-0.008	399.998	0.180	2.429	1773171305.581
5	400.000	0.004	400.001	0.093	0.969	1773171305.866
6	400.000	0.009	400.001	0.193	3.204	1773171306.143
7	400.000	-0.023	400.000	0.124	6.217	1773171306.375
8	400.000	0.008	399.997	0.269	2.598	1773171306.640
9	400.000	-0.023	400.000	0.145	2.262	1773171306.891
10	400.000	0.015	399.999	0.140	0.831	1773171307.203
11	400.000	-0.022	399.998	0.060	5.576	1773171307.515
12	400.000	-0.006	399.999	0.206	1.848	1773171307.805
13	400.000	-0.025	399.998	0.118	2.461	1773171308.125
14	400.000	0.025	399.997	0.098	5.919	1773171308.382
15	400.000	-0.016	399.998	0.172	1.956	1773171308.672
16	400.000	0.015	400.000	0.042	4.876	1773171308.955
17	400.000	-0.010	400.000	0.126	2.137	1773171309.281
18	400.000	0.009	399.998	0.099	2.399	1773171309.564
19	400.000	-0.009	400.000	0.118	0.480	1773171309.823
20	400.000	-0.016	399.999	0.097	2.089	1773171310.158
21	400.000	0.013	400.002	0.214	1.530	1773171310.456
22	400.000	-0.009	400.000	0.065	4.785	1773171310.780
23	400.000	-0.024	400.000	0.109	2.717	1773171311.091
24	400.000	0.021	400.000	0.150	0.078	1773171311.385
25	400.000	-0.015	399.998	0.240	1.626	1773171311.692
26	400.000	-0.010	399.998	0.091	6.276	1773171311.981
27	400.000	-0.005	399.996	0.116	1.168	1773171312.270
28	400.000	0.004	400.000	0.096	1.017	1773171312.566
29	400.000	-0.014	400.001	0.009	4.053	1773171312.829
30	400.000	-0.005	399.999	0.134	0.544	1773171313.134
31	400.000	0.002	400.002	0.083	3.368	1773171313.381
32	400.000	-0.023	400.000	0.156	1.139	1773171313.694
33	400.000	0.017	399.997	0.336	1.204	1773171313.966
34	400.000	-0.011	399.999	0.548	5.877	1773171314.271
35	400.000	-0.016	399.999	0.660	6.000	1773171314.597
36	400.000	-0.002	400.000	0.609	6.143	1773171314.898
37	400.000	-0.019	400.002	0.667	6.137	1773171315.187
38	400.000	-0.001	400.001	0.560	6.070	1773171315.472
39	400.000	0.014	400.000	0.502	6.160	1773171315.773
40	400.000	-0.008	400.001	0.560	6.050	1773171316.074
41	400.000	-0.003	400.001	0.521	5.979	1773171316.400
42	400.000	-0.022	400.001	0.435	4.984	1773171316.682
43	400.000	-0.005	399.996	0.918	2.109	1773171316.960
44	400.000	0.025	400.003	0.636	5.612	1773171317.246
45	400.000	-0.005	400.001	0.318	2.630	1773171317.519
46	400.000	-0.004	400.001	0.453	1.332	1773171317.783
47	400.000	-0.010	399.998	0.628	5.862	1773171318.083
48	400.000	-0.008	400.001	0.847	2.271	1773171318.334
49	400.000	-0.002	399.999	0.208	0.141	1773171318.601
50	400.000	0.057	400.001	0.591	5.468	1773171318.900
51	400.000	0.009	400.002	0.914	2.200	1773171319.139
52	400.000	0.038	399.999	0.493	6.000	1773171319.467
53	400.000	0.006	400.002	0.383	2.966	1773171319.789
54	400.000	-0.005	399.998	0.365	0.369	1773171320.083
55	400.000	-0.035	400.000	0.639	5.188	1773171320.383
56	400.000	0.040	399.998	0.654	2.070	1773171320.704
57	400.000	0.010	400.000	0.699	5.412	1773171320.978
58	400.000	0.002	399.997	0.438	2.829	1773171321.279
59	400.000	-0.000	399.998	0.394	0.605	1773171321.582
60	400.000	0.016	399.998	0.311	5.001	1773171321.916
61	400.000	0.033	400.002	0.601	1.987	1773171322.231
62	400.000	0.020	399.996	0.616	5.591	1773171322.521
63	400.000	-0.021	400.000	0.764	2.541	1773171322.813
64	400.000	-0.043	400.001	0.353	6.111	1773171323.098
65	400.000	0.013	399.999	0.281	4.570	1773171323.423
66	400.000	0.007	400.001	0.475	1.880	1773171323.696
67	400.000	0.013	399.998	0.643	5.548	1773171324.009
68	400.000	-0.016	400.003	0.865	2.367	1773171324.282
69	400.000	-0.003	399.997	0.481	0.274	1773171324.586
70	400.000	0.026	399.997	0.201	5.189	1773171324.884
71	400.000	-0.020	399.999	0.661	1.963	1773171325.152
72	400.000	-0.014	400.001	0.740	5.595	1773171325.447
73	400.000	0.007	400.006	0.664	3.083	1773171325.778
74	400.000	-0.005	400.003	0.428	6.272	1773171326.106
75	400.000	-0.000	399.999	0.192	3.933	1773171326.410
76	400.000	-0.019	399.998	0.467	1.686	1773171326.752
77	400.000	0.032	399.999	0.736	5.261	1773171327.001
78	400.000	0.027	400.002	0.889	2.515	1773171327.286
79	400.000	-0.022	400.001	0.579	6.189	1773171327.586
80	400.000	-0.007	399.997	0.290	4.330	1773171327.893
81	400.000	-0.003	400.002	0.644	2.061	1773171328.151
82	400.000	-0.027	400.002	0.902	5.724	1773171328.466
83	400.000	0.016	399.999	0.828	2.369	1773171328.746
84	400.000	-0.008	400.002	0.276	6.176	1773171329.033
85	400.000	0.004	399.997	0.443	4.798	1773171329.348
86	400.000	0.031	399.999	0.662	1.856	1773171329.631
87	400.000	0.021	399.996	0.810	5.585	1773171329.884
88	400.000	-0.006	399.998	0.444	2.991	1773171330.132
89	400.000	0.034	400.002	0.369	1.850	1773171330.400
90	400.000	0.010	400.003	0.710	5.684	1773171330.660
91	400.000	0.007	399.999	0.539	3.238	1773171330.922
92	400.000	-0.014	399.997	0.271	0.545	1773171331.232
93	400.000	-0.022	399.999	0.530	5.105	1773171331.536
94	400.000	0.004	400.001	0.751	2.113	1773171331.813
95	400.000	-0.002	400.000	0.866	5.362	1773171332.076
96	400.000	0.017	399.999	0.447	3.469	1773171332.364
97	400.000	-0.014	400.000	0.742	1.570	1773171332.615
98	400.000	-0.008	399.999	0.753	5.324	1773171332.913
99	400.000	0.011	399.998	0.730	2.609	1773171333.191
100	400.000	-0.000	400.003	0.506	0.343	1773171333.491
101	400.000	0.036	400.000	0.376	4.363	1773171333.788
102	400.000	0.023	400.003	0.992	1.924	1773171334.051
103	400.000	0.013	400.001	0.725	5.834	1773171334.302
104	400.000	0.021	399.999	0.374	3.629	1773171334.577
105	400.000	-0.022	400.001	0.646	1.439	1773171334.844
106	400.000	-0.003	400.000	0.749	5.575	1773171335.123
107	400.000	-0.004	399.999	0.727	2.508	1773171335.430
108	400.000	0.012	400.002	0.521	0.184	1773171335.728
109	400.000	-0.038	399.997	0.311	3.782	1773171336.041
110	400.000	0.004	399.999	0.563	1.864	1773171336.320
111	400.000	0.011	400.001	0.732	5.411	1773171336.599
112	400.000	-0.023	399.996	0.751	2.442	1773171336.880
113	400.000	-0.005	399.999	0.433	6.216	1773171337.208
114	400.000	-0.002	400.002	0.416	4.632	1773171337.518
115	400.000	-0.003	400.000	0.711	1.958	1773171337.798
116	400.000	-0.027	399.997	0.737	5.684	1773171338.068
117	400.000	0.011	400.001	0.578	2.701	1773171338.408
118	400.000	-0.007	399.998	0.478	6.079	1773171338.702
119	400.000	-0.003	400.000	0.427	4.449	1773171339.007
120	400.000	0.058	399.998	0.765	1.989	1773171339.227
121	400.000	-0.001	400.001	0.642	5.842	1773171339.512
122	400.000	0.005	399.999	0.344	3.367	1773171339.827
123	400.000	0.014	399.998	0.270	0.743	1773171340.131
124	400.000	-0.024	400.002	0.479	5.199	1773171340.422
125	400.000	-0.030	400.003	0.870	1.952	1773171340.713
126	400.000	0.005	399.998	0.836	5.533	1773171341.009
127	400.000	0.060	399.999	0.503	2.911	1773171341.318
128	400.000	0.032	399.999	0.330	0.503	1773171341.622
129	400.000	0.007	400.000	0.645	5.446	1773171341.876
130	400.000	0.003	400.003	0.865	2.302	1773171342.127
131	400.000	0.015	400.000	0.422	6.036	1773171342.421
132	400.000	-0.018	400.000	0.419	4.664	1773171342.692
133	400.000	-0.046	400.002	0.697	1.847	1773171343.020
134	400.000	0.046	400.003	0.854	5.427	1773171343.336
135	400.000	-0.006	399.997	0.853	2.372	1773171343.640
136	400.000	0.003	400.000	0.484	6.037	1773171343.943
137	400.000	-0.020	400.000	0.155	3.905	1773171344.202
138	400.000	0.009	399.997	0.573	1.696	1773171344.510
139	400.000	-0.001	399.999	0.870	5.483	1773171344.804
140	400.000	-0.001	400.000	0.862	2.389	1773171345.117
141	400.000	-0.010	399.998	0.545	5.935	1773171345.404
142	400.000	-0.029	400.002	0.386	5.173	1773171345.674
143	400.000	0.004	399.998	0.655	1.784	1773171345.998
144	400.000	0.011	400.000	0.819	5.300	1773171346.300
145	400.000	0.022	400.001	0.860	2.457	1773171346.611
146	400.000	0.004	400.002	0.524	5.916	1773171346.934
147	400.000	0.010	399.999	0.461	3.961	1773171347.218
148	400.000	-0.047	400.000	0.466	1.539	1773171347.553
149	400.000	-0.034	400.001	0.682	5.442	1773171347.835
150	400.000	0.004	400.001	0.789	2.562	1773171348.092
151	400.000	-0.010	399.999	0.469	5.952	1773171348.356
152	400.000	-0.015	399.999	0.543	4.712	1773171348.690
153	400.000	0.026	400.003	0.806	1.860	1773171348.986
154	400.000	0.001	399.998	0.694	5.476	1773171349.299
155	400.000	-0.014	400.003	0.851	2.578	1773171349.600
156	400.000	0.029	400.000	0.369	6.188	1773171349.868
157	400.000	0.013	400.000	0.447	4.662	1773171350.173
158	400.000	0.021	400.001	0.684	1.896	1773171350.483
159	400.000	0.013	400.001	0.780	5.629	1773171350.787
160	400.000	-0.015	400.003	0.833	2.701	1773171351.106
161	400.000	-0.001	400.000	0.610	6.142	1773171351.393
162	400.000	0.009	400.002	0.461	4.467	1773171351.658
163	400.000	-0.019	399.999	0.929	1.943	1773171351.913
164	400.000	0.010	399.999	0.761	5.701	1773171352.213
165	400.000	-0.002	400.001	0.375	2.851	1773171352.472
166	400.000	-0.006	400.002	0.831	1.383	1773171352.735
167	400.000	-0.016	399.999	0.715	5.708	1773171353.052
168	400.000	0.004	400.001	0.771	2.469	1773171353.341
169	400.000	-0.020	399.997	0.675	6.270	1773171353.641
170	400.000	0.000	400.002	0.486	4.589	1773171353.910
171	400.000	0.006	399.998	0.795	1.904	1773171354.181
172	400.000	-0.011	400.003	0.750	5.526	1773171354.478
173	400.000	0.002	400.003	0.683	2.749	1773171354.801
174	400.000	0.013	400.000	0.536	0.274	1773171355.099
175	400.000	0.031	400.001	0.340	4.004	1773171355.407
176	400.000	0.015	400.000	0.449	1.785	1773171355.743
177	400.000	0.001	400.001	0.730	5.266	1773171356.039
178	400.000	0.001	400.004	0.927	2.115	1773171356.376
179	400.000	-0.017	400.002	0.727	5.780	1773171356.651
180	400.000	0.041	399.999	0.452	3.431	1773171356.933
181	400.000	0.045	399.999	0.743	1.576	1773171357.227
182	400.000	-0.018	399.998	0.790	5.394	1773171357.480
183	400.000	0.027	399.999	0.716	2.637	1773171357.791
184	400.000	0.021	400.003	0.334	0.496	1773171358.036
185	400.000	0.014	400.005	0.620	5.100	1773171358.367
186	400.000	0.014	399.999	0.858	2.098	1773171358.682
187	400.000	0.005	400.001	0.918	5.522	1773171358.983
188	400.000	-0.003	400.001	0.790	2.569	1773171359.291
189	400.000	-0.011	399.998	0.576	6.065	1773171359.579
190	400.000	0.021	400.002	0.620	4.952	1773171359.873
191	400.000	-0.029	400.002	0.797	1.868	1773171360.148
192	400.000	-0.043	400.001	0.836	5.668	1773171360.426
193	400.000	-0.010	399.998	0.630	3.189	1773171360.729
194	400.000	-0.012	399.998	0.383	0.859	1773171361.050
195	400.000	-0.015	400.003	0.530	4.912	1773171361.369
196	400.000	0.024	399.999	0.778	1.649	1773171361.693
197	400.000	-0.021	400.000	0.809	5.635	1773171361.993
198	400.000	0.036	400.007	0.864	2.578	1773171362.312
199	400.000	0.009	399.995	0.516	6.168	1773171362.631
200	400.000	-0.034	400.000	0.377	3.696	1773171362.906
201	400.000	0.013	399.999	0.390	2.013	1773171363.181
202	400.000	0.010	400.000	0.813	5.371	1773171363.465
203	400.000	-0.015	400.000	0.864	2.425	1773171363.740
204	400.000	0.014	400.001	0.526	0.631	1773171364.048
205	400.000	0.009	399.997	0.387	4.853	1773171364.355
206	400.000	-0.011	399.999	0.818	1.776	1773171364.672
207	400.000	-0.041	399.999	0.756	5.477	1773171364.975
208	400.000	0.016	399.999	0.819	2.559	1773171365.225
209	400.000	-0.016	399.998	0.471	0.288	1773171365.539
210	400.000	0.029	399.997	0.527	4.918	1773171365.791
211	400.000	0.027	400.001	0.935	2.291	1773171366.033
212	400.000	0.018	399.999	0.730	6.182	1773171366.303
213	400.000	-0.050	399.999	0.506	4.465	1773171366.575
214	400.000	0.002	399.998	0.789	1.857	1773171366.882
215	400.000	-0.015	400.000	0.835	5.479	1773171367.184
216	400.000	0.019	399.999	0.729	2.733	1773171367.491
217	400.000	-0.015	400.003	0.494	5.878	1773171367.794
218	400.000	-0.027	400.000	0.405	4.404	1773171368.051
219	400.000	0.021	399.999	0.773	1.829	1773171368.364
220	400.000	-0.022	400.002	0.850	5.596	1773171368.622
221	400.000	-0.007	400.000	0.651	2.942	1773171368.939
222	400.000	-0.015	399.998	0.515	0.602	1773171369.248
223	400.000	0.005	400.000	0.480	4.942	1773171369.537
224	400.000	0.010	400.001	0.732	1.965	1773171369.874
225	400.000	-0.005	400.002	0.778	5.601	1773171370.181
226	400.000	0.002	400.003	0.742	2.459	1773171370.434
227	400.000	0.016	400.000	0.444	0.233	1773171370.768
228	400.000	-0.011	400.000	0.326	4.274	1773171371.078
229	400.000	-0.054	400.002	0.755	1.943	1773171371.381
230	400.000	-0.015	400.002	0.767	5.655	1773171371.683
231	400.000	-0.027	400.001	0.935	2.401	1773171372.001
232	400.000	0.010	399.999	0.603	6.126	1773171372.297
233	400.000	-0.017	400.000	0.420	4.079	1773171372.540
234	400.000	-0.002	400.001	0.774	1.892	1773171372.858
235	400.000	0.006	399.997	0.713	5.685	1773171373.132
236	400.000	-0.026	400.000	0.723	2.769	1773171373.452
237	400.000	-0.018	399.999	0.407	0.367	1773171373.706
238	400.000	0.001	400.000	0.429	5.305	1773171374.014
239	400.000	-0.010	400.001	1.090	2.162	1773171374.241
240	400.000	0.011	399.998	0.622	6.173	1773171374.513
241	400.000	-0.012	400.003	0.364	3.769	1773171374.825
242	400.000	0.017	399.999	0.420	1.636	1773171375.136
243	400.000	-0.006	399.998	0.683	5.213	1773171375.451
244	400.000	-0.018	400.002	0.964	2.409	1773171375.748
245	400.000	-0.020	400.000	0.640	0.115	1773171376.005
246	400.000	0.022	399.999	0.550	3.861	1773171376.324
247	400.000	0.001	400.002	0.769	1.537	1773171376.628
248	400.000	0.012	399.998	0.783	5.531	1773171376.864
249	400.000	-0.003	399.998	0.735	2.868	1773171377.132
250	400.000	-0.008	400.001	0.417	0.806	1773171377.431
251	400.000	-0.024	399.999	0.509	5.020	1773171377.713
252	400.000	-0.003	400.000	0.868	2.133	1773171378.024
253	400.000	-0.001	400.002	0.881	5.811	1773171378.273
254	400.000	-0.011	400.001	0.598	3.265	1773171378.606
255	400.000	0.023	400.000	0.567	1.234	1773171378.924
256	400.000	0.002	400.004	0.643	4.983	1773171379.235
257	400.000	0.005	399.996	0.933	2.164	1773171379.522
258	400.000	-0.013	399.998	0.811	5.758	1773171379.829
259	400.000	-0.005	400.002	0.769	3.142	1773171380.082
260	400.000	-0.003	399.999	0.439	1.393	1773171380.342
261	400.000	0.026	400.002	0.752	5.609	1773171380.652
262	400.000	0.014	399.998	0.841	2.612	1773171380.977
263	400.000	0.023	400.000	0.729	6.065	1773171381.282
264	400.000	-0.016	400.004	0.544	2.945	1773171381.591
265	400.000	-0.042	399.998	0.586	0.910	1773171381.906
266	400.000	-0.009	399.998	0.610	4.941	1773171382.208
267	400.000	-0.010	400.001	0.976	2.217	1773171382.539
268	400.000	-0.009	399.999	0.723	5.757	1773171382.820
269	400.000	-0.008	400.002	0.624	3.061	1773171383.098
270	400.000	-0.006	399.999	0.427	0.774	1773171383.392
271	400.000	-0.023	400.001	0.426	4.777	1773171383.672
272	400.000	0.003	400.003	1.036	2.348	1773171383.926
273	400.000	0.012	399.999	0.618	6.111	1773171384.168
274	400.000	0.027	400.002	0.649	4.693	1773171384.425
275	400.000	0.006	400.000	0.816	2.262	1773171384.731
276	400.000	0.019	400.000	0.772	5.956	1773171384.998
277	400.000	-0.040	400.001	0.530	2.654	1773171385.312
278	400.000	-0.001	399.997	0.528	1.319	1773171385.600
279	400.000	-0.020	399.999	0.671	5.146	1773171385.859
280	400.000	0.025	400.001	0.847	2.348	1773171386.120
281	400.000	0.001	400.001	0.494	0.206	1773171386.449
282	400.000	0.013	399.998	0.562	3.909	1773171386.749
283	400.000	0.022	399.999	0.614	1.666	1773171387.055
284	400.000	-0.007	400.000	0.652	5.351	1773171387.350
285	400.000	0.025	400.000	1.010	2.177	1773171387.657
286	400.000	0.025	400.004	0.801	6.068	1773171387.937
287	400.000	-0.012	400.000	0.553	3.763	1773171388.258
288	400.000	0.006	399.997	0.667	1.332	1773171388.554
289	400.000	-0.042	400.001	0.843	5.571	1773171388.812
290	400.000	0.003	400.000	0.870	2.625	1773171389.082
291	400.000	-0.012	400.003	0.508	0.739	1773171389.383
292	400.000	-0.006	400.002	0.552	4.554	1773171389.701
293	400.000	-0.004	400.000	0.655	1.977	1773171390.002
294	400.000	0.002	400.004	0.722	5.396	1773171390.321
295	400.000	-0.007	399.994	0.950	2.291	1773171390.654
296	400.000	-0.016	399.997	0.638	5.905	1773171390.943
297	400.000	0.001	400.002	0.569	3.315	1773171391.251
298	400.000	0.012	400.001	0.382	1.191	1773171391.530
299	400.000	0.035	400.000	0.600	5.332	1773171391.818
300	400.000	0.025	400.000	1.008	2.414	1773171392.117
301	400.000	0.031	399.999	0.591	6.195	1773171392.378
302	400.000	0.012	399.996	0.446	3.922	1773171392.695
303	400.000	-0.005	399.997	0.811	1.601	1773171393.001
304	400.000	-0.004	400.000	0.843	5.538	1773171393.290
305	400.000	-0.018	399.999	1.006	2.305	1773171393.617
306	400.000	0.005	400.001	0.689	6.082	1773171393.931
307	400.000	0.029	399.997	0.632	2.744	1773171394.256
308	400.000	0.007	400.003	0.589	1.108	1773171394.553
309	400.000	0.015	399.999	0.617	5.259	1773171394.802
310	400.000	-0.023	400.002	0.993	2.425	1773171395.073
311	400.000	0.016	400.002	0.538	0.182	1773171395.362
312	400.000	-0.031	400.000	0.455	4.079	1773171395.628
313	400.000	0.024	399.999	0.980	1.838	1773171395.939
314	400.000	-0.011	399.996	0.953	5.663	1773171396.223
315	400.000	0.002	399.998	0.876	2.972	1773171396.495
316	400.000	-0.040	400.000	0.532	0.917	1773171396.806
317	400.000	-0.019	400.002	0.567	4.692	1773171397.085
318	400.000	-0.002	400.001	0.917	2.253	1773171397.381
319	400.000	0.018	399.999	0.742	5.918	1773171397.650
320	400.000	0.018	400.000	0.627	3.064	1773171397.940
321	400.000	-0.020	400.000	0.641	1.716	1773171398.245
322	400.000	-0.008	399.999	0.543	5.444	1773171398.571
323	400.000	0.004	400.004	1.014	2.128	1773171398.862
324	400.000	0.012	400.002	0.783	6.101	1773171399.188
325	400.000	0.035	400.002	0.724	2.822	1773171399.498
326	400.000	-0.005	399.999	0.485	0.785	1773171399.795
327	400.000	0.001	400.002	0.649	4.924	1773171400.042
328	400.000	0.012	399.997	0.887	2.409	1773171400.304
329	400.000	0.009	400.001	0.675	6.259	1773171400.613
330	400.000	-0.039	400.001	0.575	3.445	1773171400.921
331	400.000	-0.026	400.001	0.897	1.715	1773171401.185
332	400.000	-0.006	399.999	0.680	5.753	1773171401.495
333	400.000	-0.004	400.002	0.878	2.448	1773171401.820
334	400.000	-0.003	400.001	0.672	6.056	1773171402.128
335	400.000	-0.018	400.001	0.455	3.424	1773171402.441
336	400.000	-0.054	399.999	0.680	1.276	1773171402.745
337	400.000	0.012	400.001	0.724	5.442	1773171403.005
338	400.000	-0.008	399.995	1.053	2.450	1773171403.308
339	400.000	-0.034	400.000	0.562	0.183	1773171403.550
340	400.000	-0.003	400.001	0.719	4.396	1773171403.815
341	400.000	0.009	399.999	1.098	2.003	1773171404.071
342	400.000	0.027	399.999	0.752	0.052	1773171404.376
343	400.000	0.026	400.003	0.604	3.311	1773171404.637
344	400.000	0.028	399.997	0.694	1.612	1773171404.916
345	400.000	0.042	400.001	0.747	5.576	1773171405.236
346	400.000	-0.001	399.998	0.936	2.707	1773171405.467
347	400.000	0.033	399.998	0.500	0.861	1773171405.744
348	400.000	0.006	399.997	0.778	4.830	1773171405.999
349	400.000	-0.008	400.002	0.857	2.253	1773171406.321
350	400.000	0.019	399.999	0.745	5.889	1773171406.641
351	400.000	-0.028	400.000	0.722	3.152	1773171406.958
352	400.000	-0.011	399.996	0.622	0.946	1773171407.252
353	400.000	-0.007	400.001	0.671	4.948	1773171407.541
354	400.000	-0.016	399.999	1.104	2.273	1773171407.810
355	400.000	0.007	399.999	0.789	6.022	1773171408.130
356	400.000	-0.007	399.999	0.649	2.757	1773171408.413
357	400.000	0.017	400.003	0.691	1.299	1773171408.715
358	400.000	-0.019	400.000	0.523	5.286	1773171409.015
359	400.000	0.016	399.998	1.059	2.215	1773171409.295
360	400.000	0.001	400.000	0.688	5.843	1773171409.643
361	400.000	-0.021	400.001	0.759	2.875	1773171409.950
362	400.000	0.004	399.998	0.765	0.665	1773171410.249
363	400.000	0.005	400.001	0.561	4.964	1773171410.483
364	400.000	0.007	400.001	0.925	2.446	1773171410.744
365	400.000	-0.001	400.000	0.742	0.419	1773171411.002
366	400.000	0.004	400.007	0.489	4.685	1773171411.321
367	400.000	0.009	399.998	0.968	1.863	1773171411.630
368	400.000	0.002	400.001	0.767	5.484	1773171411.911
369	400.000	-0.010	400.001	0.931	3.070	1773171412.207
370	400.000	-0.009	400.001	0.545	0.618	1773171412.499
371	400.000	0.028	400.001	0.472	4.839	1773171412.784
372	400.000	-0.017	399.997	0.879	2.072	1773171413.060
373	400.000	-0.020	399.998	0.801	6.032	1773171413.373
374	400.000	0.010	400.000	0.772	2.966	1773171413.653
375	400.000	0.007	399.995	0.508	1.028	1773171413.957
376	400.000	-0.022	399.999	0.518	5.049	1773171414.259
377	400.000	-0.029	399.997	0.919	2.209	1773171414.575
378	400.000	-0.006	399.997	0.837	5.575	1773171414.872
379	400.000	0.005	400.004	0.738	2.845	1773171415.185
380	400.000	-0.017	400.000	0.845	0.926	1773171415.451
381	400.000	-0.007	399.998	0.478	5.155	1773171415.756
382	400.000	0.014	399.999	1.071	2.001	1773171416.063
383	400.000	-0.005	399.998	0.805	5.758	1773171416.351
384	400.000	0.003	400.003	0.629	2.933	1773171416.603
385	400.000	-0.040	400.002	0.721	1.775	1773171416.873
386	400.000	-0.004	400.000	0.763	5.683	1773171417.197
387	400.000	0.007	399.997	0.912	2.563	1773171417.505
388	400.000	0.018	399.999	0.841	6.259	1773171417.815
389	400.000	-0.027	400.000	0.601	3.385	1773171418.120
390	400.000	0.003	400.000	0.881	1.300	1773171418.381
391	400.000	-0.032	399.999	0.724	5.233	1773171418.692
392	400.000	-0.016	400.002	1.025	2.386	1773171418.996
393	400.000	-0.031	400.001	0.655	6.232	1773171419.303
394	400.000	0.005	399.997	0.529	3.324	1773171419.592
395	400.000	-0.006	400.003	0.781	1.537	1773171419.887
396	400.000	-0.036	400.003	0.681	5.511	1773171420.176
397	400.000	0.033	399.997	1.014	2.539	1773171420.433
398	400.000	0.016	400.002	0.597	0.227	1773171420.746
399	400.000	0.001	399.999	0.352	4.048	1773171421.075
400	400.000	-0.014	400.001	0.799	1.482	1773171421.357
401	400.000	-0.028	400.002	0.620	5.237	1773171421.666
402	400.000	0.006	399.998	1.045	2.541	1773171421.940
403	400.000	0.016	399.999	0.565	0.331	1773171422.215
404	400.000	0.028	400.000	0.300	4.889	1773171422.480
405	400.000	-0.003	399.996	1.054	2.224	1773171422.735
406	400.000	0.003	400.000	0.699	6.087	1773171423.016
407	400.000	-0.014	399.998	0.722	3.425	1773171423.296
408	400.000	-0.004	400.003	0.834	1.958	1773171423.561
409	400.000	-0.028	399.999	0.787	5.685	1773171423.844
410	400.000	-0.033	400.001	1.035	2.835	1773171424.134
411	400.000	0.007	399.998	0.667	0.772	1773171424.440
412	400.000	0.000	400.001	0.551	4.784	1773171424.737
413	400.000	-0.033	399.999	0.948	2.216	1773171424.994
414	400.000	-0.027	400.000	0.751	5.788	1773171425.301
415	400.000	-0.001	399.998	0.947	2.961	1773171425.645
416	400.000	0.016	400.001	0.694	0.500	1773171425.951
417	400.000	-0.002	399.998	0.302	4.287	1773171426.240
418	400.000	-0.002	399.999	0.652	1.915	1773171426.560
419	400.000	-0.027	399.999	0.784	5.632	1773171426.819
420	400.000	0.009	399.998	0.934	2.875	1773171427.105
421	400.000	-0.025	400.001	0.599	0.483	1773171427.434
422	400.000	-0.008	399.998	0.368	4.873	1773171427.672
423	400.000	0.005	400.003	1.124	2.355	1773171427.944
424	400.000	-0.036	399.998	0.553	5.981	1773171428.247
425	400.000	0.025	400.000	0.793	3.112	1773171428.576
426	400.000	0.009	400.000	0.676	0.912	1773171428.859
427	400.000	-0.019	400.001	0.443	5.048	1773171429.131
428	400.000	-0.010	400.001	1.106	2.437	1773171429.433
429	400.000	0.014	399.998	0.571	5.990	1773171429.738
430	400.000	0.011	399.999	0.729	3.032	1773171430.045
431	400.000	0.027	399.999	0.661	1.177	1773171430.290
432	400.000	-0.023	400.003	0.741	5.670	1773171430.564
433	400.000	0.019	399.998	0.958	2.498	1773171430.883
434	400.000	-0.012	399.997	0.676	5.983	1773171431.197
435	400.000	0.011	400.002	0.668	3.509	1773171431.491
436	400.000	-0.025	399.999	0.717	1.653	1773171431.760
437	400.000	-0.015	399.999	0.672	5.640	1773171432.040
438	400.000	0.001	400.001	0.994	2.678	1773171432.310
439	400.000	0.023	400.000	0.626	0.628	1773171432.616
440	400.000	0.005	400.002	0.389	4.786	1773171432.870
441	400.000	0.010	400.000	0.929	2.293	1773171433.195
442	400.000	0.020	400.000	0.621	5.636	1773171433.495
443	400.000	0.041	399.999	0.989	2.888	1773171433.800
444	400.000	0.034	399.996	0.478	0.497	1773171434.060
445	400.000	-0.010	400.001	0.486	4.896	1773171434.381
446	400.000	-0.016	400.002	0.862	2.241	1773171434.672
447	400.000	-0.026	400.001	0.921	6.046	1773171434.942
448	400.000	-0.023	400.001	0.762	2.902	1773171435.252
449	400.000	-0.014	400.000	0.505	0.939	1773171435.529
450	400.000	-0.019	400.000	0.582	5.404	1773171435.805
451	400.000	-0.022	399.999	0.981	2.646	1773171436.080
452	400.000	0.011	400.001	0.566	6.133	1773171436.366
453	400.000	0.002	399.998	0.503	4.903	1773171436.618
454	400.000	-0.017	400.003	0.904	2.005	1773171436.907
455	400.000	0.012	399.998	0.768	6.010	1773171437.186
456	400.000	0.020	399.999	0.867	2.992	1773171437.507
457	400.000	0.011	399.994	0.491	0.596	1773171437.787
458	400.000	-0.019	400.001	0.293	4.707	1773171438.109
459	400.000	-0.025	400.000	1.043	1.998	1773171438.391
460	400.000	0.013	399.999	0.689	5.837	1773171438.676
461	400.000	0.028	400.002	0.860	2.897	1773171439.001
462	400.000	0.000	399.999	0.669	0.391	1773171439.311
463	400.000	0.013	400.001	0.386	4.215	1773171439.587
464	400.000	0.002	399.998	1.025	2.089	1773171439.863
465	400.000	-0.004	400.003	0.774	5.566	1773171440.194
466	400.000	0.022	400.002	0.925	2.881	1773171440.485
467	400.000	0.000	399.996	0.641	0.620	1773171440.740
468	400.000	-0.021	400.000	0.640	5.402	1773171441.020
469	400.000	0.011	400.000	1.160	2.477	1773171441.306
470	400.000	0.022	399.999	0.698	6.260	1773171441.617
471	400.000	0.031	400.005	0.645	2.890	1773171441.957
472	400.000	-0.008	400.002	0.466	1.142	1773171442.262
473	400.000	0.052	399.998	0.423	4.661	1773171442.567
474	400.000	-0.002	399.999	1.051	2.303	1773171442.816
475	400.000	-0.008	400.001	0.768	0.029	1773171443.139
476	400.000	-0.018	400.002	0.741	3.253	1773171443.450
477	400.000	0.021	400.005	0.676	1.110	1773171443.729
478	400.000	-0.001	400.002	0.565	5.241	1773171444.018
479	400.000	-0.041	400.000	0.999	2.560	1773171444.329
480	400.000	-0.034	399.998	0.746	6.011	1773171444.623
481	400.000	0.014	399.998	0.555	3.475	1773171444.880
482	400.000	0.011	400.002	0.599	1.518	1773171445.196
483	400.000	0.023	400.000	0.568	5.515	1773171445.489
484	400.000	0.011	399.998	1.060	2.607	1773171445.766
485	400.000	-0.005	400.000	0.656	6.270	1773171446.067
486	400.000	0.020	399.998	0.363	3.458	1773171446.330
487	400.000	0.013	399.998	0.764	1.938	1773171446.632
488	400.000	-0.009	400.000	0.632	5.731	1773171446.958
489	400.000	-0.013	399.999	1.013	2.571	1773171447.237
490	400.000	0.023	400.001	0.531	0.131	1773171447.502
491	400.000	-0.007	400.003	0.502	4.534	1773171447.748
492	400.000	-0.019	399.999	1.154	2.456	1773171448.015
493	400.000	0.005	400.001	0.684	0.144	1773171448.263
494	400.000	-0.020	400.005	0.417	4.023	1773171448.584
495	400.000	-0.007	399.997	0.692	1.954	1773171448.896
496	400.000	-0.007	400.006	0.787	5.567	1773171449.195
497	400.000	0.018	400.001	0.967	2.665	1773171449.502
498	400.000	0.026	399.998	0.727	0.054	1773171449.815
499	400.000	-0.019	400.002	0.558	3.693	1773171450.092
500	400.000	-0.013	399.998	0.647	1.869	1773171450.373
501	400.000	0.016	399.999	0.772	5.411	1773171450.717
502	400.000	0.008	399.999	1.125	2.660	1773171451.017
503	400.000	0.001	400.001	0.779	6.134	1773171451.319
504	400.000	-0.020	399.998	0.709	3.259	1773171451.611
505	400.000	-0.007	399.996	0.674	1.256	1773171451.918
506	400.000	-0.028	399.997	0.619	5.470	1773171452.208
507	400.000	-0.015	399.999	1.063	2.555	1773171452.497
508	400.000	-0.007	400.001	0.612	6.129	1773171452.775
509	400.000	-0.009	399.998	0.474	3.812	1773171453.103
510	400.000	-0.024	400.002	0.735	1.753	1773171453.403
511	400.000	0.002	399.999	0.701	5.453	1773171453.699
512	400.000	0.016	400.001	1.015	2.428	1773171454.013
513	400.000	-0.028	399.998	0.711	6.054	1773171454.336
514	400.000	-0.027	400.002	0.760	2.896	1773171454.657
515	400.000	-0.012	400.001	0.631	1.083	1773171454.930
516	400.000	0.030	399.996	0.662	4.798	1773171455.256
517	400.000	0.000	400.002	0.799	2.168	1773171455.597
518	400.000	0.021	400.002	0.740	5.918	1773171455.906
519	400.000	0.023	400.006	1.079	2.653	1773171456.200
520	400.000	-0.016	399.999	0.549	0.216	1773171456.477
521	400.000	-0.003	399.995	0.333	4.140	1773171456.794
522	400.000	-0.012	399.999	0.703	1.885	1773171457.102
523	400.000	0.029	399.998	0.751	5.608	1773171457.424
524	400.000	0.025	400.001	1.091	2.535	1773171457.703
525	400.000	0.018	399.999	0.595	6.109	1773171457.977
526	400.000	-0.025	400.000	0.331	3.977	1773171458.291
527	400.000	-0.007	400.003	0.754	1.907	1773171458.575
528	400.000	0.014	399.997	0.773	5.593	1773171458.910
529	400.000	0.034	400.000	1.075	2.447	1773171459.218
530	400.000	0.012	399.999	0.765	0.061	1773171459.545
531	400.000	-0.006	399.998	0.627	3.396	1773171459.845
532	400.000	0.020	400.001	0.690	1.202	1773171460.132
533	400.000	-0.028	400.001	0.700	5.589	1773171460.429
534	400.000	0.005	399.999	1.144	2.504	1773171460.718
535	400.000	0.034	400.001	0.700	6.207	1773171461.019
536	400.000	0.019	399.999	0.655	3.271	1773171461.328
537	400.000	-0.000	400.004	0.704	1.497	1773171461.593
538	400.000	-0.012	399.999	0.706	5.455	1773171461.888
539	400.000	0.028	400.003	1.010	2.495	1773171462.221
540	400.000	-0.006	399.996	0.736	5.922	1773171462.544
541	400.000	0.017	400.001	0.881	3.329	1773171462.849
542	400.000	0.027	400.000	0.734	1.089	1773171463.134
543	400.000	0.006	400.001	0.402	5.262	1773171463.467
544	400.000	0.031	400.000	0.793	2.179	1773171463.780
545	400.000	0.033	399.998	0.804	5.993	1773171464.096
546	400.000	0.026	400.001	1.047	2.744	1773171464.399
547	400.000	0.021	400.001	0.663	0.134	1773171464.705
548	400.000	-0.010	400.001	0.592	3.801	1773171465.015
549	400.000	0.008	399.998	0.686	1.883	1773171465.289
550	400.000	0.014	399.995	0.709	5.760	1773171465.568
551	400.000	0.020	400.003	1.058	2.802	1773171465.847
552	400.000	0.007	400.003	0.638	0.698	1773171466.171
553	400.000	0.012	399.999	0.447	4.775	1773171466.445
554	400.000	-0.008	400.000	1.055	2.451	1773171466.722
555	400.000	-0.005	399.998	0.808	6.115	1773171467.022
556	400.000	0.006	400.002	0.706	3.148	1773171467.279
557	400.000	-0.033	400.002	0.949	1.925	1773171467.527
558	400.000	-0.004	400.000	0.668	5.809	1773171467.826
559	400.000	-0.017	399.999	1.128	2.944	1773171468.120
560	400.000	0.035	400.003	0.610	0.671	1773171468.411
561	400.000	-0.010	400.000	0.336	4.634	1773171468.707
562	400.000	-0.010	399.999	0.822	1.902	1773171469.013
563	400.000	0.002	400.002	0.733	5.961	1773171469.289
564	400.000	-0.017	400.001	0.963	2.979	1773171469.593
565	400.000	-0.013	399.999	0.626	0.751	1773171469.886
566	400.000	-0.009	400.003	0.457	4.898	1773171470.158
567	400.000	0.010	400.004	1.002	2.508	1773171470.436
568	400.000	0.002	400.000	0.676	6.159	1773171470.716
569	400.000	0.027	400.001	0.582	3.723	1773171470.987
570	400.000	0.003	400.001	0.780	1.923	1773171471.272
571	400.000	0.008	400.001	0.644	5.536	1773171471.608
572	400.000	0.007	400.003	1.111	2.486	1773171471.908
573	400.000	-0.009	399.999	0.713	6.105	1773171472.233
574	400.000	0.008	400.000	0.825	3.345	1773171472.509
575	400.000	0.026	400.002	0.651	1.560	1773171472.780
576	400.000	0.027	399.999	0.623	5.614	1773171473.097
577	400.000	-0.004	400.003	0.975	2.591	1773171473.394
578	400.000	-0.013	399.996	0.638	6.067	1773171473.692
579	400.000	-0.003	400.001	0.556	3.449	1773171473.975
580	400.000	-0.038	400.000	0.614	1.514	1773171474.276
581	400.000	-0.003	399.998	0.684	5.237	1773171474.594
582	400.000	-0.024	400.003	1.132	2.490	1773171474.907
583	400.000	0.006	399.999	0.669	6.019	1773171475.201
584	400.000	0.036	399.999	0.788	3.472	1773171475.456
585	400.000	-0.040	400.000	0.753	1.781	1773171475.771
586	400.000	0.006	399.998	0.641	5.417	1773171476.091
587	400.000	-0.023	400.003	1.160	2.408	1773171476.404
588	400.000	0.013	399.997	0.707	6.251	1773171476.725
589	400.000	0.012	400.000	0.975	3.102	1773171477.032
590	400.000	0.025	400.003	0.410	0.771	1773171477.337
591	400.000	-0.011	400.001	0.430	5.443	1773171477.592
592	400.000	0.013	399.998	1.063	2.459	1773171477.892
593	400.000	0.020	399.997	0.741	6.093	1773171478.163
594	400.000	-0.011	400.000	0.645	3.647	1773171478.479
595	400.000	0.017	399.999	0.741	1.479	1773171478.775
596	400.000	0.018	400.002	0.728	5.740	1773171479.031
597	400.000	0.016	399.998	1.101	2.713	1773171479.339
598	400.000	-0.008	400.005	0.693	6.112	1773171479.649
599	400.000	-0.024	399.999	0.621	3.400	1773171479.963
600	400.000	-0.016	400.001	0.691	1.606	1773171480.274
601	400.000	0.013	399.997	0.573	5.348	1773171480.579
602	400.000	0.009	400.002	1.123	2.283	1773171480.861
603	400.000	-0.016	399.999	0.611	5.976	1773171481.174
604	400.000	0.015	399.999	0.837	3.376	1773171481.468
605	400.000	0.005	400.000	0.488	1.090	1773171481.791
606	400.000	-0.012	399.999	0.428	5.043	1773171482.087
607	400.000	-0.005	400.002	0.955	2.338	1773171482.415
608	400.000	-0.052	399.998	0.744	5.673	1773171482.713
609	400.000	0.001	399.999	0.948	2.769	1773171483.031
610	400.000	-0.040	399.997	0.632	0.448	1773171483.287
611	400.000	0.023	400.000	0.491	4.703	1773171483.584
612	400.000	0.027	399.999	1.093	2.561	1773171483.851
613	400.000	-0.019	400.000	0.832	6.001	1773171484.162
614	400.000	0.018	400.000	0.909	3.257	1773171484.466
615	400.000	0.007	399.998	0.479	0.879	1773171484.789
616	400.000	-0.004	400.002	0.641	4.702	1773171485.087
617	400.000	0.016	400.001	1.031	2.250	1773171485.370
618	400.000	0.009	400.001	0.685	6.037	1773171485.679
619	400.000	0.006	400.004	0.999	2.988	1773171485.988
620	400.000	-0.008	400.000	0.579	0.475	1773171486.292
621	400.000	-0.014	400.000	0.537	4.160	1773171486.615
622	400.000	0.009	399.999	0.801	1.780	1773171486.928
623	400.000	0.005	400.004	0.819	5.468	1773171487.244
624	400.000	0.010	399.999	1.190	2.736	1773171487.541
625	400.000	-0.047	400.002	0.706	6.098	1773171487.834
626	400.000	0.011	400.001	0.772	3.271	1773171488.182
627	400.000	0.009	400.000	0.663	1.116	1773171488.461
628	400.000	-0.002	399.999	0.606	5.007	1773171488.719
629	400.000	-0.034	399.998	1.135	2.576	1773171488.998
630	400.000	0.044	400.004	0.602	6.279	1773171489.314
631	400.000	0.007	400.001	0.470	3.650	1773171489.606
632	400.000	0.011	400.001	0.779	1.847	1773171489.920
633	400.000	0.009	399.998	0.539	5.367	1773171490.244
634	400.000	-0.014	399.999	1.156	2.468	1773171490.550
635	400.000	-0.010	400.000	0.819	0.015	1773171490.855
636	400.000	0.026	400.002	0.835	3.256	1773171491.159
637	400.000	0.006	399.999	0.562	0.972	1773171491.476
638	400.000	0.009	400.003	0.405	4.742	1773171491.781
639	400.000	-0.011	400.003	1.133	2.318	1773171492.054
640	400.000	-0.030	399.999	0.689	5.838	1773171492.346
641	400.000	-0.001	399.999	0.654	3.427	1773171492.617
642	400.000	-0.011	399.993	0.538	1.932	1773171492.926
643	400.000	-0.008	400.001	0.699	5.350	1773171493.236
644	400.000	0.006	399.998	1.246	2.374	1773171493.546
645	400.000	0.005	400.000	0.846	5.772	1773171493.867
646	400.000	0.028	399.997	0.909	2.947	1773171494.193
647	400.000	-0.013	399.999	0.705	0.377	1773171494.482
648	400.000	-0.023	400.000	0.467	4.052	1773171494.795
649	400.000	0.008	400.001	0.881	1.818	1773171495.113
650	400.000	-0.022	400.001	0.811	5.643	1773171495.441
651	400.000	0.015	400.000	1.135	2.586	1773171495.741
652	400.000	0.001	399.999	0.838	0.025	1773171496.029
653	400.000	-0.006	400.003	0.623	3.897	1773171496.289
654	400.000	-0.008	400.001	1.193	2.348	1773171496.545
655	400.000	-0.036	400.002	0.832	5.903	1773171496.861
656	400.000	0.005	400.002	1.006	2.899	1773171497.164
657	400.000	0.001	399.999	0.595	1.099	1773171497.434
658	400.000	0.009	400.001	0.515	4.715	1773171497.745
659	400.000	-0.026	400.000	1.130	2.381	1773171498.053
660	400.000	0.013	399.997	0.873	5.998	1773171498.313
661	400.000	0.015	399.999	0.768	3.167	1773171498.635
662	400.000	0.003	400.000	0.730	1.094	1773171498.938
663	400.000	-0.000	400.002	0.535	4.907	1773171499.235
664	400.000	-0.013	400.000	1.088	2.390	1773171499.515
665	400.000	0.033	399.999	0.858	6.093	1773171499.817
666	400.000	-0.000	400.001	0.860	2.805	1773171500.144
667	400.000	-0.002	400.000	0.588	0.647	1773171500.440
668	400.000	-0.007	400.001	0.384	4.913	1773171500.761
669	400.000	0.010	400.001	0.953	2.082	1773171501.062
670	400.000	0.002	400.000	0.819	5.836	1773171501.371
671	400.000	-0.006	399.995	1.033	2.944	1773171501.690
672	400.000	-0.001	400.001	0.781	0.086	1773171502.011
673	400.000	0.001	400.001	0.327	3.840	1773171502.290
674	400.000	0.013	400.002	0.673	1.546	1773171502.636
675	400.000	0.010	399.998	0.444	4.949	1773171502.957
676	400.000	0.040	400.001	1.197	2.354	1773171503.262
677	400.000	-0.010	399.998	0.860	6.181	1773171503.563
678	400.000	0.006	399.999	0.768	3.388	1773171503.848
679	400.000	-0.010	400.002	0.663	1.327	1773171504.119
680	400.000	-0.005	399.999	0.627	5.415	1773171504.436
681	400.000	-0.022	400.000	1.127	2.468	1773171504.730
682	400.000	0.019	400.001	0.806	6.262	1773171505.000
683	400.000	0.013	400.000	0.466	3.637	1773171505.306
684	400.000	-0.044	399.999	0.762	1.762	1773171505.622
685	400.000	-0.018	400.000	0.716	5.335	1773171505.920
686	400.000	0.012	400.002	1.146	2.760	1773171506.178
687	400.000	0.016	400.001	0.712	0.295	1773171506.492
688	400.000	-0.019	399.998	0.537	3.361	1773171506.826
689	400.000	-0.002	400.003	0.753	1.488	1773171507.130
690	400.000	0.005	399.999	0.640	5.151	1773171507.460
691	400.000	0.049	400.001	1.264	2.476	1773171507.753
692	400.000	0.012	400.000	0.722	5.899	1773171508.056
693	400.000	-0.004	399.997	1.020	3.049	1773171508.371
694	400.000	-0.015	400.002	0.621	0.858	1773171508.670
695	400.000	0.025	400.002	0.641	5.177	1773171508.920
696	400.000	-0.012	400.001	1.143	2.722	1773171509.198
697	400.000	0.029	399.998	0.751	0.149	1773171509.507
698	400.000	-0.044	400.001	0.615	3.619	1773171509.800
699	400.000	-0.002	400.001	0.630	1.433	1773171510.129
700	400.000	0.008	400.000	0.645	5.309	1773171510.441
701	400.000	0.007	400.000	0.947	2.383	1773171510.771
702	400.000	-0.039	400.000	0.721	5.911	1773171511.065
703	400.000	0.021	400.004	0.889	2.825	1773171511.376
704	400.000	-0.004	399.998	0.744	0.694	1773171511.677
705	400.000	-0.017	400.001	0.606	4.222	1773171511.973
706	400.000	-0.016	400.000	1.029	2.022	1773171512.242
707	400.000	-0.002	399.998	0.770	5.845	1773171512.563
708	400.000	-0.012	399.999	0.944	2.879	1773171512.853
709	400.000	0.014	400.001	0.679	1.065	1773171513.099
710	400.000	0.006	400.001	0.741	5.272	1773171513.390
711	400.000	0.015	399.997	1.120	2.395	1773171513.677
712	400.000	0.001	400.000	0.824	6.226	1773171514.000
713	400.000	-0.030	399.999	0.692	3.092	1773171514.311
714	400.000	0.007	400.000	0.746	1.462	1773171514.617
715	400.000	0.036	400.000	0.546	5.051	1773171514.923
716	400.000	0.024	400.002	1.128	2.544	1773171515.217
717	400.000	0.019	400.001	0.836	5.998	1773171515.490
718	400.000	-0.022	399.998	0.564	3.334	1773171515.786
719	400.000	-0.005	399.998	1.011	1.656	1773171516.030
720	400.000	-0.015	400.002	0.736	5.610	1773171516.353
721	400.000	0.002	399.999	1.179	2.700	1773171516.608
722	400.000	-0.020	400.000	0.466	0.268	1773171516.939
723	400.000	0.017	399.999	0.533	3.887	1773171517.228
724	400.000	0.011	399.999	0.952	2.000	1773171517.541
725	400.000	-0.006	400.000	0.837	5.625	1773171517.782
726	400.000	0.022	399.997	0.940	2.925	1773171518.056
727	400.000	0.002	400.000	0.621	1.157	1773171518.340
728	400.000	-0.007	400.004	0.867	5.373	1773171518.617
729	400.000	0.004	399.997	1.235	2.622	1773171518.893
730	400.000	-0.006	400.001	0.758	0.120	1773171519.150
731	400.000	0.004	399.999	0.478	4.423	1773171519.416
732	400.000	-0.007	400.003	1.260	2.245	1773171519.691
733	400.000	-0.014	400.001	0.807	5.820	1773171520.017
734	400.000	0.010	399.998	0.991	2.904	1773171520.350
735	400.000	-0.009	400.001	0.612	0.186	1773171520.628
736	400.000	-0.037	400.002	0.652	4.530	1773171520.916
737	400.000	-0.050	400.000	1.117	2.216	1773171521.182
738	400.000	0.002	399.997	0.887	5.968	1773171521.505
739	400.000	0.002	400.000	0.851	2.941	1773171521.819
740	400.000	0.004	399.999	0.612	0.574	1773171522.161
741	400.000	0.009	399.999	0.273	3.837	1773171522.455
742	400.000	-0.016	400.002	0.864	1.962	1773171522.740
743	400.000	-0.018	400.001	0.811	5.665	1773171523.025
744	400.000	-0.038	400.000	1.058	2.690	1773171523.351
745	400.000	-0.026	399.999	0.608	0.010	1773171523.622
746	400.000	0.020	399.999	0.627	3.775	1773171523.972
747	400.000	0.004	399.999	0.901	1.687	1773171524.280
748	400.000	0.005	399.999	0.878	5.315	1773171524.582
749	400.000	-0.019	399.997	1.119	2.581	1773171524.893
750	400.000	0.001	400.002	0.860	5.980	1773171525.182
751	400.000	0.014	400.001	0.783	3.680	1773171525.458
752	400.000	-0.024	400.000	0.704	1.839	1773171525.744
753	400.000	-0.025	399.999	0.852	5.588	1773171526.013
754	400.000	0.026	400.002	1.068	2.696	1773171526.326
755	400.000	0.020	400.001	0.723	0.020	1773171526.647
756	400.000	0.017	399.998	0.722	3.598	1773171526.924
757	400.000	-0.035	400.000	1.000	1.938	1773171527.197
758	400.000	-0.001	400.004	0.780	5.733	1773171527.501
759	400.000	-0.022	400.001	0.976	3.142	1773171527.766
760	400.000	-0.014	400.000	0.493	0.468	1773171528.083
761	400.000	0.005	400.002	0.884	4.574	1773171528.388
762	400.000	-0.012	399.998	0.944	2.332	1773171528.708
763	400.000	0.028	399.999	0.824	5.445	1773171529.003
764	400.000	-0.003	400.000	1.073	3.095	1773171529.271
765	400.000	-0.033	399.999	0.479	0.607	1773171529.552
766	400.000	0.006	400.002	0.749	5.158	1773171529.824
767	400.000	-0.006	400.002	1.220	2.769	1773171530.134
768	400.000	-0.005	400.002	0.798	6.047	1773171530.415
769	400.000	-0.004	400.004	0.405	3.767	1773171530.693
770	400.000	-0.021	400.000	0.893	2.348	1773171530.942
771	400.000	0.014	399.999	0.743	5.649	1773171531.285
772	400.000	-0.008	400.000	1.086	2.720	1773171531.579
773	400.000	-0.017	400.000	0.767	0.179	1773171531.899
774	400.000	-0.002	399.999	0.670	3.527	1773171532.167
775	400.000	0.007	400.001	0.937	2.033	1773171532.447
776	400.000	0.041	400.002	0.996	5.652	1773171532.707
777	400.000	-0.023	400.001	0.964	2.990	1773171533.040
778	400.000	0.003	400.001	0.573	0.743	1773171533.341
779	400.000	-0.022	400.003	0.583	4.239	1773171533.645
780	400.000	-0.001	400.001	0.842	2.241	1773171533.939
781	400.000	-0.014	400.002	0.964	5.509	1773171534.202
782	400.000	0.015	400.003	0.859	3.105	1773171534.516
783	400.000	0.027	399.998	0.531	0.515	1773171534.835
784	400.000	-0.025	399.999	0.619	4.318	1773171535.130
785	400.000	0.011	400.001	1.139	2.356	1773171535.395
786	400.000	0.023	400.000	0.916	5.802	1773171535.684
787	400.000	-0.031	399.999	0.881	3.061	1773171536.003
788	400.000	-0.024	400.004	0.708	1.022	1773171536.268
789	400.000	0.001	400.000	0.607	4.942	1773171536.548
790	400.000	0.013	399.998	1.292	2.703	1773171536.826
791	400.000	-0.030	399.999	0.664	0.205	1773171537.069
792	400.000	0.005	399.996	0.665	4.594	1773171537.357
793	400.000	0.009	400.001	1.077	2.530	1773171537.610
794	400.000	-0.027	400.002	0.942	6.025	1773171537.911
795	400.000	0.007	400.002	0.709	3.217	1773171538.203
796	400.000	-0.010	400.001	0.759	1.650	1773171538.471
797	400.000	-0.017	400.004	0.728	5.212	1773171538.802
798	400.000	0.006	399.999	0.938	2.503	1773171539.143
799	400.000	-0.032	399.999	0.802	5.884	1773171539.416
800	400.000	0.025	399.999	0.771	3.115	1773171539.712
801	400.000	0.011	400.002	0.527	0.943	1773171540.024
802	400.000	0.028	400.001	0.763	5.086	1773171540.313
803	400.000	0.014	399.999	1.248	2.703	1773171540.595
804	400.000	-0.011	400.001	0.861	6.059	1773171540.865
805	400.000	-0.011	400.000	0.574	3.545	1773171541.189
806	400.000	0.018	400.003	0.829	1.624	1773171541.495
807	400.000	0.029	399.997	0.712	5.274	1773171541.787
808	400.000	-0.003	399.997	1.074	2.883	1773171542.077
809	400.000	-0.031	399.997	0.696	0.165	1773171542.319
810	400.000	0.026	399.999	0.560	4.536	1773171542.587
811	400.000	0.002	399.998	1.281	2.288	1773171542.827
812	400.000	-0.024	400.002	0.732	5.862	1773171543.120
813	400.000	-0.012	400.000	0.824	3.861	1773171543.420
814	400.000	0.016	400.001	0.716	1.824	1773171543.701
815	400.000	0.014	399.998	0.822	5.478	1773171544.006
816	400.000	0.041	399.998	1.276	2.888	1773171544.299
817	400.000	-0.027	400.001	0.593	0.155	1773171544.577
818	400.000	-0.001	400.000	0.485	3.901	1773171544.889
819	400.000	-0.012	400.002	0.829	1.795	1773171545.196
820	400.000	0.007	399.998	0.791	5.478	1773171545.511
821	400.000	0.002	399.999	1.091	2.794	1773171545.809
822	400.000	0.022	399.999	0.809	6.150	1773171546.115
823	400.000	-0.010	399.998	0.567	4.044	1773171546.381
824	400.000	-0.006	400.003	0.840	1.858	1773171546.681
825	400.000	0.030	399.999	0.722	5.623	1773171547.018
826	400.000	0.019	400.002	1.165	2.800	1773171547.334
827	400.000	0.003	400.001	0.685	0.046	1773171547.632
828	400.000	-0.004	400.000	0.625	3.674	1773171547.926
829	400.000	0.013	399.998	0.887	1.874	1773171548.202
830	400.000	-0.010	400.001	0.835	5.485	1773171548.516
831	400.000	0.015	399.998	1.179	2.709	1773171548.800
832	400.000	-0.038	399.999	0.734	6.175	1773171549.105
833	400.000	-0.009	400.001	0.602	4.089	1773171549.376
834	400.000	0.000	400.000	0.876	2.116	1773171549.694
835	400.000	-0.029	400.000	0.720	5.209	1773171549.994
836	400.000	-0.006	399.999	1.122	2.622	1773171550.315
837	400.000	0.016	399.999	0.795	6.028	1773171550.618
838	400.000	0.004	399.998	0.942	3.394	1773171550.951
839	400.000	-0.012	399.999	0.675	1.693	1773171551.227
840	400.000	-0.015	399.999	0.728	5.243	1773171551.502
841	400.000	0.004	400.001	1.005	2.769	1773171551.828
842	400.000	0.007	400.000	0.737	5.972	1773171552.109
843	400.000	-0.015	399.999	0.692	3.175	1773171552.447
844	400.000	0.032	400.000	0.665	1.249	1773171552.731
845	400.000	0.027	399.995	0.964	5.563	1773171552.994
846	400.000	-0.006	399.999	0.968	2.724	1773171553.296
847	400.000	-0.001	400.005	0.745	0.631	1773171553.576
848	400.000	-0.029	400.001	0.658	4.971	1773171553.865
849	400.000	0.043	399.998	0.996	2.222	1773171554.187
850	400.000	0.002	400.000	0.903	5.601	1773171554.518
851	400.000	0.019	399.999	1.076	2.619	1773171554.816
852	400.000	0.027	400.001	0.556	6.261	1773171555.130
853	400.000	0.015	400.004	0.682	3.635	1773171555.430
854	400.000	-0.001	400.001	0.640	1.753	1773171555.750
855	400.000	-0.023	400.000	0.735	4.990	1773171556.054
856	400.000	0.013	399.999	1.056	2.418	1773171556.364
857	400.000	0.003	399.998	0.709	6.044	1773171556.605
858	400.000	0.034	399.998	0.304	4.165	1773171556.871
859	400.000	0.011	400.000	0.838	1.964	1773171557.180
860	400.000	-0.041	399.999	0.813	5.329	1773171557.509
861	400.000	-0.005	400.000	1.158	2.435	1773171557.804
862	400.000	-0.022	400.000	0.778	0.027	1773171558.122
863	400.000	-0.037	399.998	0.496	3.563	1773171558.382
864	400.000	0.008	399.999	0.874	1.799	1773171558.708
865	400.000	-0.017	399.997	0.721	5.138	1773171559.015
866	400.000	-0.002	399.999	1.100	2.604	1773171559.339
867	400.000	-0.008	400.002	0.872	5.738	1773171559.658
868	400.000	-0.001	399.998	0.889	3.175	1773171559.942
869	400.000	0.013	399.995	0.477	0.863	1773171560.275
870	400.000	-0.011	399.998	0.547	4.367	1773171560.591
871	400.000	0.027	399.999	0.950	2.152	1773171560.882
872	400.000	0.030	399.998	0.744	5.515	1773171561.178
873	400.000	-0.013	400.000	0.970	3.199	1773171561.449
874	400.000	-0.032	400.000	0.602	0.926	1773171561.764
875	400.000	0.030	400.002	0.674	4.388	1773171562.082
876	400.000	0.002	399.999	0.884	2.182	1773171562.380
877	400.000	0.011	400.000	0.847	5.588	1773171562.699
878	400.000	0.002	399.999	0.937	3.207	1773171562.973
879	400.000	-0.005	399.998	0.421	0.851	1773171563.233
880	400.000	0.013	400.004	0.598	4.922	1773171563.540
881	400.000	0.024	400.000	1.130	2.666	1773171563.838
882	400.000	-0.019	400.002	0.801	6.017	1773171564.119
883	400.000	0.002	400.001	0.641	3.525	1773171564.404
884	400.000	0.008	400.002	0.727	1.494	1773171564.722
885	400.000	-0.014	400.001	0.560	4.822	1773171565.052
886	400.000	-0.002	400.001	1.071	2.471	1773171565.337
887	400.000	0.005	399.999	0.732	5.701	1773171565.653
888	400.000	-0.014	400.001	0.802	3.070	1773171565.975
889	400.000	-0.016	400.002	0.576	0.329	1773171566.281
890	400.000	0.033	400.003	0.535	4.030	1773171566.602
891	400.000	-0.024	399.998	0.703	1.884	1773171566.902
892	400.000	-0.016	399.998	0.714	5.191	1773171567.214
893	400.000	-0.020	400.000	0.993	2.610	1773171567.543
894	400.000	0.003	400.000	0.715	6.006	1773171567.865
895	400.000	0.018	399.999	0.689	3.277	1773171568.150
896	400.000	-0.003	400.000	0.429	1.404	1773171568.462
897	400.000	-0.021	399.998	0.657	4.597	1773171568.780
898	400.000	-0.006	399.995	0.943	2.339	1773171569.069
899	400.000	0.011	400.000	0.760	5.660	1773171569.342
900	400.000	-0.005	400.001	0.603	3.183	1773171569.619
901	400.000	0.011	399.998	0.859	1.725	1773171569.929
902	400.000	-0.018	400.002	0.590	5.083	1773171570.227
903	400.000	0.005	399.996	1.004	2.424	1773171570.543
904	400.000	0.014	399.999	0.662	5.714	1773171570.864
905	400.000	0.010	399.998	0.911	3.135	1773171571.196
906	400.000	0.043	399.996	0.530	0.675	1773171571.483
907	400.000	0.017	400.001	0.584	4.299	1773171571.788
908	400.000	0.045	399.996	0.935	2.138	1773171572.104
909	400.000	-0.007	399.998	0.752	5.606	1773171572.410
910	400.000	0.020	400.004	0.993	2.932	1773171572.657
911	400.000	0.012	399.998	0.432	0.753	1773171572.991
912	400.000	-0.007	400.000	0.630	4.237	1773171573.277
913	400.000	0.002	400.002	1.174	2.345	1773171573.531
914	400.000	-0.003	400.004	0.724	5.989	1773171573.802
915	400.000	-0.004	399.999	0.704	3.378	1773171574.137
916	400.000	-0.033	399.998	0.676	1.469	1773171574.410
917	400.000	0.004	399.997	0.671	4.933	1773171574.739
918	400.000	-0.013	400.002	1.113	2.367	1773171575.040
919	400.000	-0.042	399.995	0.871	5.781	1773171575.368
920	400.000	0.007	400.003	1.018	3.056	1773171575.688
921	400.000	0.001	399.996	0.464	0.218	1773171575.952
922	400.000	-0.042	400.000	0.773	4.655	1773171576.239
923	400.000	-0.013	399.999	0.988	2.575	1773171576.551
924	400.000	-0.017	400.004	0.787	5.752	1773171576.848
925	400.000	0.027	399.998	0.816	3.307	1773171577.118
926	400.000	0.033	400.001	0.646	1.607	1773171577.447
927	400.000	-0.009	399.998	0.755	4.688	1773171577.753
928	400.000	-0.014	400.000	0.965	2.266	1773171578.065
929	400.000	0.024	399.997	0.808	5.491	1773171578.362
930	400.000	0.047	400.002	0.997	3.133	1773171578.664
931	400.000	-0.037	400.002	0.617	1.363	1773171578.895
932	400.000	-0.015	400.001	0.868	5.060	1773171579.153
933	400.000	0.018	399.996	0.970	2.878	1773171579.404
934	400.000	0.019	400.000	0.668	1.112	1773171579.684
935	400.000	0.004	399.998	0.634	4.769	1773171579.970
936	400.000	0.018	399.995	1.075	2.632	1773171580.237
937	400.000	-0.007	400.001	0.605	6.085	1773171580.541
938	400.000	-0.025	399.999	0.578	3.297	1773171580.845
939	400.000	0.007	400.003	0.719	1.664	1773171581.125
940	400.000	-0.010	400.000	0.726	5.044	1773171581.455
941	400.000	0.022	399.998	0.982	2.478	1773171581.739
942	400.000	-0.015	399.999	0.807	5.760	1773171582.058
943	400.000	0.020	399.998	0.929	3.550	1773171582.329
944	400.000	-0.007	400.003	0.634	1.594	1773171582.629
945	400.000	-0.012	399.998	0.656	4.834	1773171582.928
946	400.000	0.001	399.997	1.031	2.508	1773171583.261
947	400.000	-0.004	400.000	0.781	5.885	1773171583.564
948	400.000	-0.009	399.996	0.836	3.367	1773171583.864
949	400.000	0.014	400.002	0.438	1.243	1773171584.172
950	400.000	0.001	400.000	0.561	4.585	1773171584.479
951	400.000	0.013	400.002	1.169	2.541	1773171584.774
952	400.000	0.006	399.997	0.839	5.662	1773171585.051
953	400.000	0.000	399.999	0.846	3.262	1773171585.385
954	400.000	0.025	399.999	0.580	1.050	1773171585.690
955	400.000	-0.013	400.001	0.478	4.417	1773171586.011
956	400.000	0.010	400.001	0.872	2.115	1773171586.315
957	400.000	0.008	400.000	0.755	5.412	1773171586.626
958	400.000	0.007	400.001	0.995	2.807	1773171586.929
959	400.000	-0.002	399.999	0.544	0.150	1773171587.240
960	400.000	0.005	399.998	0.654	4.030	1773171587.509
961	400.000	0.010	399.999	0.911	2.235	1773171587.826
962	400.000	-0.022	399.999	0.701	5.451	1773171588.150
963	400.000	-0.017	400.000	0.974	2.676	1773171588.464
964	400.000	-0.012	399.994	0.690	5.980	1773171588.720
965	400.000	0.020	400.001	0.879	4.123	1773171588.992
966	400.000	0.021	400.001	0.794	2.131	1773171589.314
967	400.000	0.005	400.001	0.779	5.238	1773171589.640
968	400.000	-0.021	400.000	1.015	2.742	1773171589.907
969	400.000	-0.061	399.999	0.762	0.508	1773171590.183
970	400.000	0.000	400.000	0.620	4.472	1773171590.491
971	400.000	0.003	399.996	0.949	1.989	1773171590.787
972	400.000	-0.014	400.003	0.966	5.698	1773171591.061
973	400.000	0.012	400.000	0.882	3.396	1773171591.320
974	400.000	-0.018	399.998	0.478	1.013	1773171591.617
975	400.000	0.012	399.999	0.615	4.680	1773171591.960
976	400.000	0.031	400.000	0.978	2.159	1773171592.241
977	400.000	-0.015	400.002	0.914	5.494	1773171592.568
978	400.000	-0.020	399.999	1.020	3.089	1773171592.855
979	400.000	0.039	399.998	0.760	1.063	1773171593.116
980	400.000	0.012	399.999	0.561	4.783	1773171593.439
981	400.000	-0.010	399.999	0.960	2.150	1773171593.746
982	400.000	0.024	400.000	0.928	5.531	1773171594.075
983	400.000	-0.035	399.997	0.763	3.131	1773171594.378
984	400.000	0.006	400.000	0.636	1.127	1773171594.676
985	400.000	0.007	400.001	0.766	4.872	1773171594.918
986	400.000	0.021	400.000	1.140	2.596	1773171595.163
987	400.000	0.009	400.000	0.681	0.240	1773171595.435
988	400.000	0.038	399.997	0.614	4.071	1773171595.759
989	400.000	0.020	400.001	0.905	2.122	1773171596.045
990	400.000	0.013	400.000	0.770	5.457	1773171596.317
991	400.000	0.005	399.998	0.981	3.191	1773171596.623
992	400.000	-0.018	399.999	0.603	0.474	1773171596.878
993	400.000	0.006	399.999	0.635	4.424	1773171597.210
994	400.000	-0.012	400.001	0.936	2.044	1773171597.495
995	400.000	-0.007	400.001	0.690	5.987	1773171597.740
996	400.000	-0.010	400.001	0.846	3.630	1773171598.004
997	400.000	0.005	400.001	0.736	1.807	1773171598.319
998	400.000	0.016	400.002	0.637	5.191	1773171598.637
999	400.000	0.013	400.000	1.124	2.630	1773171598.942
1000	400.000	-0.020	400.000	0.599	5.962	1773171599.255
1001	400.000	0.048	400.004	0.853	3.622	1773171599.550
1002	400.000	-0.028	399.997	0.493	1.065	1773171599.888
1003	400.000	-0.022	400.000	0.633	4.600	1773171600.184
1004	400.000	0.017	399.999	1.048	2.364	1773171600.510
1005	400.000	0.010	400.001	0.776	5.721	1773171600.782
1006	400.000	0.005	400.001	0.739	3.049	1773171601.046
1007	400.000	0.044	400.001	0.766	1.652	1773171601.307
1008	400.000	0.015	399.999	0.649	5.025	1773171601.630
1009	400.000	0.001	400.002	1.093	2.813	1773171601.923
1010	400.000	-0.038	399.997	0.635	0.204	1773171602.154
1011	400.000	-0.023	400.003	0.466	4.763	1773171602.443
1012	400.000	-0.032	400.002	1.128	2.175	1773171602.736
1013	400.000	-0.016	399.999	0.845	5.781	1773171603.020
1014	400.000	0.019	400.000	1.001	3.107	1773171603.317
1015	400.000	-0.008	399.999	0.568	0.631	1773171603.625
1016	400.000	-0.020	400.000	0.540	4.294	1773171603.926
1017	400.000	0.030	400.002	0.953	1.977	1773171604.244
1018	400.000	0.020	400.001	0.771	5.695	1773171604.516
1019	400.000	0.010	400.000	1.039	3.127	1773171604.791
1020	400.000	0.003	400.000	0.651	1.232	1773171605.065
1021	400.000	-0.019	400.002	0.579	5.113	1773171605.373
1022	400.000	0.001	400.000	1.069	2.541	1773171605.660
1023	400.000	0.007	399.999	0.751	5.986	1773171605.940
1024	400.000	0.008	399.997	0.848	3.528	1773171606.210
1025	400.000	0.021	400.001	0.636	1.609	1773171606.491
1026	400.000	0.025	399.999	0.649	5.280	1773171606.810
1027	400.000	0.007	400.000	1.035	2.624	1773171607.130
1028	400.000	-0.001	400.001	0.676	6.053	1773171607.439
1029	400.000	-0.028	400.001	0.878	3.286	1773171607.752
1030	400.000	-0.009	400.003	0.597	1.105	1773171608.071
1031	400.000	0.014	400.001	0.588	4.768	1773171608.367
1032	400.000	0.001	399.999	0.993	2.364	1773171608.653
1033	400.000	-0.001	399.999	0.826	5.734	1773171608.930
1034	400.000	0.023	399.998	0.729	3.204	1773171609.257
1035	400.000	-0.021	400.001	0.678	1.016	1773171609.538
1036	400.000	0.020	400.000	0.742	4.882	1773171609.806
1037	400.000	-0.009	400.000	1.019	2.807	1773171610.065
1038	400.000	-0.015	400.001	0.577	0.126	1773171610.369
1039	400.000	-0.013	400.003	0.361	4.621	1773171610.626
1040	400.000	0.022	400.005	0.972	2.378	1773171610.912
1041	400.000	-0.027	399.998	0.790	5.543	1773171611.186
1042	400.000	-0.034	400.003	0.920	3.372	1773171611.465
1043	400.000	0.005	399.997	0.792	1.523	1773171611.747
1044	400.000	-0.006	400.002	0.714	4.987	1773171612.062
1045	400.000	0.014	400.001	1.046	2.395	1773171612.365
1046	400.000	-0.026	399.998	0.707	6.040	1773171612.670
1047	400.000	-0.014	400.002	0.900	2.999	1773171613.000
1048	400.000	-0.008	400.000	0.531	0.556	1773171613.326
1049	400.000	-0.019	400.000	0.587	4.153	1773171613.636
1050	400.000	-0.021	400.001	0.743	2.011	1773171613.914
1051	400.000	-0.008	400.000	0.786	5.752	1773171614.193
1052	400.000	0.034	400.002	0.928	3.036	1773171614.485
1053	400.000	-0.000	400.004	0.453	0.755	1773171614.766
1054	400.000	0.018	399.999	0.704	4.838	1773171615.059
1055	400.000	-0.032	400.002	0.943	2.518	1773171615.381
1056	400.000	-0.017	399.998	0.705	5.880	1773171615.666
1057	400.000	0.014	399.999	0.944	3.198	1773171615.974
1058	400.000	0.001	400.001	0.591	1.454	1773171616.251
1059	400.000	-0.005	400.002	0.512	4.694	1773171616.555
1060	400.000	-0.003	400.003	0.924	2.533	1773171616.874
1061	400.000	0.046	400.001	0.677	5.807	1773171617.179
1062	400.000	-0.006	399.999	1.119	3.326	1773171617.444
1063	400.000	0.016	399.998	0.631	1.746	1773171617.701
1064	400.000	0.003	399.998	0.778	5.509	1773171617.955
1065	400.000	0.005	400.000	0.966	3.007	1773171618.259
1066	400.000	-0.027	400.002	0.476	0.923	1773171618.537
1067	400.000	0.001	399.999	0.548	4.465	1773171618.820
1068	400.000	-0.030	400.001	0.869	2.285	1773171619.139
1069	400.000	-0.021	400.001	0.814	5.428	1773171619.451
1070	400.000	-0.010	400.000	1.097	3.156	1773171619.774
1071	400.000	0.011	400.000	0.524	0.233	1773171620.065
1072	400.000	-0.004	399.998	0.568	3.759	1773171620.380
1073	400.000	-0.014	400.003	0.716	1.734	1773171620.689
1074	400.000	-0.000	400.001	0.803	5.313	1773171620.958
1075	400.000	-0.018	399.996	1.007	2.995	1773171621.261
1076	400.000	0.018	399.997	0.635	0.136	1773171621.557
1077	400.000	0.020	400.003	0.695	4.158	1773171621.821
1078	400.000	0.001	400.003	1.179	2.327	1773171622.075
1079	400.000	-0.010	400.000	0.838	6.072	1773171622.377
1080	400.000	-0.009	399.998	0.785	3.323	1773171622.636
1081	400.000	-0.012	399.997	0.637	2.018	1773171622.931
1082	400.000	0.003	399.997	0.841	5.467	1773171623.171
1083	400.000	-0.022	399.996	0.783	3.213	1773171623.448
1084	400.000	-0.022	400.001	0.655	1.016	1773171623.767
1085	400.000	-0.010	400.004	0.614	4.517	1773171624.055
1086	400.000	0.014	400.002	1.014	2.558	1773171624.344
1087	400.000	0.008	400.001	0.883	6.146	1773171624.595
1088	400.000	-0.013	399.998	0.747	3.533	1773171624.896
1089	400.000	-0.021	400.000	0.546	1.504	1773171625.239
1090	400.000	0.013	400.002	0.596	4.615	1773171625.536
1091	400.000	-0.022	399.998	0.924	2.468	1773171625.860
1092	400.000	0.017	400.002	0.758	5.704	1773171626.139
1093	400.000	-0.002	399.998	0.965	3.408	1773171626.404
1094	400.000	0.016	400.001	0.500	1.460	1773171626.715
1095	400.000	0.016	399.997	0.717	4.766	1773171627.009
1096	400.000	0.009	400.000	1.290	2.841	1773171627.298
1097	400.000	0.039	399.999	0.633	6.245	1773171627.598
1098	400.000	0.011	400.001	0.794	3.476	1773171627.881
1099	400.000	0.027	400.001	0.724	1.821	1773171628.150
1100	400.000	-0.018	399.998	0.539	5.360	1773171628.479
1101	400.000	-0.021	400.000	1.091	2.640	1773171628.766
1102	400.000	0.009	400.001	0.765	6.150	1773171629.042
1103	400.000	0.016	400.002	0.729	3.994	1773171629.342
1104	400.000	0.003	399.998	0.712	1.789	1773171629.670
1105	400.000	0.007	400.002	0.535	4.999	1773171629.984
1106	400.000	0.010	400.001	1.039	2.484	1773171630.299
1107	400.000	0.008	399.999	0.659	0.031	1773171630.597
1108	400.000	-0.020	400.001	0.838	3.446	1773171630.915
1109	400.000	-0.012	400.001	0.540	1.344	1773171631.197
1110	400.000	0.015	399.997	0.773	5.318	1773171631.471
1111	400.000	0.019	399.998	1.073	2.634	1773171631.777
1112	400.000	-0.009	400.000	0.797	0.107	1773171632.062
1113	400.000	0.002	400.000	0.467	3.982	1773171632.344
1114	400.000	-0.033	400.002	0.916	2.369	1773171632.610
1115	400.000	-0.029	400.001	0.766	5.896	1773171632.904
1116	400.000	0.011	400.002	1.065	3.005	1773171633.218
1117	400.000	-0.000	400.000	0.513	0.509	1773171633.527
1118	400.000	0.006	399.997	0.621	3.791	1773171633.812
1119	400.000	-0.004	400.003	0.986	2.341	1773171634.089
1120	400.000	0.002	400.002	0.770	5.954	1773171634.370
1121	400.000	-0.026	399.996	1.029	3.136	1773171634.671
1122	400.000	0.007	400.002	0.603	1.186	1773171634.955
1123	400.000	-0.012	400.002	0.663	4.989	1773171635.210
1124	400.000	0.034	400.000	1.159	2.553	1773171635.503
1125	400.000	0.033	400.001	0.690	6.003	1773171635.788
1126	400.000	0.025	400.000	0.779	3.531	1773171636.103
1127	400.000	-0.008	399.997	0.688	1.790	1773171636.402
1128	400.000	0.011	400.002	0.617	5.465	1773171636.696
1129	400.000	0.014	400.001	1.112	2.827	1773171636.972
1130	400.000	0.009	400.002	0.633	6.255	1773171637.290
1131	400.000	-0.004	399.999	0.690	3.768	1773171637.534
1132	400.000	0.009	400.001	0.882	2.005	1773171637.855
1133	400.000	0.012	399.997	0.775	5.431	1773171638.169
1134	400.000	-0.020	400.001	1.082	2.788	1773171638.474
1135	400.000	-0.037	400.000	0.582	0.074	1773171638.789
1136	400.000	-0.028	399.999	0.766	3.398	1773171639.088
1137	400.000	0.019	399.997	0.595	1.365	1773171639.407
1138	400.000	-0.033	400.001	0.841	5.441	1773171639.674
1139	400.000	-0.031	400.000	1.053	3.086	1773171639.931
1140	400.000	-0.012	400.003	0.447	0.610	1773171640.228
1141	400.000	-0.031	400.000	0.469	4.555	1773171640.468
1142	400.000	-0.015	400.002	1.041	2.575	1773171640.803
1143	400.000	-0.004	400.001	0.670	5.943	1773171641.115
1144	400.000	0.014	400.002	0.812	2.814	1773171641.445
1145	400.000	0.036	400.002	0.651	0.244	1773171641.747
1146	400.000	0.002	400.002	0.424	3.512	1773171642.035
1147	400.000	-0.005	400.003	0.973	2.371	1773171642.296
1148	400.000	0.000	400.001	0.793	5.941	1773171642.580
1149	400.000	0.006	400.001	0.829	3.014	1773171642.842
1150	400.000	0.018	400.002	0.752	1.947	1773171643.090
1151	400.000	0.013	400.003	0.791	5.552	1773171643.348
1152	400.000	-0.005	400.003	0.951	3.307	1773171643.614
1153	400.000	-0.006	399.998	0.482	1.434	1773171643.916
1154	400.000	-0.024	400.000	0.586	5.174	1773171644.244
1155	400.000	0.002	400.001	1.111	2.614	1773171644.524
1156	400.000	0.014	400.004	0.659	6.189	1773171644.799
1157	400.000	0.019	400.002	0.747	3.390	1773171645.111
1158	400.000	0.014	400.000	0.538	1.185	1773171645.428
1159	400.000	-0.029	400.002	0.456	4.685	1773171645.714
1160	400.000	-0.020	399.998	1.130	2.514	1773171645.989
1161	400.000	-0.022	399.999	0.715	5.907	1773171646.307
1162	400.000	-0.008	400.002	0.871	3.086	1773171646.597
1163	400.000	0.014	399.997	0.735	1.566	1773171646.877
1164	400.000	-0.027	399.999	0.524	4.986	1773171647.175
1165	400.000	-0.010	400.000	1.055	2.667	1773171647.469
1166	400.000	0.018	400.002	0.644	6.110	1773171647.732
1167	400.000	0.015	400.000	0.619	3.536	1773171648.025
1168	400.000	0.028	400.001	0.631	1.578	1773171648.343
1169	400.000	0.015	400.003	0.808	5.471	1773171648.594
1170	400.000	0.016	400.001	1.021	3.088	1773171648.845
1171	400.000	-0.000	400.000	0.417	0.442	1773171649.168
1172	400.000	0.012	400.001	0.499	4.216	1773171649.501
1173	400.000	0.026	400.000	0.663	1.790	1773171649.796
1174	400.000	0.002	400.000	0.708	5.557	1773171650.081
1175	400.000	0.015	400.002	1.019	2.832	1773171650.392
1176	400.000	-0.016	400.000	0.648	0.257	1773171650.676
1177	400.000	-0.002	400.001	0.589	3.822	1773171650.992
1178	400.000	-0.013	400.000	0.602	2.082	1773171651.269
1179	400.000	-0.037	400.002	0.787	5.760	1773171651.537
1180	400.000	-0.008	399.997	0.891	3.023	1773171651.805
1181	400.000	-0.001	399.998	0.404	0.940	1773171652.105
1182	400.000	0.007	399.999	0.423	5.210	1773171652.369
1183	400.000	-0.008	400.001	1.044	2.459	1773171652.667
1184	400.000	-0.046	400.001	0.751	5.976	1773171652.986
1185	400.000	0.025	400.000	0.845	3.100	1773171653.310
1186	400.000	-0.010	400.001	0.192	0.879	1773171653.579
1187	400.000	-0.024	400.002	0.474	5.041	1773171653.850
1188	400.000	-0.017	400.002	1.169	2.800	1773171654.118
1189	400.000	-0.002	400.002	0.660	0.027	1773171654.437
1190	400.000	-0.019	399.999	0.751	3.236	1773171654.735
1191	400.000	0.016	399.999	0.723	1.869	1773171654.977
1192	400.000	0.002	399.999	0.681	5.428	1773171655.283
1193	400.000	-0.011	400.001	0.970	2.944	1773171655.553
1194	400.000	-0.006	400.003	0.615	0.547	1773171655.834
1195	400.000	0.010	400.001	0.390	4.409	1773171656.095
1196	400.000	-0.024	400.000	1.131	2.710	1773171656.364
1197	400.000	0.025	400.002	0.615	6.038	1773171656.670
1198	400.000	-0.002	400.002	0.831	3.260	1773171656.978
1199	400.000	-0.026	400.002	0.638	1.354	1773171657.300
1200	400.000	0.023	400.002	0.441	4.777	1773171657.608
1201	400.000	-0.019	400.001	0.979	2.514	1773171657.902
1202	400.000	-0.018	399.998	0.746	5.779	1773171658.165
1203	400.000	0.007	400.003	0.786	3.180	1773171658.486
1204	400.000	0.040	400.002	0.676	1.364	1773171658.739
1205	400.000	0.001	400.000	0.482	5.070	1773171659.055
1206	400.000	0.009	399.998	1.074	2.653	1773171659.367
1207	400.000	-0.010	399.999	0.695	6.071	1773171659.689
1208	400.000	0.014	400.001	1.039	3.103	1773171659.991
1209	400.000	-0.022	399.999	0.461	0.873	1773171660.290
1210	400.000	0.010	400.002	0.395	4.721	1773171660.561
1211	400.000	-0.003	400.001	0.885	2.308	1773171660.876
1212	400.000	-0.003	400.003	0.795	6.027	1773171661.169
1213	400.000	-0.006	400.002	0.935	3.171	1773171661.502
1214	400.000	0.009	400.004	0.453	0.614	1773171661.795
1215	400.000	0.015	399.998	0.563	4.448	1773171662.082
1216	400.000	-0.021	400.003	0.890	2.551	1773171662.369
1217	400.000	-0.001	399.999	0.760	5.895	1773171662.669
1218	400.000	0.005	399.999	0.954	2.979	1773171662.965
1219	400.000	0.002	400.002	0.394	0.255	1773171663.303
1220	400.000	-0.025	399.996	0.530	3.637	1773171663.644
1221	400.000	-0.007	400.001	0.599	2.131	1773171663.934
1222	400.000	-0.001	400.002	0.707	5.367	1773171664.184
1223	400.000	0.010	399.999	0.994	3.004	1773171664.513
1224	400.000	-0.002	399.999	0.466	0.116	1773171664.806
1225	400.000	-0.036	400.000	0.474	4.093	1773171665.053
1226	400.000	-0.017	400.000	0.836	2.369	1773171665.397
1227	400.000	0.031	399.998	0.629	5.353	1773171665.699
1228	400.000	0.017	400.003	0.993	3.001	1773171665.998
1229	400.000	-0.033	399.999	0.493	0.338	1773171666.308
1230	400.000	0.052	400.000	0.556	3.972	1773171666.560
1231	400.000	0.009	399.999	0.883	2.475	1773171666.869
1232	400.000	-0.021	400.002	0.728	5.554	1773171667.187
1233	400.000	-0.028	399.999	1.030	2.991	1773171667.471
1234	400.000	0.016	400.000	0.524	0.644	1773171667.755
1235	400.000	0.012	400.001	0.527	4.371	1773171668.060
1236	400.000	-0.003	399.998	0.791	2.337	1773171668.359
1237	400.000	0.001	400.000	0.564	5.612	1773171668.704
1238	400.000	-0.008	400.001	1.009	2.885	1773171668.998
1239	400.000	-0.017	400.001	0.584	6.172	1773171669.319
1240	400.000	-0.008	400.001	0.817	3.596	1773171669.612
1241	400.000	-0.017	399.999	0.738	1.841	1773171669.876
1242	400.000	-0.004	400.000	0.556	5.319	1773171670.199
1243	400.000	-0.009	400.002	1.083	2.876	1773171670.537
1244	400.000	0.001	400.002	0.628	0.011	1773171670.800
1245	400.000	0.024	399.998	0.741	3.568	1773171671.133
1246	400.000	-0.016	399.998	0.499	1.678	1773171671.439
1247	400.000	0.013	400.000	0.548	4.999	1773171671.753
1248	400.000	0.002	400.000	1.047	2.717	1773171672.061
1249	400.000	0.012	400.001	0.694	5.765	1773171672.369
1250	400.000	0.009	400.004	0.988	3.228	1773171672.687
1251	400.000	0.023	399.999	0.442	1.089	1773171672.981
1252	400.000	0.037	399.999	0.571	4.542	1773171673.228
1253	400.000	0.023	400.002	1.187	2.901	1773171673.509
1254	400.000	-0.000	400.000	0.516	5.875	1773171673.800
1255	400.000	-0.003	399.999	0.695	3.506	1773171674.105
1256	400.000	-0.035	399.999	0.698	1.962	1773171674.378
1257	400.000	-0.065	400.000	0.561	5.312	1773171674.699
1258	400.000	-0.012	400.002	1.048	2.843	1773171675.000
1259	400.000	0.000	399.999	0.699	6.032	1773171675.311
1260	400.000	0.018	399.999	0.886	3.386	1773171675.635
1261	400.000	0.021	400.002	0.257	1.081	1773171675.957
1262	400.000	-0.023	400.000	0.405	4.462	1773171676.246
1263	400.000	-0.000	400.000	0.853	2.367	1773171676.555
1264	400.000	-0.009	400.003	0.615	5.781	1773171676.868
1265	400.000	0.012	399.995	0.887	2.937	1773171677.188
1266	400.000	-0.005	400.005	0.550	0.732	1773171677.485
1267	400.000	-0.008	399.999	0.415	4.263	1773171677.738
1268	400.000	-0.024	400.002	0.904	2.395	1773171678.069
1269	400.000	-0.027	400.001	0.705	5.785	1773171678.357
1270	400.000	0.029	399.998	1.092	3.140	1773171678.631
1271	400.000	0.004	400.000	0.436	1.201	1773171678.937
1272	400.000	-0.045	400.001	0.556	4.487	1773171679.264
1273	400.000	0.019	400.001	0.863	2.523	1773171679.547
1274	400.000	-0.059	399.998	0.764	5.948	1773171679.827
1275	400.000	-0.003	399.997	0.809	3.261	1773171680.132
1276	400.000	-0.016	400.001	0.449	1.094	1773171680.427
1277	400.000	0.033	399.999	0.515	4.345	1773171680.722
1278	400.000	-0.011	399.997	0.903	2.517	1773171681.014
1279	400.000	0.018	400.003	0.741	6.147	1773171681.314
1280	400.000	0.016	399.999	0.894	3.072	1773171681.596
1281	400.000	0.007	399.997	0.644	1.825	1773171681.877
1282	400.000	0.029	400.000	0.517	5.124	1773171682.192
1283	400.000	-0.009	400.000	1.147	2.789	1773171682.499
1284	400.000	0.002	400.000	0.656	5.736	1773171682.820
1285	400.000	0.017	400.000	1.052	3.314	1773171683.127
1286	400.000	-0.012	400.000	0.474	1.462	1773171683.363
1287	400.000	0.005	399.995	0.537	5.033	1773171683.666
1288	400.000	-0.019	400.000	1.070	2.651	1773171683.935
1289	400.000	-0.017	399.999	0.420	6.130	1773171684.175
1290	400.000	-0.017	399.998	0.370	4.841	1773171684.462
1291	400.000	-0.006	400.001	0.981	2.485	1773171684.739
1292	400.000	-0.019	400.000	0.578	5.914	1773171685.020
1293	400.000	-0.001	400.001	0.889	3.322	1773171685.310
1294	400.000	-0.003	400.000	0.335	1.833	1773171685.606
1295	400.000	0.008	400.000	0.469	5.191	1773171685.909
1296	400.000	0.020	399.997	1.219	2.787	1773171686.180
1297	400.000	-0.014	400.000	0.509	0.102	1773171686.472
1298	400.000	-0.025	400.000	0.676	4.048	1773171686.748
1299	400.000	0.001	400.002	0.764	2.398	1773171687.060
1300	400.000	-0.009	400.002	0.642	5.846	1773171687.375
1301	400.000	0.020	400.001	1.151	2.975	1773171687.680
1302	400.000	-0.032	399.998	0.695	6.242	1773171688.011
1303	400.000	0.005	400.001	0.863	3.139	1773171688.306
1304	400.000	0.012	400.001	0.569	1.855	1773171688.547
1305	400.000	-0.008	400.000	0.760	5.713	1773171688.802
1306	400.000	-0.000	400.001	0.951	2.974	1773171689.106
1307	400.000	0.014	400.001	0.402	0.543	1773171689.421
1308	400.000	-0.005	399.999	0.542	4.267	1773171689.701
1309	400.000	-0.032	400.000	0.870	2.599	1773171689.992
1310	400.000	-0.026	400.000	0.501	5.920	1773171690.264
1311	400.000	-0.011	399.995	0.775	3.193	1773171690.567
1312	400.000	0.012	399.998	0.357	1.290	1773171690.866
1313	400.000	0.028	400.003	0.466	4.565	1773171691.169
1314	400.000	-0.039	400.000	0.964	2.553	1773171691.482
1315	400.000	-0.002	400.001	0.645	6.091	1773171691.752
1316	400.000	-0.014	400.003	0.683	3.658	1773171692.048
1317	400.000	-0.013	400.003	0.541	1.445	1773171692.360
1318	400.000	0.006	399.999	0.518	5.296	1773171692.626
1319	400.000	0.034	400.000	1.039	2.768	1773171692.890
1320	400.000	0.013	399.998	0.562	0.245	1773171693.212
1321	400.000	-0.030	400.002	0.578	3.697	1773171693.510
1322	400.000	-0.029	399.998	0.550	1.936	1773171693.827
1323	400.000	0.015	400.000	0.449	5.346	1773171694.105
1324	400.000	-0.000	400.001	1.037	2.769	1773171694.381
1325	400.000	-0.014	399.999	0.405	0.036	1773171694.622
1326	400.000	-0.004	400.003	0.542	4.820	1773171694.912
1327	400.000	-0.008	399.998	0.970	2.524	1773171695.203
1328	400.000	-0.013	400.004	0.706	5.753	1773171695.518
1329	400.000	0.008	400.000	0.900	3.135	1773171695.832
1330	400.000	-0.042	399.996	0.451	0.738	1773171696.140
1331	400.000	0.029	399.999	0.644	4.092	1773171696.447
1332	400.000	0.004	399.998	0.965	2.436	1773171696.711
1333	400.000	0.018	400.003	0.745	5.982	1773171697.017
1334	400.000	-0.017	399.999	1.050	3.058	1773171697.337
1335	400.000	-0.001	399.998	0.480	0.406	1773171697.650
1336	400.000	0.020	399.999	0.533	3.790	1773171697.938
1337	400.000	-0.023	399.997	0.856	2.707	1773171698.210
1338	400.000	0.019	399.998	0.719	5.834	1773171698.530
1339	400.000	-0.005	400.001	1.060	3.286	1773171698.823
1340	400.000	0.019	399.999	0.358	6.242	1773171699.142
1341	400.000	-0.036	399.998	0.631	3.709	1773171699.454
1342	400.000	0.002	400.003	0.661	1.961	1773171699.770
1343	400.000	-0.029	400.004	0.643	5.043	1773171700.101
1344	400.000	-0.012	400.001	0.974	2.629	1773171700.392
1345	400.000	0.003	399.996	0.711	5.900	1773171700.701
1346	400.000	0.020	400.000	0.951	3.211	1773171701.035
1347	400.000	0.037	399.998	0.413	0.596	1773171701.333
1348	400.000	0.027	400.003	0.453	4.281	1773171701.620
1349	400.000	-0.006	399.999	0.869	2.550	1773171701.928
1350	400.000	-0.018	400.000	0.764	5.674	1773171702.228
1351	400.000	-0.008	399.999	1.016	2.920	1773171702.496
1352	400.000	0.018	399.998	0.420	1.021	1773171702.819
1353	400.000	0.021	399.997	0.520	4.534	1773171703.085
1354	400.000	-0.011	400.000	1.054	2.612	1773171703.391
1355	400.000	-0.026	399.998	0.658	5.638	1773171703.749
1356	400.000	-0.001	400.002	1.015	2.835	1773171704.026
1357	400.000	0.036	399.999	0.482	0.845	1773171704.301
1358	400.000	0.021	400.004	0.319	4.986	1773171704.623
1359	400.000	-0.018	400.005	0.640	2.440	1773171704.928
1360	400.000	-0.006	399.996	0.731	5.328	1773171705.214
1361	400.000	-0.003	400.002	1.017	2.956	1773171705.536
1362	400.000	-0.004	399.998	0.461	6.124	1773171705.831
1363	400.000	-0.033	400.001	0.701	3.980	1773171706.084
1364	400.000	-0.027	400.001	0.822	2.387	1773171706.397
1365	400.000	-0.008	400.001	0.851	5.717	1773171706.647
1366	400.000	0.015	400.000	0.816	3.275	1773171706.922
1367	400.000	0.022	400.001	0.446	1.529	1773171707.196
1368	400.000	-0.025	400.000	0.625	5.408	1773171707.472
1369	400.000	-0.021	400.002	1.039	2.782	1773171707.793
1370	400.000	-0.004	400.003	0.794	6.025	1773171708.090
1371	400.000	0.013	399.999	0.710	3.450	1773171708.384
1372	400.000	0.017	400.000	0.785	2.026	1773171708.649
1373	400.000	-0.008	400.000	0.750	5.895	1773171708.906
1374	400.000	-0.001	399.998	0.834	3.171	1773171709.204
1375	400.000	0.030	400.001	0.312	0.742	1773171709.531
1376	400.000	0.017	400.000	0.507	3.687	1773171709.825
1377	400.000	-0.003	399.998	0.994	2.383	1773171710.080
1378	400.000	-0.012	399.997	0.851	6.139	1773171710.321
1379	400.000	0.008	399.999	0.840	3.249	1773171710.660
1380	400.000	0.039	400.001	0.458	2.351	1773171710.914
1381	400.000	-0.003	399.999	0.763	5.710	1773171711.180
1382	400.000	-0.016	400.001	0.956	3.074	1773171711.505
1383	400.000	0.014	400.000	0.601	6.152	1773171711.806
1384	400.000	0.005	400.001	0.632	3.964	1773171712.103
1385	400.000	0.009	399.999	0.625	2.314	1773171712.379
1386	400.000	0.011	400.001	0.702	5.442	1773171712.682
1387	400.000	-0.006	400.003	0.929	3.120	1773171712.986
1388	400.000	0.008	400.001	0.470	1.351	1773171713.284
1389	400.000	-0.018	400.000	0.654	5.499	1773171713.566
1390	400.000	-0.038	400.000	1.001	2.597	1773171713.857
1391	400.000	0.000	400.001	0.705	6.076	1773171714.173
1392	400.000	-0.016	399.999	0.688	5.380	1773171714.494
1393	400.000	0.039	400.002	1.150	2.708	1773171714.817
1394	400.000	-0.019	399.997	1.127	2.695	1773171715.122
1395	400.000	0.018	399.998	1.095	2.609	1773171715.424
1396	400.000	0.023	400.001	1.062	2.588	1773171715.712
1397	400.000	-0.006	400.000	1.198	2.592	1773171715.984
1398	400.000	-0.019	399.998	1.120	2.636	1773171716.295
1399	400.000	0.002	399.999	1.022	2.683	1773171716.614
1400	400.000	0.013	400.004	1.071	2.558	1773171716.915
1401	400.000	-0.030	399.995	1.108	2.659	1773171717.236
1402	400.000	-0.024	399.996	1.079	2.567	1773171717.544
1403	400.000	0.052	400.003	1.053	2.631	1773171717.840
1404	400.000	0.011	399.998	1.065	2.497	1773171718.175
1405	400.000	0.001	399.999	1.109	2.548	1773171718.483
1406	400.000	-0.010	400.002	1.123	2.694	1773171718.803
1407	400.000	0.014	400.000	1.138	2.670	1773171719.096
1408	400.000	-0.019	400.003	1.129	2.530	1773171719.388
1409	400.000	0.018	400.003	1.113	2.552	1773171719.702
1410	400.000	0.004	400.000	0.967	2.728	1773171720.011
1411	400.000	-0.001	399.998	1.006	2.534	1773171720.340
1412	400.000	0.002	400.000	1.039	2.654	1773171720.609
1413	400.000	0.007	400.000	1.104	2.583	1773171720.945
1414	400.000	0.005	400.000	1.103	2.670	1773171721.257
1415	400.000	-0.018	400.001	1.088	2.538	1773171721.555
1416	400.000	0.027	400.005	1.110	2.463	1773171721.799
1417	400.000	0.012	400.001	0.983	2.511	1773171722.073
1418	400.000	-0.014	400.001	1.002	2.472	1773171722.370
1419	400.000	0.003	399.999	1.132	2.667	1773171722.677
1420	400.000	0.018	400.002	1.101	2.515	1773171722.963
1421	400.000	-0.034	400.003	1.027	2.469	1773171723.262
1422	400.000	0.002	399.998	1.161	2.602	1773171723.582
1423	400.000	-0.049	400.001	1.149	2.634	1773171723.892
1424	400.000	-0.024	400.002	1.143	2.651	1773171724.202
1425	400.000	-0.005	399.998	1.183	2.628	1773171724.530
1426	400.000	-0.001	399.999	0.988	2.494	1773171724.792
1427	400.000	0.009	400.003	0.976	2.622	1773171725.072
1428	400.000	0.009	399.997	1.070	2.709	1773171725.393
1429	400.000	-0.027	400.002	1.107	2.647	1773171725.679
1430	400.000	-0.017	400.002	1.019	2.737	1773171725.961
1431	400.000	0.014	400.000	1.114	2.587	1773171726.209
1432	400.000	-0.002	399.997	1.095	2.662	1773171726.500
1433	400.000	0.013	400.001	1.199	2.521	1773171726.728
1434	400.000	0.034	399.998	1.022	2.516	1773171727.000
1435	400.000	0.013	400.002	0.996	2.329	1773171727.237
1436	400.000	-0.012	400.001	1.135	2.672	1773171727.514
1437	400.000	-0.007	400.001	0.992	2.660	1773171727.774
1438	400.000	0.024	400.002	1.031	2.559	1773171728.111
1439	400.000	0.013	399.994	1.164	2.473	1773171728.378
1440	400.000	-0.018	399.997	1.006	2.361	1773171728.636
1441	400.000	-0.017	399.999	1.110	2.535	1773171728.941
1442	400.000	-0.016	400.000	1.134	2.544	1773171729.252
1443	400.000	-0.013	400.000	1.154	2.669	1773171729.498
1444	400.000	0.009	399.998	1.059	2.436	1773171729.778
1445	400.000	0.016	400.002	1.145	2.583	1773171730.056
1446	400.000	0.028	399.998	1.066	2.585	1773171730.331
1447	400.000	0.018	400.000	1.125	2.453	1773171730.641
1448	400.000	-0.003	400.002	1.188	2.674	1773171730.926
1449	400.000	0.020	399.997	1.155	2.585	1773171731.197
1450	400.000	-0.017	400.000	1.235	2.542	1773171731.439
1451	400.000	0.003	400.000	1.069	2.667	1773171731.768
1452	400.000	-0.022	400.005	1.071	2.656	1773171732.064
1453	400.000	0.006	400.003	1.035	2.610	1773171732.319
1454	400.000	0.001	400.001	1.137	2.734	1773171732.646
1455	400.000	0.012	400.004	0.992	2.775	1773171732.947
1456	400.000	-0.015	400.003	1.167	2.657	1773171733.280
1457	400.000	-0.003	399.998	1.103	2.482	1773171733.554
1458	400.000	0.010	400.002	1.013	2.475	1773171733.850
1459	400.000	-0.020	400.000	1.081	2.586	1773171734.186
1460	400.000	0.018	400.002	1.117	2.599	1773171734.488
1461	400.000	-0.030	400.001	1.158	2.546	1773171734.796
1462	400.000	0.002	400.000	1.176	2.416	1773171735.058
1463	400.000	-0.001	400.000	1.015	2.547	1773171735.364
1464	400.000	0.039	400.000	1.049	2.589	1773171735.657
1465	400.000	-0.013	400.002	1.164	2.576	1773171735.930
1466	400.000	0.027	399.999	1.086	2.566	1773171736.183
1467	400.000	0.001	400.003	1.025	2.606	1773171736.488
1468	400.000	0.006	400.001	1.153	2.511	1773171736.768
1469	400.000	-0.007	400.002	1.045	2.495	1773171737.053
1470	400.000	0.006	400.000	1.006	2.588	1773171737.324
1471	400.000	-0.023	400.001	1.135	2.530	1773171737.651
1472	400.000	0.002	400.000	0.970	2.586	1773171737.963
1473	400.000	0.010	400.001	0.961	2.596	1773171738.245
1474	400.000	-0.011	400.003	1.198	2.599	1773171738.528
1475	400.000	-0.001	400.000	1.149	2.659	1773171738.829
1476	400.000	0.037	400.004	1.074	2.567	1773171739.110
1477	400.000	-0.037	400.001	1.008	2.583	1773171739.406
1478	400.000	-0.020	400.001	1.198	2.458	1773171739.684
1479	400.000	-0.025	400.000	1.105	2.515	1773171739.957
1480	400.000	0.004	400.003	1.101	2.598	1773171740.258
1481	400.000	0.005	399.998	1.103	2.662	1773171740.515
1482	400.000	-0.022	400.005	1.124	2.639	1773171740.859
1483	400.000	0.014	400.000	1.165	2.579	1773171741.164
1484	400.000	0.043	400.002	1.119	2.469	1773171741.465
1485	400.000	0.003	400.000	1.104	2.591	1773171741.744
1486	400.000	0.046	399.999	1.107	2.529	1773171743.459
1487	400.000	0.021	399.997	1.125	2.606	1773171743.779
1488	400.000	-0.010	400.001	1.090	2.589	1773171744.088
1489	400.000	-0.022	399.999	1.102	2.495	1773171744.365
1490	400.000	-0.011	399.999	1.043	2.706	1773171744.641
1491	400.000	0.017	399.999	1.062	2.558	1773171744.897
1492	400.000	0.006	400.002	1.043	2.672	1773171745.203
1493	400.000	0.042	399.998	1.120	2.612	1773171745.481
1494	400.000	0.004	400.002	1.083	2.532	1773171745.771
1495	400.000	-0.003	399.999	1.141	2.525	1773171746.100
1496	400.000	-0.000	400.001	1.056	2.487	1773171746.408
1497	400.000	0.005	400.002	1.031	2.509	1773171746.717
1498	400.000	-0.000	400.000	1.101	2.608	1773171747.026
