Point No.	Frequency Set (GHz)	THz Photocurrent (nA)	Frequency Act (GHz)	Amplitude (via StrMod)	Phase (via StrMod)	Timestamp (s)
1	400.000	-0.006	400.388	0.352	2.070	1773084654.560
2	400.000	0.025	400.267	0.559	6.105	1773084654.878
3	400.000	0.002	400.188	0.681	2.859	1773084655.180
4	400.000	0.005	400.143	0.763	4.359	1773084655.456
5	400.000	0.035	400.107	1.029	5.464	1773084655.762
6	400.000	0.004	400.084	1.025	0.045	1773084656.035
7	400.000	-0.012	400.067	1.117	0.711	1773084656.351
8	400.000	-0.014	400.060	1.069	1.077	1773084656.633
9	400.000	-0.006	400.050	1.124	1.349	1773084656.901
10	400.000	0.015	400.047	1.051	1.526	1773084657.171
11	400.000	-0.008	400.038	0.994	1.694	1773084657.423
12	400.000	-0.010	400.038	1.005	1.854	1773084657.738
13	400.000	-0.026	400.032	1.007	1.888	1773084658.012
14	400.000	0.005	400.028	0.927	2.002	1773084658.294
15	400.000	-0.009	400.028	1.009	1.984	1773084658.582
16	400.000	0.010	400.024	1.013	2.051	1773084658.900
17	400.000	0.018	400.023	1.017	2.211	1773084659.219
18	400.000	-0.003	400.015	0.961	2.211	1773084659.498
19	400.000	-0.039	400.017	1.033	2.254	1773084659.774
20	400.000	0.011	400.016	0.982	2.264	1773084660.020
21	400.000	0.029	400.015	1.002	2.281	1773084660.290
22	400.000	0.005	400.013	0.895	2.336	1773084660.591
23	400.000	0.024	400.013	0.934	2.326	1773084660.914
24	400.000	-0.006	400.013	1.055	2.415	1773084661.225
25	400.000	0.006	400.010	0.977	2.415	1773084661.536
26	400.000	-0.024	400.009	0.959	2.558	1773084661.863
27	400.000	0.013	400.008	0.981	2.466	1773084662.197
28	400.000	-0.007	400.007	0.949	2.474	1773084662.467
29	400.000	-0.012	400.009	0.897	2.536	1773084662.749
30	400.000	-0.008	400.008	0.882	2.495	1773084663.051
31	400.000	0.017	400.006	0.987	2.535	1773084663.298
32	400.000	-0.004	400.006	0.937	2.530	1773084663.628
33	400.000	0.013	400.009	0.906	2.636	1773084663.936
34	400.000	0.011	400.002	0.919	2.570	1773084664.225
35	400.000	0.011	400.006	0.938	2.657	1773084664.531
36	400.000	0.002	400.004	0.980	2.640	1773084664.799
37	400.000	-0.005	400.005	0.910	2.687	1773084665.074
38	400.000	-0.044	400.008	0.911	2.591	1773084665.368
39	400.000	0.003	400.001	0.884	2.677	1773084665.672
40	400.000	-0.032	400.002	0.928	2.697	1773084665.984
41	400.000	0.017	400.000	0.935	2.764	1773084666.297
42	400.000	0.027	400.000	0.873	2.652	1773084666.621
43	400.000	0.002	400.002	0.928	2.666	1773084666.899
44	400.000	0.022	400.005	0.960	2.780	1773084667.201
45	400.000	-0.026	400.010	0.965	2.547	1773084667.480
46	400.000	0.025	400.001	0.934	2.736	1773084667.768
47	400.000	-0.010	400.002	0.964	2.713	1773084668.050
48	400.000	-0.025	400.004	0.913	2.672	1773084668.359
49	400.000	-0.023	400.001	0.868	2.588	1773084668.666
50	400.000	0.014	400.000	0.941	2.711	1773084668.912
51	400.000	0.016	400.004	0.927	2.688	1773084669.179
52	400.000	0.004	400.000	0.921	2.745	1773084669.507
53	400.000	-0.017	400.004	0.881	2.721	1773084669.793
54	400.000	-0.011	400.001	0.924	2.790	1773084670.114
55	400.000	-0.013	400.006	0.887	2.629	1773084670.409
56	400.000	0.014	400.002	0.934	2.732	1773084670.666
57	400.000	0.031	399.999	0.899	2.746	1773084670.923
58	400.000	0.004	399.998	0.945	2.812	1773084671.252
59	400.000	-0.032	399.999	0.893	2.700	1773084671.528
60	400.000	-0.025	400.000	0.872	2.751	1773084671.804
61	400.000	-0.015	399.998	0.884	2.841	1773084672.114
62	400.000	0.037	400.003	0.875	2.817	1773084672.419
63	400.000	0.010	400.002	0.926	2.830	1773084672.753
64	400.000	0.030	400.004	0.851	2.818	1773084673.041
65	400.000	-0.035	400.000	0.927	2.873	1773084673.366
66	400.000	0.013	399.999	0.902	2.794	1773084673.658
67	400.000	0.005	400.000	0.947	2.903	1773084673.971
68	400.000	0.037	400.000	0.894	2.815	1773084674.231
69	400.000	-0.001	400.000	0.144	2.055	1773084674.532
70	400.000	-0.004	400.001	0.102	4.739	1773084674.812
71	400.000	-0.026	400.000	0.188	5.140	1773084675.112
72	400.000	0.009	399.999	0.244	4.777	1773084675.406
73	400.000	-0.004	400.001	0.117	5.065	1773084675.691
74	400.000	0.005	400.003	0.240	5.122	1773084675.976
75	400.000	0.014	400.000	0.148	4.618	1773084676.291
76	400.000	0.008	400.003	0.225	4.959	1773084676.607
77	400.000	-0.011	400.001	0.273	4.473	1773084676.911
78	400.000	0.006	400.000	0.111	3.748	1773084677.160
79	400.000	0.015	400.001	0.188	4.383	1773084677.477
80	400.000	-0.012	400.002	0.108	5.416	1773084677.739
81	400.000	-0.029	400.000	0.180	5.520	1773084678.011
82	400.000	-0.001	400.001	0.084	4.073	1773084678.335
83	400.000	0.016	399.999	0.183	5.024	1773084678.647
84	400.000	-0.012	399.998	0.098	4.541	1773084678.976
85	400.000	0.028	400.001	0.178	4.766	1773084679.261
86	400.000	-0.021	400.003	0.123	4.543	1773084679.577
87	400.000	-0.008	400.004	0.138	4.963	1773084679.883
88	400.000	0.012	400.000	0.167	4.467	1773084680.185
89	400.000	0.007	399.996	0.094	5.204	1773084680.431
90	400.000	-0.002	400.004	0.148	4.287	1773084680.695
91	400.000	-0.006	400.002	0.124	5.054	1773084680.957
92	400.000	0.014	399.996	0.037	3.993	1773084681.257
93	400.000	0.001	400.003	0.128	4.805	1773084681.513
94	400.000	-0.014	400.001	0.194	5.129	1773084681.819
95	400.000	0.012	400.000	0.115	3.948	1773084682.141
96	400.000	-0.003	399.997	0.126	4.200	1773084682.449
97	400.000	0.021	400.004	0.195	4.963	1773084682.707
98	400.000	0.016	399.997	0.057	4.273	1773084683.012
99	400.000	0.010	399.999	0.229	4.533	1773084683.260
100	400.000	0.022	400.002	0.144	4.904	1773084683.600
101	400.000	-0.004	400.006	0.152	4.391	1773084683.894
102	400.000	0.017	400.000	0.186	3.417	1773084684.210
103	400.000	0.015	399.998	0.146	4.399	1773084684.500
104	400.000	-0.012	399.999	0.150	4.594	1773084684.827
105	400.000	-0.025	400.000	0.200	3.652	1773084685.142
106	400.000	-0.031	400.002	0.168	4.864	1773084685.421
107	400.000	-0.019	399.997	0.052	3.795	1773084685.692
108	400.000	0.023	399.998	0.234	4.910	1773084685.958
109	400.000	-0.008	399.996	0.221	3.809	1773084686.232
110	400.000	-0.026	399.999	0.048	4.913	1773084686.524
111	400.000	0.017	400.000	0.176	3.925	1773084686.833
112	400.000	0.005	400.001	0.059	4.092	1773084687.143
113	400.000	-0.006	400.002	0.166	4.036	1773084687.453
114	400.000	0.021	400.000	0.128	3.375	1773084687.765
115	400.000	0.009	400.000	0.154	3.879	1773084688.103
116	400.000	0.009	400.001	0.119	3.988	1773084688.399
117	400.000	-0.024	400.000	0.091	4.075	1773084688.668
118	400.000	0.002	399.999	0.147	3.460	1773084688.982
119	400.000	-0.011	399.997	0.154	3.349	1773084689.289
120	400.000	-0.027	400.000	0.141	3.555	1773084689.586
121	400.000	-0.007	400.000	0.288	3.189	1773084689.829
122	400.000	-0.003	400.002	0.171	4.821	1773084690.104
123	400.000	-0.001	400.001	0.142	3.475	1773084690.419
124	400.000	0.041	400.000	0.156	3.799	1773084690.720
125	400.000	-0.016	400.000	0.186	3.413	1773084691.054
126	400.000	-0.017	399.999	0.184	3.220	1773084691.354
127	400.000	0.021	400.003	0.067	2.889	1773084691.637
128	400.000	-0.001	399.998	0.227	2.517	1773084691.913
129	400.000	-0.004	399.999	0.168	3.300	1773084692.230
130	400.000	-0.014	400.002	0.181	2.842	1773084692.550
131	400.000	-0.009	400.001	0.143	3.978	1773084692.853
132	400.000	0.001	400.001	0.188	3.350	1773084693.160
133	400.000	0.004	400.001	0.206	2.321	1773084693.469
134	400.000	0.003	400.001	0.101	2.901	1773084693.794
135	400.000	0.026	400.000	0.214	2.340	1773084694.064
136	400.000	-0.021	399.998	0.110	3.673	1773084694.347
137	400.000	-0.039	400.003	0.822	2.395	1773084694.652
138	400.000	0.007	399.998	0.819	2.403	1773084694.917
139	400.000	-0.005	400.001	0.867	2.403	1773084695.177
140	400.000	0.006	399.999	0.826	2.428	1773084695.461
141	400.000	0.016	399.998	0.851	2.439	1773084695.770
142	400.000	-0.008	399.998	0.828	2.418	1773084696.078
143	400.000	-0.017	400.000	0.799	2.421	1773084696.343
144	400.000	-0.005	400.001	0.824	2.501	1773084696.648
145	400.000	-0.002	399.996	0.518	2.049	1773084696.975
146	400.000	0.017	400.000	0.616	4.771	1773084697.270
147	400.000	-0.015	400.004	0.826	2.425	1773084697.568
148	400.000	-0.012	399.999	0.475	5.289	1773084697.884
149	400.000	0.009	399.998	0.409	2.923	1773084698.143
150	400.000	-0.020	400.001	0.383	2.008	1773084698.444
151	400.000	0.014	400.001	0.595	4.664	1773084698.754
152	400.000	-0.037	400.002	0.837	2.468	1773084699.017
153	400.000	0.002	400.004	0.309	5.520	1773084699.307
154	400.000	0.018	400.001	0.335	3.901	1773084699.583
155	400.000	-0.023	400.001	0.636	2.044	1773084699.900
156	400.000	-0.026	400.001	0.630	4.915	1773084700.191
157	400.000	-0.017	400.003	0.786	2.345	1773084700.515
158	400.000	0.021	400.003	0.333	5.913	1773084700.792
159	400.000	-0.031	400.005	0.355	3.614	1773084701.093
160	400.000	0.012	399.999	0.602	2.114	1773084701.375
161	400.000	0.006	399.999	0.748	5.073	1773084701.645
162	400.000	0.016	399.998	0.737	2.549	1773084701.949
163	400.000	-0.013	399.999	0.282	5.553	1773084702.263
164	400.000	-0.008	399.998	0.375	3.629	1773084702.569
165	400.000	-0.014	399.996	0.609	2.039	1773084702.804
166	400.000	-0.012	400.001	0.603	5.274	1773084703.093
167	400.000	-0.025	399.999	0.614	2.663	1773084703.391
168	400.000	-0.003	399.999	0.242	1.442	1773084703.694
169	400.000	0.013	400.003	0.493	4.169	1773084703.990
170	400.000	-0.051	399.999	0.773	2.082	1773084704.281
171	400.000	-0.004	399.999	0.633	5.189	1773084704.606
172	400.000	-0.012	399.999	0.772	2.451	1773084704.884
173	400.000	-0.020	399.998	0.191	1.416	1773084705.161
174	400.000	0.026	399.998	0.599	4.570	1773084705.449
175	400.000	-0.007	400.002	0.912	2.229	1773084705.712
176	400.000	0.010	399.998	0.428	5.561	1773084706.026
177	400.000	-0.029	400.002	0.475	3.226	1773084706.328
178	400.000	-0.005	400.001	0.288	1.326	1773084706.644
179	400.000	0.005	399.999	0.470	4.429	1773084706.949
180	400.000	0.008	399.999	0.778	2.110	1773084707.277
181	400.000	-0.014	400.001	0.683	5.206	1773084707.586
182	400.000	-0.030	399.999	0.810	2.571	1773084707.882
183	400.000	-0.009	399.999	0.191	0.421	1773084708.152
184	400.000	-0.012	400.001	0.443	4.482	1773084708.459
185	400.000	-0.006	400.000	0.757	2.157	1773084708.776
186	400.000	-0.021	399.999	0.662	5.124	1773084709.086
187	400.000	0.011	399.999	0.847	2.501	1773084709.395
188	400.000	0.015	399.998	0.453	5.566	1773084709.719
189	400.000	-0.004	399.997	0.468	3.273	1773084710.020
190	400.000	0.001	400.002	0.631	2.017	1773084710.312
191	400.000	-0.024	399.998	0.544	4.813	1773084710.639
192	400.000	-0.008	400.001	0.817	2.341	1773084710.952
193	400.000	-0.006	399.999	0.586	5.421	1773084711.267
194	400.000	0.026	400.005	0.647	2.712	1773084711.521
195	400.000	0.002	399.998	0.339	1.557	1773084711.852
196	400.000	0.016	399.999	0.668	4.544	1773084712.159
197	400.000	-0.035	400.001	0.835	2.349	1773084712.404
198	400.000	0.002	400.000	0.489	5.316	1773084712.732
199	400.000	0.022	399.995	0.589	2.757	1773084713.035
200	400.000	0.005	400.001	0.245	1.448	1773084713.344
201	400.000	0.001	399.997	0.436	4.157	1773084713.669
202	400.000	-0.032	399.999	0.606	2.149	1773084713.966
203	400.000	0.002	400.001	0.749	5.274	1773084714.232
204	400.000	-0.010	400.000	0.598	2.581	1773084714.566
205	400.000	0.021	399.999	0.263	6.253	1773084714.860
206	400.000	-0.040	399.999	0.370	3.527	1773084715.165
207	400.000	0.007	400.002	0.678	2.039	1773084715.492
208	400.000	0.008	400.004	0.779	4.976	1773084715.779
209	400.000	-0.004	400.002	0.703	2.641	1773084716.037
210	400.000	-0.015	399.996	0.207	0.456	1773084716.350
211	400.000	-0.028	400.001	0.389	3.940	1773084716.674
212	400.000	-0.018	400.000	0.662	1.959	1773084716.960
213	400.000	0.006	399.996	0.690	5.239	1773084717.236
214	400.000	0.029	400.001	0.734	2.545	1773084717.548
215	400.000	0.015	400.000	0.319	0.911	1773084717.815
216	400.000	-0.011	399.998	0.638	4.583	1773084718.107
217	400.000	-0.049	400.000	0.831	2.316	1773084718.411
218	400.000	-0.016	400.000	0.642	5.258	1773084718.737
219	400.000	0.017	400.002	0.730	2.545	1773084719.049
220	400.000	-0.023	400.000	0.252	0.129	1773084719.332
221	400.000	0.019	399.998	0.581	4.515	1773084719.597
222	400.000	0.021	400.003	0.749	2.325	1773084719.882
223	400.000	-0.002	400.000	0.551	5.536	1773084720.152
224	400.000	0.026	400.005	0.446	3.578	1773084720.401
225	400.000	-0.001	399.998	0.632	2.225	1773084720.730
226	400.000	0.033	399.999	0.714	5.067	1773084721.030
227	400.000	0.009	400.003	0.809	2.455	1773084721.349
228	400.000	-0.004	400.001	0.545	5.689	1773084721.622
229	400.000	0.009	399.999	0.385	3.562	1773084721.918
230	400.000	0.017	399.997	0.651	1.940	1773084722.219
231	400.000	0.017	400.001	0.716	5.119	1773084722.482
232	400.000	-0.010	400.002	0.678	2.499	1773084722.774
233	400.000	0.023	400.002	0.250	0.887	1773084723.025
234	400.000	-0.002	399.998	0.631	4.739	1773084723.301
235	400.000	-0.001	400.002	0.878	2.415	1773084723.593
236	400.000	-0.015	400.002	0.566	5.469	1773084723.905
237	400.000	0.009	400.003	0.582	2.959	1773084724.221
238	400.000	0.014	399.997	0.341	1.292	1773084724.510
239	400.000	-0.006	399.997	0.641	4.754	1773084724.788
240	400.000	-0.007	400.000	0.852	2.342	1773084725.082
241	400.000	-0.001	399.996	0.527	5.773	1773084725.332
242	400.000	0.014	399.999	0.334	3.735	1773084725.598
243	400.000	0.009	400.003	0.774	2.230	1773084725.913
244	400.000	0.002	399.999	0.760	5.255	1773084726.182
245	400.000	0.015	399.997	0.757	2.479	1773084726.505
246	400.000	-0.030	400.000	0.310	6.028	1773084726.822
247	400.000	-0.003	400.002	0.411	3.946	1773084727.111
248	400.000	-0.018	400.002	0.680	2.030	1773084727.377
249	400.000	-0.005	399.999	0.785	5.180	1773084727.697
250	400.000	0.026	399.998	0.752	2.627	1773084728.016
251	400.000	0.003	400.001	0.335	5.959	1773084728.312
252	400.000	-0.023	399.999	0.372	3.390	1773084728.614
253	400.000	-0.016	400.000	0.460	2.023	1773084728.934
254	400.000	0.019	400.000	0.771	4.955	1773084729.237
255	400.000	0.013	400.000	0.791	2.475	1773084729.512
256	400.000	-0.031	399.998	0.482	5.778	1773084729.821
257	400.000	-0.003	400.002	0.446	3.427	1773084730.125
258	400.000	-0.034	399.998	0.566	1.846	1773084730.445
259	400.000	0.032	400.002	0.574	4.800	1773084730.766
260	400.000	-0.028	399.999	0.773	2.364	1773084731.050
261	400.000	0.004	400.000	0.583	5.889	1773084731.304
262	400.000	-0.014	399.996	0.446	3.882	1773084731.589
263	400.000	-0.004	400.000	0.681	2.175	1773084731.890
264	400.000	0.026	400.000	0.715	5.057	1773084732.193
265	400.000	0.042	400.000	0.769	2.519	1773084732.496
266	400.000	0.007	400.002	0.346	5.960	1773084732.817
267	400.000	0.014	400.002	0.400	3.379	1773084733.126
268	400.000	0.003	399.997	0.445	1.835	1773084733.431
269	400.000	0.016	399.997	0.811	5.012	1773084733.667
270	400.000	-0.014	400.000	0.668	2.759	1773084733.926
271	400.000	0.016	400.006	0.237	1.176	1773084734.208
272	400.000	-0.006	400.001	0.628	4.616	1773084734.505
273	400.000	0.023	400.004	0.813	2.479	1773084734.801
274	400.000	0.006	399.999	0.628	5.646	1773084735.057
275	400.000	-0.054	400.000	0.395	3.168	1773084735.381
276	400.000	-0.003	399.999	0.526	2.132	1773084735.612
277	400.000	-0.001	400.000	0.736	5.217	1773084735.888
278	400.000	-0.037	400.001	0.735	2.638	1773084736.199
279	400.000	0.001	400.000	0.305	5.946	1773084736.506
280	400.000	0.006	400.002	0.415	4.079	1773084736.817
281	400.000	0.003	399.999	0.578	2.188	1773084737.127
282	400.000	-0.006	400.001	0.767	4.928	1773084737.446
283	400.000	0.006	399.999	0.868	2.521	1773084737.756
284	400.000	-0.001	400.000	0.468	5.789	1773084738.043
285	400.000	0.034	399.999	0.504	3.593	1773084738.317
286	400.000	-0.002	400.000	0.772	2.287	1773084738.596
287	400.000	-0.014	400.000	0.738	5.383	1773084738.875
288	400.000	-0.007	399.996	0.609	2.793	1773084739.111
289	400.000	-0.011	399.997	0.407	1.879	1773084739.405
290	400.000	0.035	399.998	0.652	4.802	1773084739.731
291	400.000	-0.008	399.996	0.947	2.504	1773084740.014
292	400.000	0.016	399.998	0.700	5.502	1773084740.329
293	400.000	-0.006	400.000	0.638	2.904	1773084740.633
294	400.000	0.018	400.002	0.363	1.904	1773084740.875
295	400.000	0.017	400.000	0.743	5.159	1773084741.149
296	400.000	0.002	399.997	0.711	2.663	1773084741.454
297	400.000	-0.010	400.000	0.398	5.719	1773084741.755
298	400.000	0.010	400.000	0.490	4.052	1773084742.022
299	400.000	-0.042	400.003	0.701	2.204	1773084742.347
300	400.000	-0.011	400.000	0.762	5.119	1773084742.633
301	400.000	0.000	400.000	0.695	2.653	1773084742.950
302	400.000	-0.005	399.999	0.491	5.742	1773084743.266
303	400.000	0.001	400.002	0.500	3.360	1773084743.561
304	400.000	0.009	399.998	0.549	2.020	1773084743.827
305	400.000	0.024	400.002	0.770	5.148	1773084744.104
306	400.000	0.013	400.003	0.609	2.734	1773084744.375
307	400.000	0.008	399.998	0.301	1.280	1773084744.655
308	400.000	-0.005	399.999	0.482	4.479	1773084744.964
309	400.000	0.016	400.001	0.866	2.440	1773084745.221
310	400.000	-0.007	400.003	0.539	5.607	1773084745.533
311	400.000	-0.034	399.997	0.528	3.002	1773084745.851
312	400.000	0.009	399.997	0.317	1.590	1773084746.152
313	400.000	-0.013	399.999	0.548	4.638	1773084746.446
314	400.000	0.039	399.998	0.845	2.474	1773084746.733
315	400.000	-0.010	399.998	0.689	5.545	1773084747.040
316	400.000	-0.013	399.998	0.519	2.939	1773084747.344
317	400.000	0.009	400.000	0.246	0.889	1773084747.662
318	400.000	0.003	400.001	0.477	4.538	1773084747.958
319	400.000	-0.029	399.997	0.894	2.543	1773084748.237
320	400.000	0.028	399.995	0.584	5.528	1773084748.527
321	400.000	-0.023	400.002	0.397	3.151	1773084748.806
322	400.000	0.005	399.998	0.372	1.895	1773084749.094
323	400.000	0.007	399.999	0.671	4.837	1773084749.407
324	400.000	-0.024	400.001	0.827	2.694	1773084749.675
325	400.000	0.002	400.002	0.427	5.822	1773084749.970
326	400.000	-0.015	400.002	0.517	4.141	1773084750.223
327	400.000	-0.017	399.998	0.772	2.256	1773084750.474
328	400.000	0.001	400.001	0.650	5.452	1773084750.788
329	400.000	0.005	400.000	0.584	2.869	1773084751.088
330	400.000	-0.032	400.002	0.263	1.755	1773084751.329
331	400.000	0.012	400.001	0.559	4.821	1773084751.657
332	400.000	0.004	400.003	0.772	2.407	1773084751.961
333	400.000	0.001	399.998	0.605	5.575	1773084752.216
334	400.000	-0.010	399.997	0.372	3.390	1773084752.519
335	400.000	0.009	399.999	0.547	2.002	1773084752.801
336	400.000	0.019	400.004	0.712	5.054	1773084753.084
337	400.000	-0.001	399.997	0.791	2.739	1773084753.367
338	400.000	0.013	400.002	0.252	0.397	1773084753.613
339	400.000	0.011	399.999	0.606	4.698	1773084753.895
340	400.000	-0.013	400.001	0.825	2.530	1773084754.192
341	400.000	-0.005	400.002	0.674	5.359	1773084754.518
342	400.000	0.024	399.996	0.576	2.680	1773084754.801
343	400.000	-0.019	400.004	0.330	2.052	1773084755.061
344	400.000	0.038	399.999	0.830	5.022	1773084755.329
345	400.000	-0.008	400.001	0.709	2.564	1773084755.639
346	400.000	-0.011	400.001	0.428	5.701	1773084755.944
347	400.000	0.023	399.999	0.383	3.369	1773084756.256
348	400.000	0.049	400.001	0.498	1.805	1773084756.550
349	400.000	-0.040	399.999	0.563	4.862	1773084756.888
350	400.000	0.003	399.999	0.786	2.358	1773084757.185
351	400.000	-0.017	400.002	0.758	5.430	1773084757.495
352	400.000	0.006	399.999	0.638	3.030	1773084757.800
353	400.000	-0.001	400.003	0.230	0.845	1773084758.114
354	400.000	-0.009	400.000	0.394	4.199	1773084758.450
355	400.000	0.016	400.000	0.640	2.349	1773084758.748
356	400.000	0.009	400.002	0.816	5.321	1773084759.002
357	400.000	0.025	400.002	0.574	2.945	1773084759.269
358	400.000	0.012	400.001	0.249	1.835	1773084759.549
359	400.000	0.001	400.002	0.521	4.642	1773084759.873
360	400.000	0.018	399.997	0.757	2.391	1773084760.194
361	400.000	-0.033	400.004	0.716	5.280	1773084760.517
362	400.000	-0.034	400.001	0.724	2.903	1773084760.810
363	400.000	0.003	399.999	0.293	5.947	1773084761.100
364	400.000	-0.004	399.998	0.510	4.538	1773084761.365
365	400.000	0.031	399.999	0.834	2.550	1773084761.625
366	400.000	0.018	399.999	0.566	5.428	1773084761.937
367	400.000	-0.002	400.002	0.555	3.023	1773084762.259
368	400.000	0.015	400.000	0.282	1.459	1773084762.518
369	400.000	0.020	399.999	0.531	4.549	1773084762.833
370	400.000	0.006	400.000	0.759	2.456	1773084763.143
371	400.000	-0.011	399.998	0.688	5.324	1773084763.460
372	400.000	-0.002	400.001	0.576	2.899	1773084763.767
373	400.000	-0.002	399.998	0.130	0.597	1773084764.047
374	400.000	-0.030	400.001	0.585	4.770	1773084764.323
375	400.000	0.024	400.001	0.758	2.654	1773084764.579
376	400.000	-0.038	399.999	0.484	5.636	1773084764.896
377	400.000	-0.006	400.000	0.462	3.144	1773084765.204
378	400.000	0.020	399.995	0.307	1.703	1773084765.512
379	400.000	0.023	400.001	0.629	4.787	1773084765.780
380	400.000	0.010	400.001	0.836	2.620	1773084766.058
381	400.000	0.005	399.998	0.409	5.746	1773084766.343
382	400.000	-0.046	399.996	0.501	3.930	1773084766.604
383	400.000	0.011	400.001	0.633	2.392	1773084766.883
384	400.000	-0.019	400.001	0.825	5.263	1773084767.150
385	400.000	0.018	399.999	0.552	3.064	1773084767.432
386	400.000	0.005	399.999	0.364	1.610	1773084767.720
387	400.000	0.009	400.002	0.585	4.736	1773084768.033
388	400.000	-0.006	400.001	0.762	2.547	1773084768.352
389	400.000	-0.008	399.995	0.657	5.434	1773084768.650
390	400.000	-0.011	400.001	0.628	2.819	1773084768.962
391	400.000	0.003	399.998	0.256	5.923	1773084769.291
392	400.000	0.014	399.997	0.417	3.981	1773084769.591
393	400.000	0.002	400.002	0.739	2.316	1773084769.845
394	400.000	-0.002	400.000	0.681	5.248	1773084770.100
395	400.000	-0.005	399.997	0.505	3.163	1773084770.424
396	400.000	-0.019	399.995	0.181	1.696	1773084770.743
397	400.000	0.010	399.999	0.575	4.355	1773084771.023
398	400.000	0.002	399.997	0.716	2.335	1773084771.315
399	400.000	-0.010	399.999	0.689	5.273	1773084771.597
400	400.000	-0.004	399.999	0.479	2.988	1773084771.911
401	400.000	-0.027	399.997	0.200	1.656	1773084772.209
402	400.000	0.003	399.999	0.604	4.833	1773084772.460
403	400.000	0.004	400.000	0.711	2.590	1773084772.781
404	400.000	-0.002	400.004	0.451	5.695	1773084773.044
405	400.000	-0.014	399.998	0.431	3.624	1773084773.358
406	400.000	-0.011	399.999	0.383	2.184	1773084773.667
407	400.000	0.004	399.999	0.580	4.788	1773084773.977
408	400.000	-0.020	400.004	0.772	2.528	1773084774.275
409	400.000	-0.009	400.000	0.612	5.469	1773084774.518
410	400.000	-0.042	400.000	0.408	3.442	1773084774.843
411	400.000	-0.004	400.001	0.370	1.947	1773084775.153
412	400.000	0.001	400.003	0.620	5.035	1773084775.412
413	400.000	0.014	400.004	0.650	2.682	1773084775.691
414	400.000	-0.026	399.999	0.248	6.156	1773084775.985
415	400.000	0.007	399.999	0.461	4.319	1773084776.254
416	400.000	0.034	400.001	0.701	2.568	1773084776.570
417	400.000	0.009	400.000	0.742	5.289	1773084776.874
418	400.000	0.035	400.002	0.594	2.822	1773084777.172
419	400.000	0.008	400.000	0.260	6.277	1773084777.476
420	400.000	-0.011	400.001	0.299	3.969	1773084777.791
421	400.000	0.008	400.000	0.565	2.443	1773084778.116
422	400.000	-0.011	399.997	0.674	4.885	1773084778.396
423	400.000	0.022	399.999	0.644	2.838	1773084778.663
424	400.000	0.019	399.999	0.162	1.028	1773084778.919
425	400.000	-0.007	399.999	0.458	4.526	1773084779.240
426	400.000	-0.007	399.997	0.645	2.495	1773084779.555
427	400.000	-0.012	399.998	0.777	5.403	1773084779.868
428	400.000	0.004	399.996	0.667	2.715	1773084780.153
429	400.000	0.000	399.996	0.253	6.169	1773084780.477
430	400.000	-0.035	400.000	0.452	4.069	1773084780.760
431	400.000	-0.014	399.997	0.587	2.581	1773084781.051
432	400.000	0.002	400.001	0.763	5.167	1773084781.382
433	400.000	-0.004	399.999	0.715	2.575	1773084781.670
434	400.000	0.005	399.999	0.278	6.020	1773084781.927
435	400.000	0.008	400.001	0.548	4.405	1773084782.192
436	400.000	0.002	400.000	0.789	2.622	1773084782.422
437	400.000	-0.006	400.000	0.221	6.047	1773084782.690
438	400.000	-0.026	399.999	0.400	4.489	1773084782.993
439	400.000	-0.015	399.995	0.615	2.239	1773084783.296
440	400.000	-0.008	399.999	0.841	5.240	1773084783.580
441	400.000	0.029	399.997	0.612	2.756	1773084783.873
442	400.000	0.005	399.999	0.106	1.591	1773084784.143
443	400.000	-0.000	400.000	0.544	4.842	1773084784.443
444	400.000	-0.018	400.000	0.706	2.415	1773084784.750
445	400.000	0.018	400.001	0.653	5.359	1773084785.065
446	400.000	0.003	400.000	0.573	2.688	1773084785.379
447	400.000	-0.005	399.999	0.179	5.364	1773084785.695
448	400.000	0.011	399.999	0.378	3.804	1773084785.992
449	400.000	0.020	399.998	0.625	2.431	1773084786.246
450	400.000	0.009	399.999	0.688	5.229	1773084786.559
451	400.000	-0.004	399.999	0.547	2.914	1773084786.858
452	400.000	-0.015	400.002	0.174	0.798	1773084787.135
453	400.000	-0.006	400.000	0.426	4.526	1773084787.442
454	400.000	0.000	399.999	0.684	2.550	1773084787.766
455	400.000	0.016	400.003	0.794	5.199	1773084788.070
456	400.000	0.012	400.000	0.618	2.727	1773084788.400
457	400.000	0.008	400.002	0.352	5.787	1773084788.684
458	400.000	-0.014	400.001	0.454	3.925	1773084788.996
459	400.000	-0.028	400.000	0.494	2.230	1773084789.327
460	400.000	0.023	400.000	0.691	5.023	1773084789.624
461	400.000	-0.013	400.003	0.689	2.636	1773084789.914
462	400.000	0.007	399.997	0.441	5.412	1773084790.195
463	400.000	0.019	400.001	0.431	3.721	1773084790.465
464	400.000	0.022	400.000	0.476	2.299	1773084790.786
465	400.000	0.023	399.997	0.813	5.105	1773084791.053
466	400.000	-0.014	400.001	0.609	2.706	1773084791.332
467	400.000	-0.031	399.999	0.082	1.392	1773084791.611
468	400.000	-0.003	400.001	0.545	4.681	1773084791.912
469	400.000	-0.020	399.998	0.662	2.529	1773084792.228
470	400.000	0.028	400.002	0.718	5.251	1773084792.548
471	400.000	-0.014	399.999	0.658	2.834	1773084792.853
472	400.000	0.001	400.001	0.252	6.116	1773084793.158
473	400.000	0.012	400.001	0.329	3.509	1773084793.487
474	400.000	0.027	400.000	0.441	2.405	1773084793.767
475	400.000	-0.041	400.003	0.627	5.064	1773084794.104
476	400.000	-0.018	400.000	0.744	2.562	1773084794.408
477	400.000	-0.023	400.000	0.602	5.530	1773084794.729
478	400.000	0.014	400.001	0.599	3.162	1773084795.019
479	400.000	-0.006	400.000	0.267	2.237	1773084795.297
480	400.000	0.011	399.999	0.678	4.968	1773084795.587
481	400.000	-0.000	400.001	0.658	2.607	1773084795.848
482	400.000	0.038	399.999	0.301	5.829	1773084796.152
483	400.000	-0.005	400.003	0.314	3.939	1773084796.483
484	400.000	0.018	399.997	0.454	2.234	1773084796.778
485	400.000	-0.008	400.002	0.795	5.130	1773084797.048
486	400.000	0.000	400.000	0.629	2.571	1773084797.350
487	400.000	0.015	400.001	0.317	5.714	1773084797.603
488	400.000	0.025	399.997	0.562	4.564	1773084797.871
489	400.000	0.013	400.001	0.607	2.510	1773084798.185
490	400.000	-0.028	399.998	0.796	5.379	1773084798.510
491	400.000	0.026	400.002	0.597	2.648	1773084798.814
492	400.000	-0.009	400.002	0.316	5.986	1773084799.115
493	400.000	-0.021	399.999	0.459	4.141	1773084799.430
494	400.000	0.020	400.001	0.581	2.430	1773084799.710
495	400.000	-0.023	400.001	0.765	5.206	1773084800.008
496	400.000	-0.024	399.998	0.609	2.630	1773084800.289
497	400.000	0.002	399.999	0.237	1.181	1773084800.552
498	400.000	-0.009	400.002	0.705	4.635	1773084800.855
499	400.000	-0.012	400.001	0.727	2.469	1773084801.167
500	400.000	-0.002	399.999	0.698	5.250	1773084801.469
501	400.000	0.019	400.000	0.624	2.790	1773084801.799
502	400.000	0.005	400.001	0.152	0.272	1773084802.078
503	400.000	-0.011	399.999	0.512	4.291	1773084802.383
504	400.000	0.003	399.999	0.644	2.334	1773084802.679
505	400.000	-0.041	400.001	0.753	5.054	1773084803.027
506	400.000	-0.025	400.001	0.663	2.542	1773084803.332
507	400.000	0.020	400.002	0.463	5.857	1773084803.647
508	400.000	0.001	400.002	0.483	3.364	1773084803.932
509	400.000	0.002	400.002	0.543	2.236	1773084804.187
510	400.000	-0.004	399.998	0.873	5.117	1773084804.500
511	400.000	-0.008	399.999	0.666	2.537	1773084804.789
512	400.000	0.003	399.996	0.222	0.160	1773084805.060
513	400.000	0.031	399.999	0.465	4.217	1773084805.382
514	400.000	0.004	399.999	0.621	2.314	1773084805.685
515	400.000	-0.008	399.999	0.764	5.090	1773084805.992
516	400.000	0.003	400.000	0.677	2.619	1773084806.333
517	400.000	-0.004	399.998	0.674	5.464	1773084806.637
518	400.000	-0.020	399.999	0.485	3.077	1773084806.958
519	400.000	-0.002	399.999	0.181	1.951	1773084807.266
520	400.000	-0.003	400.001	0.601	4.619	1773084807.536
521	400.000	-0.015	400.004	0.752	2.499	1773084807.809
522	400.000	0.003	400.000	0.610	5.690	1773084808.099
523	400.000	-0.002	400.000	0.374	3.418	1773084808.380
524	400.000	-0.025	399.999	0.508	2.332	1773084808.672
525	400.000	-0.015	399.999	0.779	5.057	1773084808.950
526	400.000	0.009	399.997	0.694	2.559	1773084809.259
527	400.000	-0.004	400.002	0.407	5.602	1773084809.588
528	400.000	0.023	399.995	0.462	3.409	1773084809.862
529	400.000	-0.050	399.999	0.584	2.367	1773084810.133
530	400.000	-0.017	399.998	0.832	5.271	1773084810.450
531	400.000	0.000	399.999	0.689	2.655	1773084810.731
532	400.000	-0.000	400.002	0.260	6.059	1773084811.003
533	400.000	0.029	399.999	0.401	4.288	1773084811.323
534	400.000	-0.022	399.999	0.583	2.292	1773084811.596
535	400.000	0.023	400.002	0.822	5.255	1773084811.875
536	400.000	0.003	399.999	0.616	2.914	1773084812.128
537	400.000	-0.024	399.997	0.188	1.774	1773084812.443
538	400.000	-0.010	399.999	0.587	4.484	1773084812.757
539	400.000	0.008	399.999	0.682	2.397	1773084813.069
540	400.000	-0.027	399.998	0.876	5.139	1773084813.365
541	400.000	0.039	400.001	0.608	2.637	1773084813.683
542	400.000	-0.036	400.002	0.218	5.631	1773084814.003
543	400.000	-0.035	400.000	0.470	3.779	1773084814.317
544	400.000	0.007	399.999	0.495	2.180	1773084814.627
545	400.000	-0.000	400.000	0.738	4.749	1773084814.959
546	400.000	0.006	400.002	0.697	2.398	1773084815.241
547	400.000	-0.004	399.997	0.727	5.407	1773084815.562
548	400.000	-0.016	400.001	0.520	3.138	1773084815.823
549	400.000	-0.008	400.001	0.315	1.926	1773084816.132
550	400.000	-0.015	399.999	0.639	4.839	1773084816.443
551	400.000	-0.002	400.001	0.639	2.471	1773084816.763
552	400.000	-0.009	399.999	0.753	5.235	1773084817.090
553	400.000	0.003	400.000	0.555	2.681	1773084817.376
554	400.000	0.029	400.004	0.235	1.545	1773084817.642
555	400.000	-0.010	399.997	0.767	4.842	1773084817.899
556	400.000	-0.014	399.999	0.697	2.484	1773084818.172
557	400.000	0.013	400.001	0.469	5.544	1773084818.500
558	400.000	-0.015	399.999	0.472	3.456	1773084818.779
559	400.000	-0.018	399.999	0.469	2.097	1773084819.044
560	400.000	0.008	399.999	0.889	5.222	1773084819.351
561	400.000	-0.034	399.998	0.707	2.622	1773084819.672
562	400.000	-0.011	400.000	0.456	5.674	1773084819.960
563	400.000	0.035	399.996	0.429	3.450	1773084820.296
564	400.000	0.002	399.999	0.395	2.010	1773084820.605
565	400.000	0.007	400.003	0.752	4.914	1773084820.913
566	400.000	-0.017	399.999	0.683	2.506	1773084821.240
567	400.000	-0.022	400.000	0.752	5.245	1773084821.521
568	400.000	0.014	400.002	0.461	3.089	1773084821.798
569	400.000	0.014	400.001	0.359	2.127	1773084822.060
570	400.000	-0.002	399.999	0.772	5.100	1773084822.350
571	400.000	-0.036	399.999	0.698	2.571	1773084822.668
572	400.000	-0.012	400.003	0.454	5.751	1773084822.969
573	400.000	-0.014	400.005	0.415	3.269	1773084823.271
574	400.000	-0.031	400.002	0.189	2.008	1773084823.604
575	400.000	0.018	400.001	0.611	4.675	1773084823.912
576	400.000	-0.037	400.000	0.662	2.443	1773084824.223
577	400.000	0.021	400.001	0.892	5.200	1773084824.551
578	400.000	0.018	400.000	0.707	2.627	1773084824.836
579	400.000	-0.028	400.000	0.141	0.964	1773084825.113
580	400.000	0.025	399.998	0.599	4.707	1773084825.413
581	400.000	-0.001	400.001	0.644	2.424	1773084825.698
582	400.000	0.016	400.000	0.672	5.471	1773084825.970
583	400.000	-0.009	400.000	0.527	3.272	1773084826.261
584	400.000	-0.006	399.997	0.212	1.836	1773084826.607
585	400.000	-0.025	400.002	0.546	4.387	1773084826.917
586	400.000	-0.021	399.999	0.635	2.291	1773084827.221
587	400.000	0.012	400.002	0.751	5.200	1773084827.541
588	400.000	-0.007	399.995	0.715	2.535	1773084827.843
589	400.000	-0.025	399.994	0.353	5.903	1773084828.156
590	400.000	0.026	399.997	0.358	3.708	1773084828.476
591	400.000	0.017	400.000	0.427	2.123	1773084828.781
592	400.000	-0.007	400.001	0.811	5.126	1773084829.049
593	400.000	0.001	400.001	0.683	2.692	1773084829.362
594	400.000	0.007	400.003	0.319	6.098	1773084829.643
595	400.000	0.014	399.999	0.461	4.206	1773084829.884
596	400.000	0.006	400.003	0.643	2.520	1773084830.156
597	400.000	-0.010	399.998	0.563	5.926	1773084830.411
598	400.000	0.022	399.999	0.391	4.008	1773084830.697
599	400.000	-0.023	400.003	0.635	2.445	1773084830.976
600	400.000	-0.025	400.001	0.838	5.405	1773084831.249
601	400.000	-0.000	400.003	0.572	2.714	1773084831.535
602	400.000	-0.003	400.003	0.295	1.569	1773084831.811
603	400.000	-0.027	399.999	0.697	4.928	1773084832.110
604	400.000	-0.015	399.995	0.695	2.522	1773084832.431
605	400.000	0.023	400.003	0.739	5.329	1773084832.744
606	400.000	-0.009	400.002	0.609	2.806	1773084833.047
607	400.000	-0.019	400.002	0.213	0.017	1773084833.371
608	400.000	-0.012	400.002	0.415	4.127	1773084833.672
609	400.000	0.001	399.999	0.568	2.287	1773084834.005
610	400.000	0.006	400.001	0.841	5.198	1773084834.299
611	400.000	0.040	399.998	0.640	2.534	1773084834.596
612	400.000	-0.043	399.999	0.304	5.973	1773084834.873
613	400.000	-0.019	399.995	0.420	4.061	1773084835.164
614	400.000	0.010	400.001	0.634	2.398	1773084835.433
615	400.000	0.026	400.000	0.787	5.346	1773084835.746
616	400.000	0.007	399.999	0.646	2.815	1773084836.028
617	400.000	0.014	400.002	0.319	1.687	1773084836.311
618	400.000	0.004	400.000	0.682	4.596	1773084836.621
619	400.000	-0.014	399.997	0.690	2.444	1773084836.933
620	400.000	0.001	399.997	0.816	5.299	1773084837.253
621	400.000	0.029	400.002	0.615	2.533	1773084837.548
622	400.000	0.004	400.001	0.235	6.002	1773084837.877
623	400.000	0.004	400.000	0.417	3.655	1773084838.170
624	400.000	-0.040	400.002	0.499	2.411	1773084838.452
625	400.000	0.014	399.997	0.820	5.114	1773084838.765
626	400.000	-0.043	400.003	0.677	2.507	1773084839.060
627	400.000	-0.010	400.000	0.219	5.791	1773084839.325
628	400.000	-0.024	400.000	0.473	4.519	1773084839.613
629	400.000	0.004	400.001	0.692	2.385	1773084839.873
630	400.000	-0.004	399.998	0.742	5.430	1773084840.180
631	400.000	-0.002	399.999	0.473	3.175	1773084840.460
632	400.000	0.017	400.000	0.382	1.970	1773084840.753
633	400.000	0.012	399.999	0.680	5.133	1773084841.034
634	400.000	0.005	400.003	0.745	2.580	1773084841.308
635	400.000	-0.014	399.999	0.372	5.713	1773084841.611
636	400.000	0.018	399.997	0.472	3.546	1773084841.932
637	400.000	-0.003	399.999	0.409	2.398	1773084842.196
638	400.000	-0.033	400.002	0.823	5.221	1773084842.485
639	400.000	-0.015	399.999	0.717	2.509	1773084842.806
640	400.000	0.006	400.002	0.297	5.600	1773084843.085
641	400.000	0.025	400.001	0.471	4.095	1773084843.383
642	400.000	-0.003	400.004	0.507	2.492	1773084843.669
643	400.000	-0.012	400.000	0.826	5.216	1773084843.947
644	400.000	-0.033	400.003	0.605	3.027	1773084844.203
645	400.000	-0.033	400.000	0.095	1.735	1773084844.510
646	400.000	-0.008	400.000	0.700	4.936	1773084844.774
647	400.000	-0.007	400.001	0.684	2.496	1773084845.091
648	400.000	0.015	399.998	0.693	5.388	1773084845.419
649	400.000	-0.021	399.997	0.535	3.047	1773084845.712
650	400.000	0.001	399.999	0.112	0.293	1773084846.039
651	400.000	-0.004	400.000	0.469	4.393	1773084846.335
652	400.000	0.016	399.997	0.565	2.227	1773084846.652
653	400.000	-0.010	399.997	0.862	5.270	1773084846.950
654	400.000	0.017	399.999	0.647	2.651	1773084847.276
655	400.000	-0.023	400.000	0.335	5.913	1773084847.571
656	400.000	0.011	400.002	0.566	4.282	1773084847.835
657	400.000	0.011	400.000	0.541	2.432	1773084848.154
658	400.000	0.042	400.002	0.894	5.306	1773084848.442
659	400.000	0.005	400.001	0.706	2.588	1773084848.753
660	400.000	-0.014	399.999	0.269	6.015	1773084849.020
661	400.000	-0.023	399.999	0.542	4.578	1773084849.320
662	400.000	-0.021	400.002	0.573	2.374	1773084849.652
663	400.000	0.004	399.999	0.828	5.226	1773084849.967
664	400.000	-0.010	400.003	0.701	2.566	1773084850.270
665	400.000	0.001	400.000	0.404	5.722	1773084850.581
666	400.000	-0.009	400.002	0.441	3.922	1773084850.831
667	400.000	0.002	399.998	0.500	2.324	1773084851.152
668	400.000	-0.011	400.002	0.871	5.231	1773084851.462
669	400.000	0.020	399.999	0.705	2.815	1773084851.752
670	400.000	-0.000	400.000	0.485	5.571	1773084852.064
671	400.000	0.027	399.997	0.439	4.168	1773084852.328
672	400.000	-0.045	400.000	0.477	2.415	1773084852.652
673	400.000	-0.006	400.000	0.812	5.217	1773084852.944
674	400.000	-0.015	400.005	0.652	2.444	1773084853.280
675	400.000	-0.018	399.997	0.565	5.592	1773084853.582
676	400.000	-0.014	399.999	0.451	3.501	1773084853.838
677	400.000	0.003	399.999	0.512	2.399	1773084854.114
678	400.000	0.030	399.998	0.902	5.311	1773084854.409
679	400.000	-0.003	400.002	0.548	2.710	1773084854.665
680	400.000	-0.010	399.999	0.242	1.627	1773084854.928
681	400.000	0.032	399.998	0.720	4.869	1773084855.216
682	400.000	-0.010	400.002	0.768	2.544	1773084855.489
683	400.000	0.004	400.000	0.475	5.669	1773084855.795
684	400.000	-0.001	399.999	0.449	3.622	1773084856.084
685	400.000	-0.003	400.000	0.345	2.028	1773084856.373
686	400.000	0.029	400.003	0.891	5.117	1773084856.686
687	400.000	0.002	399.998	0.709	2.611	1773084856.977
688	400.000	-0.020	399.997	0.551	5.437	1773084857.296
689	400.000	-0.003	399.998	0.393	3.965	1773084857.557
690	400.000	0.005	399.997	0.367	2.024	1773084857.873
691	400.000	-0.004	400.002	0.858	5.156	1773084858.181
692	400.000	0.016	400.000	0.721	2.575	1773084858.489
693	400.000	-0.037	399.997	0.672	5.547	1773084858.805
694	400.000	0.008	400.000	0.536	3.197	1773084859.143
695	400.000	0.002	400.001	0.074	1.668	1773084859.402
696	400.000	0.001	399.998	0.872	4.943	1773084859.666
697	400.000	0.002	400.000	0.749	2.598	1773084860.003
698	400.000	-0.043	400.000	0.708	5.560	1773084860.285
699	400.000	-0.012	400.001	0.511	3.104	1773084860.597
700	400.000	0.013	400.001	0.157	2.001	1773084860.867
701	400.000	0.007	399.998	0.756	5.063	1773084861.171
702	400.000	-0.032	400.001	0.678	2.513	1773084861.466
703	400.000	-0.010	399.997	0.518	5.601	1773084861.742
704	400.000	-0.001	399.999	0.414	3.557	1773084862.053
705	400.000	-0.008	400.002	0.363	2.040	1773084862.340
706	400.000	-0.006	400.000	0.882	5.114	1773084862.646
707	400.000	0.008	400.000	0.733	2.615	1773084862.944
708	400.000	0.005	400.000	0.623	5.619	1773084863.235
709	400.000	-0.006	400.000	0.367	3.499	1773084863.506
710	400.000	0.021	400.001	0.408	2.199	1773084863.836
711	400.000	0.030	400.001	0.853	5.107	1773084864.106
712	400.000	0.005	399.999	0.749	2.775	1773084864.379
713	400.000	-0.012	399.999	0.298	5.631	1773084864.701
714	400.000	-0.010	400.001	0.526	4.198	1773084865.005
715	400.000	-0.012	400.003	0.415	2.318	1773084865.305
716	400.000	0.041	400.002	0.806	4.960	1773084865.646
717	400.000	0.025	399.999	0.775	2.492	1773084865.949
718	400.000	0.002	400.001	0.699	5.528	1773084866.258
719	400.000	-0.008	399.996	0.602	2.994	1773084866.594
720	400.000	0.012	399.999	0.246	0.262	1773084866.871
721	400.000	0.008	399.997	0.635	4.596	1773084867.184
722	400.000	-0.002	399.997	0.607	2.357	1773084867.514
723	400.000	-0.012	400.001	0.956	5.345	1773084867.812
724	400.000	0.026	399.998	0.713	2.753	1773084868.093
725	400.000	-0.045	400.001	0.393	5.588	1773084868.418
726	400.000	0.007	400.001	0.497	3.926	1773084868.724
727	400.000	-0.013	400.002	0.389	2.324	1773084869.062
728	400.000	0.004	399.998	0.852	5.061	1773084869.336
729	400.000	0.000	400.002	0.732	2.670	1773084869.616
730	400.000	-0.015	399.997	0.480	5.875	1773084869.919
731	400.000	-0.006	400.000	0.375	3.758	1773084870.244
732	400.000	0.006	400.000	0.321	2.226	1773084870.533
733	400.000	0.018	399.998	0.801	5.030	1773084870.855
734	400.000	-0.010	399.998	0.746	2.510	1773084871.164
735	400.000	-0.016	400.001	0.789	5.509	1773084871.461
736	400.000	0.012	399.999	0.505	3.383	1773084871.717
737	400.000	-0.008	399.999	0.301	2.265	1773084872.029
738	400.000	-0.026	400.001	0.806	5.143	1773084872.350
739	400.000	0.001	399.999	0.753	2.495	1773084872.637
740	400.000	0.035	400.003	0.602	5.543	1773084872.907
741	400.000	-0.017	400.000	0.415	3.864	1773084873.218
742	400.000	-0.017	400.002	0.244	2.096	1773084873.506
743	400.000	0.025	400.000	0.903	5.144	1773084873.796
744	400.000	-0.004	399.997	0.780	2.759	1773084874.121
745	400.000	0.005	400.001	0.626	5.599	1773084874.414
746	400.000	-0.002	399.997	0.469	3.416	1773084874.732
747	400.000	-0.012	399.999	0.216	1.454	1773084875.030
748	400.000	0.035	400.000	0.813	5.037	1773084875.338
749	400.000	0.005	399.998	0.826	2.574	1773084875.653
750	400.000	0.010	400.001	0.832	5.512	1773084875.961
751	400.000	0.018	400.000	0.656	2.910	1773084876.282
752	400.000	0.019	399.995	0.300	6.169	1773084876.577
753	400.000	0.004	400.001	0.801	4.851	1773084876.818
754	400.000	0.004	400.002	0.875	2.629	1773084877.094
755	400.000	0.009	399.999	0.614	5.751	1773084877.427
756	400.000	-0.019	399.998	0.497	3.338	1773084877.759
757	400.000	-0.007	400.002	0.184	0.920	1773084878.034
758	400.000	0.014	400.000	0.890	5.180	1773084878.300
759	400.000	0.008	399.999	0.835	2.492	1773084878.560
760	400.000	0.002	399.997	0.250	5.871	1773084878.851
761	400.000	-0.014	399.999	0.560	4.563	1773084879.109
762	400.000	-0.018	399.999	0.677	2.323	1773084879.428
763	400.000	-0.029	399.999	0.975	5.334	1773084879.736
764	400.000	0.000	400.000	0.720	2.976	1773084880.003
765	400.000	0.006	400.003	0.220	0.048	1773084880.325
766	400.000	-0.017	400.000	0.511	4.289	1773084880.630
767	400.000	-0.002	400.001	0.601	2.346	1773084880.949
768	400.000	-0.016	399.998	0.985	5.256	1773084881.256
769	400.000	0.016	399.999	0.800	2.691	1773084881.537
770	400.000	-0.009	399.999	0.368	6.054	1773084881.837
771	400.000	-0.008	400.002	0.550	4.466	1773084882.139
772	400.000	-0.017	400.000	0.795	2.354	1773084882.393
773	400.000	-0.012	400.002	0.880	5.466	1773084882.654
774	400.000	0.005	400.003	0.544	3.143	1773084882.958
775	400.000	-0.001	400.002	0.129	1.213	1773084883.285
776	400.000	0.040	400.000	0.745	4.940	1773084883.589
777	400.000	0.021	399.997	0.797	2.486	1773084883.890
778	400.000	-0.004	400.000	0.904	5.464	1773084884.220
779	400.000	0.011	400.001	0.693	2.939	1773084884.499
780	400.000	-0.004	400.001	0.255	6.050	1773084884.824
781	400.000	-0.012	399.998	0.611	4.558	1773084885.125
782	400.000	-0.000	399.997	0.722	2.508	1773084885.375
783	400.000	0.013	400.001	0.901	5.439	1773084885.646
784	400.000	-0.027	400.001	0.576	3.280	1773084885.962
785	400.000	-0.031	399.997	0.206	0.681	1773084886.256
786	400.000	-0.001	400.002	0.661	4.922	1773084886.599
787	400.000	0.023	399.999	0.747	2.349	1773084886.901
788	400.000	0.000	399.999	0.974	5.467	1773084887.212
789	400.000	-0.020	399.999	0.734	2.810	1773084887.540
790	400.000	-0.016	399.998	0.438	5.916	1773084887.822
791	400.000	-0.003	400.004	0.576	4.424	1773084888.143
792	400.000	-0.019	399.999	0.528	2.278	1773084888.451
793	400.000	0.028	399.997	0.981	5.218	1773084888.758
794	400.000	0.012	400.000	0.800	2.545	1773084889.049
795	400.000	-0.035	399.998	0.430	5.774	1773084889.336
796	400.000	-0.024	399.999	0.696	4.703	1773084889.562
797	400.000	-0.001	400.000	0.904	2.442	1773084889.839
798	400.000	0.033	399.999	0.728	5.573	1773084890.119
799	400.000	0.008	400.000	0.560	3.748	1773084890.400
800	400.000	-0.009	400.001	0.595	2.200	1773084890.705
801	400.000	0.044	399.997	0.936	5.086	1773084891.021
802	400.000	-0.040	400.003	0.867	2.520	1773084891.307
803	400.000	0.004	399.999	0.480	5.864	1773084891.578
804	400.000	0.013	399.999	0.644	4.641	1773084891.831
805	400.000	0.019	400.001	0.830	2.439	1773084892.112
806	400.000	-0.000	400.002	0.852	5.603	1773084892.375
807	400.000	-0.004	399.998	0.594	3.134	1773084892.692
808	400.000	-0.002	399.997	0.180	1.423	1773084892.974
809	400.000	-0.022	399.998	1.036	5.070	1773084893.216
810	400.000	0.020	399.998	0.841	2.593	1773084893.495
811	400.000	0.004	400.001	0.389	0.025	1773084893.815
812	400.000	-0.012	400.000	0.470	4.343	1773084894.092
813	400.000	0.013	399.999	0.681	2.442	1773084894.375
814	400.000	-0.010	400.000	1.003	5.510	1773084894.635
815	400.000	-0.010	400.002	0.593	3.110	1773084894.954
816	400.000	0.005	400.005	0.250	1.281	1773084895.263
817	400.000	-0.006	400.002	0.809	5.025	1773084895.513
818	400.000	0.010	400.001	0.833	2.406	1773084895.848
819	400.000	0.024	400.002	0.924	5.540	1773084896.157
820	400.000	0.006	400.000	0.650	2.997	1773084896.448
821	400.000	-0.007	400.000	0.241	1.039	1773084896.696
822	400.000	0.001	400.001	0.912	5.264	1773084896.981
823	400.000	-0.016	400.003	0.914	2.513	1773084897.264
824	400.000	-0.003	400.002	0.715	5.610	1773084897.580
825	400.000	-0.024	400.002	0.495	3.604	1773084897.887
826	400.000	0.022	400.000	0.362	1.714	1773084898.212
827	400.000	-0.007	399.999	0.882	5.097	1773084898.512
828	400.000	-0.009	400.001	0.823	2.431	1773084898.813
829	400.000	0.019	399.997	0.776	5.628	1773084899.077
830	400.000	0.034	400.001	0.484	4.300	1773084899.321
831	400.000	0.002	400.001	0.693	2.210	1773084899.592
832	400.000	0.010	400.000	0.957	5.491	1773084899.851
833	400.000	0.005	400.001	0.489	3.150	1773084900.163
834	400.000	0.014	399.996	0.158	0.607	1773084900.482
835	400.000	-0.010	399.998	0.701	4.707	1773084900.801
836	400.000	-0.002	400.000	0.775	2.188	1773084901.084
837	400.000	-0.019	400.001	0.962	5.303	1773084901.417
838	400.000	0.019	400.000	0.840	2.858	1773084901.708
839	400.000	0.031	400.000	0.309	0.102	1773084901.946
840	400.000	0.041	399.999	0.985	5.030	1773084902.241
841	400.000	0.007	400.003	0.828	2.406	1773084902.540
842	400.000	0.007	399.999	0.793	5.608	1773084902.835
843	400.000	0.015	400.002	0.471	3.998	1773084903.084
844	400.000	0.009	399.998	0.669	1.989	1773084903.345
845	400.000	0.005	400.000	1.022	5.304	1773084903.648
846	400.000	-0.000	400.003	0.724	2.833	1773084903.908
847	400.000	-0.028	400.000	0.352	0.392	1773084904.229
848	400.000	-0.006	399.999	0.623	4.698	1773084904.529
849	400.000	-0.018	400.000	0.684	2.275	1773084904.848
850	400.000	-0.002	400.001	1.043	5.269	1773084905.184
851	400.000	-0.004	399.998	0.796	2.468	1773084905.479
852	400.000	0.005	399.999	0.717	5.688	1773084905.780
853	400.000	0.003	400.001	0.447	4.050	1773084906.041
854	400.000	-0.038	400.001	0.581	2.110	1773084906.381
855	400.000	0.003	400.002	0.927	5.217	1773084906.652
856	400.000	-0.018	400.000	0.855	2.631	1773084906.914
857	400.000	0.010	399.998	0.277	0.094	1773084907.212
858	400.000	0.009	400.002	0.629	4.648	1773084907.495
859	400.000	0.001	400.002	0.719	2.336	1773084907.790
860	400.000	-0.031	399.999	1.021	5.448	1773084908.083
861	400.000	-0.027	400.002	0.721	2.676	1773084908.406
862	400.000	0.006	400.001	0.421	5.968	1773084908.712
863	400.000	0.007	400.003	0.658	4.669	1773084908.975
864	400.000	0.047	399.997	0.714	2.351	1773084909.266
865	400.000	-0.003	400.003	0.910	5.729	1773084909.543
866	400.000	-0.029	400.001	0.548	3.237	1773084909.824
867	400.000	0.031	400.002	0.286	1.712	1773084910.127
868	400.000	0.006	400.000	0.910	5.232	1773084910.449
869	400.000	-0.004	400.001	0.815	2.467	1773084910.756
870	400.000	-0.016	399.998	0.783	5.740	1773084911.045
871	400.000	0.005	399.999	0.565	3.209	1773084911.378
872	400.000	-0.022	400.002	0.216	1.018	1773084911.668
873	400.000	-0.017	400.001	0.852	4.978	1773084911.950
874	400.000	-0.025	399.997	0.879	2.456	1773084912.235
875	400.000	0.047	399.996	0.770	5.599	1773084912.540
876	400.000	0.009	400.001	0.502	3.685	1773084912.794
877	400.000	-0.015	400.001	0.403	1.996	1773084913.104
878	400.000	0.018	400.000	0.954	5.301	1773084913.367
879	400.000	-0.002	400.002	0.737	2.708	1773084913.669
880	400.000	0.012	399.998	0.551	5.853	1773084913.981
881	400.000	-0.001	399.999	0.536	3.759	1773084914.314
882	400.000	0.004	399.997	0.490	1.880	1773084914.616
883	400.000	0.001	400.002	1.066	5.070	1773084914.905
884	400.000	0.032	400.000	0.881	2.424	1773084915.230
885	400.000	0.011	399.998	0.880	5.508	1773084915.552
886	400.000	-0.016	400.000	0.509	3.117	1773084915.863
887	400.000	-0.014	400.002	0.160	0.298	1773084916.199
888	400.000	0.004	399.999	0.534	4.353	1773084916.493
889	400.000	-0.010	400.000	0.695	2.122	1773084916.786
890	400.000	0.011	400.000	1.009	5.442	1773084917.057
891	400.000	0.045	400.001	0.619	2.989	1773084917.338
892	400.000	0.028	400.004	0.273	1.158	1773084917.616
893	400.000	-0.020	399.999	0.930	5.124	1773084917.936
894	400.000	0.008	400.003	0.836	2.394	1773084918.230
895	400.000	-0.052	399.999	0.846	5.573	1773084918.550
896	400.000	-0.022	399.999	0.671	3.004	1773084918.872
897	400.000	-0.019	400.000	0.230	0.181	1773084919.165
898	400.000	-0.007	400.000	0.767	4.864	1773084919.420
899	400.000	0.002	399.999	0.805	2.236	1773084919.740
900	400.000	-0.009	400.003	0.893	5.632	1773084920.049
901	400.000	-0.001	399.997	0.572	2.795	1773084920.370
902	400.000	-0.009	400.001	0.326	0.418	1773084920.672
903	400.000	-0.045	399.996	0.660	4.688	1773084920.980
904	400.000	-0.008	399.998	0.666	2.160	1773084921.290
905	400.000	-0.062	400.000	0.984	5.290	1773084921.611
906	400.000	0.020	399.999	0.797	2.673	1773084921.917
907	400.000	0.009	400.003	0.451	5.756	1773084922.230
908	400.000	0.031	400.000	0.470	3.857	1773084922.536
909	400.000	-0.022	400.001	0.641	2.070	1773084922.807
910	400.000	0.004	400.000	1.081	5.383	1773084923.127
911	400.000	-0.001	400.002	0.883	2.409	1773084923.420
912	400.000	-0.018	400.000	0.558	5.783	1773084923.749
913	400.000	0.013	400.003	0.458	3.173	1773084924.070
914	400.000	0.045	399.999	0.229	1.599	1773084924.363
915	400.000	-0.010	400.007	0.990	5.152	1773084924.619
916	400.000	-0.017	399.999	0.791	2.525	1773084924.946
917	400.000	0.005	400.000	0.785	5.567	1773084925.232
918	400.000	-0.000	399.999	0.523	4.177	1773084925.485
919	400.000	0.017	400.001	0.590	2.015	1773084925.803
920	400.000	-0.020	399.999	1.003	5.300	1773084926.129
921	400.000	0.011	399.998	0.842	2.612	1773084926.418
922	400.000	-0.016	400.002	0.417	5.966	1773084926.687
923	400.000	0.011	400.005	0.595	4.609	1773084926.993
924	400.000	0.022	400.000	0.745	2.114	1773084927.303
925	400.000	-0.030	399.999	0.972	5.296	1773084927.584
926	400.000	0.005	399.999	0.650	2.806	1773084927.859
927	400.000	0.009	400.000	0.246	1.865	1773084928.107
928	400.000	-0.023	400.002	1.086	5.331	1773084928.389
929	400.000	-0.005	399.997	0.759	2.609	1773084928.707
930	400.000	-0.003	400.001	0.710	5.738	1773084928.993
931	400.000	0.009	400.001	0.458	4.088	1773084929.257
932	400.000	-0.025	400.001	0.626	2.159	1773084929.552
933	400.000	0.012	400.000	1.122	5.483	1773084929.826
934	400.000	0.012	399.998	0.702	2.824	1773084930.143
935	400.000	0.003	399.999	0.522	5.809	1773084930.438
936	400.000	0.010	400.000	0.432	4.204	1773084930.742
937	400.000	0.011	399.998	0.704	2.156	1773084931.016
938	400.000	-0.012	399.999	1.000	5.492	1773084931.322
939	400.000	0.020	400.000	0.763	2.724	1773084931.600
940	400.000	-0.012	400.000	0.263	1.018	1773084931.887
941	400.000	0.043	400.000	0.823	4.977	1773084932.193
942	400.000	-0.000	399.998	0.826	2.326	1773084932.485
943	400.000	0.018	400.004	0.834	5.694	1773084932.765
944	400.000	0.002	400.004	0.522	3.391	1773084933.076
945	400.000	0.015	400.002	0.339	1.449	1773084933.385
946	400.000	-0.012	400.000	0.795	5.040	1773084933.686
947	400.000	0.010	400.001	0.870	2.340	1773084933.961
948	400.000	0.035	399.996	0.781	5.582	1773084934.234
949	400.000	0.038	399.999	0.536	4.193	1773084934.520
950	400.000	0.026	400.001	0.501	2.137	1773084934.826
951	400.000	-0.021	399.999	0.937	5.366	1773084935.096
952	400.000	0.024	400.000	0.705	2.695	1773084935.399
953	400.000	-0.010	399.999	0.424	6.079	1773084935.693
954	400.000	-0.026	400.000	0.481	4.272	1773084936.008
955	400.000	-0.014	399.996	0.496	1.874	1773084936.299
956	400.000	0.004	399.999	1.072	5.316	1773084936.567
957	400.000	0.025	400.001	0.686	2.655	1773084936.876
958	400.000	-0.012	399.995	0.490	5.828	1773084937.205
959	400.000	0.014	400.001	0.384	3.889	1773084937.506
960	400.000	-0.021	400.002	0.275	1.979	1773084937.814
961	400.000	0.011	399.999	1.015	5.194	1773084938.116
962	400.000	0.011	400.000	0.832	2.553	1773084938.362
963	400.000	-0.021	399.999	0.324	6.185	1773084938.633
964	400.000	0.003	399.995	0.630	4.718	1773084938.940
965	400.000	0.006	400.000	0.764	2.139	1773084939.256
966	400.000	0.026	399.999	1.041	5.438	1773084939.563
967	400.000	-0.012	400.003	0.716	2.696	1773084939.822
968	400.000	0.006	400.000	0.343	0.842	1773084940.094
969	400.000	-0.001	400.002	0.905	4.986	1773084940.355
970	400.000	0.020	400.001	0.794	2.321	1773084940.680
971	400.000	-0.005	400.001	0.817	5.632	1773084940.968
972	400.000	-0.014	400.002	0.500	3.010	1773084941.288
973	400.000	-0.026	400.001	0.300	0.863	1773084941.578
974	400.000	0.003	399.998	0.909	5.020	1773084941.835
975	400.000	0.002	399.999	0.881	2.585	1773084942.071
976	400.000	0.021	400.001	0.277	0.196	1773084942.348
977	400.000	-0.005	399.998	0.650	4.761	1773084942.656
978	400.000	0.007	400.003	0.669	2.254	1773084942.961
979	400.000	0.007	399.999	0.885	5.586	1773084943.227
980	400.000	-0.022	400.001	0.529	3.154	1773084943.543
981	400.000	-0.007	399.999	0.178	0.314	1773084943.845
982	400.000	-0.010	400.000	0.613	4.751	1773084944.164
983	400.000	0.009	400.004	0.707	2.149	1773084944.466
984	400.000	-0.015	400.003	1.050	5.426	1773084944.734
985	400.000	0.008	400.000	0.609	3.037	1773084945.040
986	400.000	0.033	399.997	0.227	0.908	1773084945.347
987	400.000	-0.009	399.999	0.679	4.921	1773084945.644
988	400.000	0.008	400.000	0.685	2.218	1773084945.953
989	400.000	-0.000	399.999	0.888	5.412	1773084946.283
990	400.000	0.018	400.002	0.696	2.693	1773084946.605
991	400.000	-0.015	399.999	0.635	5.734	1773084946.914
992	400.000	0.030	400.000	0.391	3.791	1773084947.245
993	400.000	-0.001	400.000	0.343	1.496	1773084947.525
994	400.000	0.026	400.000	0.893	5.080	1773084947.849
995	400.000	0.032	400.002	0.841	2.307	1773084948.157
996	400.000	0.019	400.000	0.875	5.786	1773084948.391
997	400.000	-0.062	400.002	0.461	4.427	1773084948.654
998	400.000	-0.012	400.001	0.632	2.096	1773084948.915
999	400.000	-0.003	399.998	0.997	5.387	1773084949.228
1000	400.000	0.027	400.002	0.632	2.856	1773084949.542
1001	400.000	0.014	400.004	0.365	6.160	1773084949.868
1002	400.000	-0.011	400.000	0.499	4.471	1773084950.170
1003	400.000	-0.006	400.004	0.642	1.948	1773084950.464
1004	400.000	0.010	400.001	1.026	5.416	1773084950.713
1005	400.000	-0.002	399.999	0.572	3.199	1773084950.968
1006	400.000	-0.014	399.998	0.476	1.697	1773084951.238
1007	400.000	0.013	400.000	1.080	5.185	1773084951.512
1008	400.000	-0.006	399.996	0.723	2.747	1773084951.786
1009	400.000	0.022	400.000	0.396	6.105	1773084952.110
1010	400.000	-0.000	400.001	0.583	4.463	1773084952.376
1011	400.000	0.004	400.004	0.678	2.244	1773084952.672
1012	400.000	-0.002	399.999	1.010	5.369	1773084952.946
1013	400.000	-0.012	399.998	0.632	3.129	1773084953.204
1014	400.000	-0.013	399.998	0.485	1.797	1773084953.458
1015	400.000	0.021	399.999	0.888	5.256	1773084953.791
1016	400.000	-0.019	400.000	0.787	2.480	1773084954.091
1017	400.000	0.019	399.999	0.755	5.684	1773084954.405
1018	400.000	-0.001	400.000	0.403	3.579	1773084954.678
1019	400.000	0.015	400.000	0.372	1.793	1773084954.955
1020	400.000	0.017	399.998	1.063	5.397	1773084955.213
1021	400.000	-0.032	399.996	0.729	2.619	1773084955.517
1022	400.000	-0.002	400.001	0.313	6.239	1773084955.785
1023	400.000	-0.002	399.999	0.687	4.917	1773084956.106
1024	400.000	0.014	400.000	0.548	2.114	1773084956.414
1025	400.000	0.002	400.003	0.964	5.312	1773084956.713
1026	400.000	0.008	400.000	0.729	2.778	1773084956.965
1027	400.000	-0.033	399.999	0.364	1.307	1773084957.214
1028	400.000	0.008	400.000	0.977	5.230	1773084957.493
1029	400.000	0.007	399.999	0.686	2.495	1773084957.807
1030	400.000	-0.020	399.998	0.713	5.685	1773084958.135
1031	400.000	-0.027	399.999	0.422	3.394	1773084958.431
1032	400.000	-0.036	400.001	0.309	1.321	1773084958.762
1033	400.000	-0.023	400.003	0.815	4.872	1773084959.042
1034	400.000	-0.014	400.003	0.794	2.507	1773084959.305
1035	400.000	-0.027	400.002	0.693	5.717	1773084959.612
1036	400.000	-0.014	399.998	0.454	3.888	1773084959.877
1037	400.000	-0.026	400.000	0.567	1.930	1773084960.169
1038	400.000	0.004	400.002	1.032	5.473	1773084960.417
1039	400.000	0.005	399.999	0.489	3.112	1773084960.679
1040	400.000	-0.006	400.000	0.207	1.182	1773084960.981
1041	400.000	-0.009	399.995	0.928	5.074	1773084961.291
1042	400.000	-0.013	400.001	0.878	2.460	1773084961.565
1043	400.000	0.004	399.992	0.727	5.606	1773084961.855
1044	400.000	0.021	399.998	0.505	3.423	1773084962.200
1045	400.000	-0.014	399.998	0.309	0.485	1773084962.502
1046	400.000	-0.008	400.001	0.884	4.901	1773084962.790
1047	400.000	-0.006	399.999	0.738	2.433	1773084963.035
1048	400.000	-0.026	399.999	0.438	5.929	1773084963.301
1049	400.000	-0.012	399.997	0.680	4.652	1773084963.594
1050	400.000	-0.034	399.998	0.741	2.243	1773084963.870
1051	400.000	-0.017	399.999	0.984	5.556	1773084964.182
1052	400.000	0.001	400.000	0.660	2.891	1773084964.474
1053	400.000	0.014	400.003	0.411	6.279	1773084964.796
1054	400.000	0.011	400.000	0.748	4.863	1773084965.082
1055	400.000	0.006	400.001	0.742	2.255	1773084965.376
1056	400.000	0.003	399.999	0.969	5.674	1773084965.630
1057	400.000	0.030	400.003	0.530	3.753	1773084965.943
1058	400.000	-0.000	400.002	0.311	1.590	1773084966.192
1059	400.000	-0.001	400.001	1.010	5.264	1773084966.514
1060	400.000	-0.015	399.997	0.795	2.400	1773084966.839
1061	400.000	-0.007	399.999	0.883	5.662	1773084967.151
1062	400.000	0.014	400.001	0.499	3.507	1773084967.433
1063	400.000	0.008	399.999	0.435	1.838	1773084967.678
1064	400.000	-0.011	399.996	1.022	5.305	1773084967.931
1065	400.000	0.008	399.999	0.562	2.810	1773084968.208
1066	400.000	0.009	400.000	0.317	0.406	1773084968.480
1067	400.000	-0.030	399.999	1.028	5.079	1773084968.757
1068	400.000	-0.002	399.999	0.779	2.412	1773084969.061
1069	400.000	-0.013	400.001	0.906	5.521	1773084969.372
1070	400.000	0.029	400.000	0.525	2.942	1773084969.701
1071	400.000	0.052	399.996	0.309	0.205	1773084970.004
1072	400.000	-0.015	399.998	0.809	4.813	1773084970.314
1073	400.000	-0.006	400.003	0.677	2.249	1773084970.589
1074	400.000	-0.033	400.000	0.882	5.542	1773084970.862
1075	400.000	-0.020	399.998	0.532	3.588	1773084971.112
1076	400.000	0.031	399.999	0.560	2.014	1773084971.385
1077	400.000	-0.038	399.999	1.008	5.263	1773084971.693
1078	400.000	-0.003	400.002	0.762	2.584	1773084971.979
1079	400.000	-0.015	400.001	0.391	6.266	1773084972.271
1080	400.000	0.013	400.003	0.729	4.625	1773084972.567
1081	400.000	0.009	400.001	0.568	2.036	1773084972.885
1082	400.000	0.004	400.000	1.046	5.266	1773084973.181
1083	400.000	-0.001	399.998	0.599	2.842	1773084973.460
1084	400.000	0.008	400.000	0.304	0.280	1773084973.734
1085	400.000	-0.002	399.999	0.934	4.953	1773084974.010
1086	400.000	0.011	399.996	0.819	2.389	1773084974.312
1087	400.000	-0.007	400.000	0.951	5.533	1773084974.636
1088	400.000	0.015	400.000	0.501	3.368	1773084974.931
1089	400.000	-0.009	400.002	0.281	1.310	1773084975.243
1090	400.000	0.021	400.003	0.720	4.735	1773084975.581
1091	400.000	-0.044	400.000	0.595	2.026	1773084975.861
1092	400.000	0.025	399.999	0.967	5.339	1773084976.178
1093	400.000	-0.020	400.001	0.699	2.536	1773084976.495
1094	400.000	-0.020	400.001	0.629	5.827	1773084976.806
1095	400.000	0.049	400.001	0.610	4.319	1773084977.046
1096	400.000	-0.014	400.000	0.493	2.109	1773084977.380
1097	400.000	0.005	399.999	1.064	5.279	1773084977.647
1098	400.000	-0.058	400.000	0.668	2.787	1773084977.958
1099	400.000	-0.005	399.999	0.448	5.940	1773084978.238
1100	400.000	-0.036	400.000	0.656	4.688	1773084978.575
1101	400.000	0.012	399.997	0.644	2.177	1773084978.885
1102	400.000	0.004	400.000	1.042	5.320	1773084979.178
1103	400.000	-0.001	399.998	0.785	2.714	1773084979.474
1104	400.000	0.005	399.996	0.328	6.151	1773084979.738
1105	400.000	0.009	400.000	0.698	4.743	1773084980.044
1106	400.000	-0.026	399.999	0.732	2.267	1773084980.300
1107	400.000	-0.004	400.001	0.807	5.529	1773084980.560
1108	400.000	-0.004	399.999	0.478	3.739	1773084980.856
1109	400.000	0.015	400.003	0.531	1.778	1773084981.128
1110	400.000	0.009	400.000	0.930	5.365	1773084981.409
1111	400.000	-0.019	400.000	0.735	2.834	1773084981.686
1112	400.000	-0.029	399.996	0.378	6.089	1773084981.990
1113	400.000	0.007	399.999	0.636	4.450	1773084982.276
1114	400.000	0.003	399.998	0.719	2.258	1773084982.563
1115	400.000	0.007	400.000	0.969	5.481	1773084982.868
1116	400.000	-0.026	399.997	0.652	2.936	1773084983.192
1117	400.000	0.014	400.000	0.474	5.899	1773084983.487
1118	400.000	0.013	400.001	0.630	4.354	1773084983.797
1119	400.000	0.035	399.998	0.430	2.066	1773084984.122
1120	400.000	0.036	400.000	1.079	5.131	1773084984.383
1121	400.000	-0.026	400.000	0.782	2.774	1773084984.713
1122	400.000	0.002	399.997	0.594	5.767	1773084985.015
1123	400.000	0.029	399.999	0.653	4.206	1773084985.319
1124	400.000	0.007	399.998	0.292	1.848	1773084985.606
1125	400.000	0.005	400.000	1.030	5.258	1773084985.887
1126	400.000	-0.016	400.005	0.793	2.693	1773084986.200
1127	400.000	-0.003	400.000	0.745	5.596	1773084986.525
1128	400.000	0.002	399.999	0.575	3.786	1773084986.808
1129	400.000	-0.016	399.996	0.515	2.022	1773084987.061
1130	400.000	-0.015	400.000	0.956	5.479	1773084987.356
1131	400.000	-0.000	400.001	0.645	2.909	1773084987.632
1132	400.000	-0.002	400.000	0.318	6.260	1773084987.959
1133	400.000	-0.009	399.999	0.594	4.502	1773084988.248
1134	400.000	-0.003	399.995	0.608	2.264	1773084988.552
1135	400.000	-0.013	399.999	0.993	5.270	1773084988.885
1136	400.000	0.004	400.002	0.875	2.668	1773084989.181
1137	400.000	-0.006	400.000	0.587	5.767	1773084989.519
1138	400.000	-0.036	400.000	0.489	3.709	1773084989.789
1139	400.000	-0.009	400.002	0.480	1.766	1773084990.051
1140	400.000	-0.036	400.000	1.036	5.463	1773084990.314
1141	400.000	-0.007	399.998	0.723	2.875	1773084990.634
1142	400.000	-0.028	400.000	0.283	6.189	1773084990.902
1143	400.000	0.000	400.000	0.775	4.765	1773084991.234
1144	400.000	-0.011	399.999	0.716	2.089	1773084991.513
1145	400.000	-0.015	400.003	0.963	5.384	1773084991.842
1146	400.000	0.012	400.002	0.739	2.762	1773084992.151
1147	400.000	-0.010	400.000	0.614	5.617	1773084992.467
1148	400.000	0.001	399.996	0.510	3.770	1773084992.786
1149	400.000	0.008	400.000	0.292	1.252	1773084993.085
1150	400.000	-0.024	399.999	0.861	5.060	1773084993.394
1151	400.000	0.025	400.001	0.762	2.399	1773084993.716
1152	400.000	0.026	400.003	0.983	5.481	1773084993.994
1153	400.000	-0.013	399.998	0.551	3.324	1773084994.256
1154	400.000	0.047	400.004	0.513	1.692	1773084994.527
1155	400.000	-0.017	400.000	1.007	5.227	1773084994.842
1156	400.000	-0.009	400.001	0.871	2.651	1773084995.104
1157	400.000	0.012	400.001	0.495	5.769	1773084995.398
1158	400.000	0.016	399.999	0.647	4.656	1773084995.655
1159	400.000	0.021	399.999	0.792	2.311	1773084995.969
1160	400.000	0.003	400.000	1.038	5.353	1773084996.291
1161	400.000	0.044	399.999	0.768	2.806	1773084996.589
1162	400.000	-0.001	400.001	0.455	6.076	1773084996.920
1163	400.000	-0.037	399.999	0.587	4.148	1773084997.215
1164	400.000	-0.020	399.997	0.438	1.768	1773084997.531
1165	400.000	-0.001	400.000	0.906	5.300	1773084997.846
1166	400.000	-0.002	399.998	0.831	2.534	1773084998.134
1167	400.000	0.022	400.000	0.641	5.878	1773084998.408
1168	400.000	0.004	400.000	0.696	4.867	1773084998.711
1169	400.000	0.008	400.007	0.477	2.111	1773084999.020
1170	400.000	0.004	400.003	0.969	5.233	1773084999.330
1171	400.000	-0.028	399.997	0.819	2.640	1773084999.579
1172	400.000	-0.003	400.001	0.349	0.228	1773084999.862
1173	400.000	0.002	399.998	0.905	5.225	1773085000.162
1174	400.000	-0.027	400.001	0.717	2.415	1773085000.485
1175	400.000	-0.004	400.001	1.105	5.590	1773085000.771
1176	400.000	0.024	399.999	0.589	2.805	1773085001.104
1177	400.000	-0.023	400.006	0.574	5.952	1773085001.409
1178	400.000	-0.012	400.001	0.613	4.418	1773085001.735
1179	400.000	-0.019	399.998	0.549	1.952	1773085001.998
1180	400.000	-0.021	399.999	0.992	5.400	1773085002.277
1181	400.000	0.002	400.003	0.683	3.076	1773085002.504
1182	400.000	0.025	400.001	0.411	1.338	1773085002.778
1183	400.000	0.037	400.002	1.082	5.327	1773085003.038
1184	400.000	-0.006	399.999	0.744	2.875	1773085003.356
1185	400.000	0.014	400.000	0.519	6.048	1773085003.667
1186	400.000	-0.035	400.000	0.491	4.425	1773085003.941
1187	400.000	0.032	399.998	0.726	2.193	1773085004.212
1188	400.000	0.010	400.004	1.072	5.590	1773085004.455
1189	400.000	-0.019	400.005	0.510	3.498	1773085004.776
1190	400.000	-0.029	400.002	0.273	1.149	1773085005.080
1191	400.000	-0.032	400.001	1.022	5.127	1773085005.334
1192	400.000	0.011	400.001	0.804	2.728	1773085005.615
1193	400.000	0.013	400.003	0.664	5.777	1773085005.915
1194	400.000	-0.018	399.998	0.545	4.079	1773085006.233
1195	400.000	-0.018	400.000	0.496	1.898	1773085006.500
1196	400.000	-0.021	399.998	1.143	5.446	1773085006.760
1197	400.000	0.013	400.000	0.689	3.193	1773085007.037
1198	400.000	0.025	399.999	0.341	0.614	1773085007.334
1199	400.000	0.020	400.002	0.794	4.731	1773085007.657
1200	400.000	0.033	400.002	0.720	2.269	1773085007.948
1201	400.000	0.027	399.997	0.976	5.419	1773085008.277
1202	400.000	-0.011	399.999	0.821	2.789	1773085008.575
1203	400.000	-0.017	399.999	0.526	5.987	1773085008.826
1204	400.000	-0.023	400.000	0.729	4.781	1773085009.141
1205	400.000	-0.027	400.001	0.714	2.222	1773085009.444
1206	400.000	0.028	400.000	1.052	5.609	1773085009.693
1207	400.000	-0.009	399.999	0.525	3.146	1773085010.024
1208	400.000	-0.026	399.999	0.321	0.390	1773085010.315
1209	400.000	0.008	400.000	0.906	5.142	1773085010.563
1210	400.000	0.013	400.001	0.806	2.631	1773085010.844
1211	400.000	0.010	399.999	0.716	5.850	1773085011.138
1212	400.000	0.002	400.001	0.438	3.901	1773085011.451
1213	400.000	0.012	400.001	0.366	1.550	1773085011.778
1214	400.000	0.020	400.000	0.912	5.093	1773085012.071
1215	400.000	0.005	399.998	0.847	2.489	1773085012.314
1216	400.000	-0.026	400.000	0.507	6.196	1773085012.569
1217	400.000	0.027	399.998	0.870	4.980	1773085012.845
1218	400.000	0.001	400.000	0.653	2.285	1773085013.166
1219	400.000	-0.013	400.001	1.083	5.441	1773085013.484
1220	400.000	-0.004	399.998	0.760	2.836	1773085013.789
1221	400.000	0.010	400.002	0.443	6.143	1773085014.083
1222	400.000	-0.006	399.999	0.814	4.966	1773085014.352
1223	400.000	-0.035	400.001	0.818	2.258	1773085014.657
1224	400.000	-0.002	400.000	1.037	5.571	1773085014.941
1225	400.000	-0.018	400.001	0.582	3.166	1773085015.223
1226	400.000	0.004	399.998	0.408	1.508	1773085015.478
1227	400.000	-0.003	400.001	0.919	5.223	1773085015.789
1228	400.000	0.014	400.000	0.831	2.566	1773085016.096
1229	400.000	-0.014	399.999	0.848	5.647	1773085016.403
1230	400.000	0.013	400.003	0.438	3.468	1773085016.712
1231	400.000	0.043	400.004	0.360	0.840	1773085017.028
1232	400.000	0.006	399.998	0.937	5.050	1773085017.296
1233	400.000	0.013	400.002	0.869	2.412	1773085017.567
1234	400.000	0.022	400.000	0.588	5.823	1773085017.845
1235	400.000	0.004	400.002	0.461	4.308	1773085018.163
1236	400.000	-0.013	400.000	0.595	2.169	1773085018.413
1237	400.000	0.011	399.999	1.075	5.374	1773085018.748
1238	400.000	-0.018	400.002	0.766	2.649	1773085019.040
1239	400.000	-0.010	399.999	0.527	5.939	1773085019.337
1240	400.000	0.007	399.999	0.483	4.058	1773085019.647
1241	400.000	0.013	400.001	0.742	2.157	1773085019.908
1242	400.000	0.037	399.999	1.079	5.474	1773085020.219
1243	400.000	-0.021	399.998	0.734	2.726	1773085020.527
1244	400.000	-0.024	399.998	0.512	5.919	1773085020.835
1245	400.000	-0.014	399.995	0.769	4.725	1773085021.061
1246	400.000	0.025	399.999	0.835	2.185	1773085021.350
1247	400.000	-0.017	400.000	0.969	5.539	1773085021.660
1248	400.000	0.018	400.002	0.541	3.493	1773085021.916
1249	400.000	-0.003	400.001	0.382	1.463	1773085022.225
1250	400.000	0.015	399.996	0.975	5.205	1773085022.519
1251	400.000	0.020	399.997	0.832	2.541	1773085022.797
1252	400.000	0.004	399.999	0.731	5.839	1773085023.092
1253	400.000	-0.014	399.998	0.561	4.233	1773085023.329
1254	400.000	-0.011	400.000	0.638	1.922	1773085023.667
1255	400.000	-0.001	400.000	1.152	5.391	1773085023.978
1256	400.000	0.005	399.998	0.741	2.707	1773085024.309
1257	400.000	-0.022	399.999	0.810	5.908	1773085024.644
1258	400.000	-0.033	400.001	0.549	3.976	1773085024.941
1259	400.000	0.008	399.999	0.410	1.428	1773085025.225
1260	400.000	0.001	400.000	1.026	5.224	1773085025.492
1261	400.000	0.003	400.000	0.787	2.497	1773085025.826
1262	400.000	-0.017	400.002	0.988	5.675	1773085026.104
1263	400.000	0.007	400.006	0.471	3.670	1773085026.420
1264	400.000	0.002	399.999	0.416	1.675	1773085026.676
1265	400.000	0.005	400.001	0.954	5.384	1773085026.976
1266	400.000	0.019	400.001	0.761	2.404	1773085027.290
1267	400.000	0.027	400.001	0.822	5.842	1773085027.561
1268	400.000	-0.001	399.999	0.506	4.021	1773085027.847
1269	400.000	0.001	400.000	0.603	2.066	1773085028.123
1270	400.000	0.001	399.997	1.123	5.442	1773085028.429
1271	400.000	0.019	400.003	0.715	2.717	1773085028.705
1272	400.000	-0.001	400.000	0.422	0.055	1773085029.000
1273	400.000	0.011	399.998	0.570	4.638	1773085029.317
1274	400.000	-0.021	399.999	0.674	2.019	1773085029.600
1275	400.000	-0.013	399.999	1.105	5.542	1773085029.882
1276	400.000	0.029	399.996	0.678	3.067	1773085030.210
1277	400.000	-0.003	400.000	0.472	5.865	1773085030.519
1278	400.000	0.008	399.998	0.561	4.361	1773085030.800
1279	400.000	-0.014	400.000	0.673	2.227	1773085031.087
1280	400.000	0.011	400.003	1.042	5.481	1773085031.378
1281	400.000	0.003	400.001	0.646	2.714	1773085031.707
1282	400.000	0.015	399.999	0.581	5.986	1773085031.989
1283	400.000	-0.017	400.001	0.746	4.739	1773085032.234
1284	400.000	0.023	399.999	0.702	2.280	1773085032.564
1285	400.000	0.020	400.000	0.994	5.554	1773085032.861
1286	400.000	0.004	400.004	0.662	3.294	1773085033.138
1287	400.000	0.001	400.000	0.427	0.257	1773085033.449
1288	400.000	-0.004	400.001	0.793	4.903	1773085033.768
1289	400.000	0.012	400.000	0.635	2.220	1773085034.091
1290	400.000	-0.000	399.998	1.067	5.439	1773085034.383
1291	400.000	0.019	400.001	0.751	3.044	1773085034.650
1292	400.000	0.016	399.998	0.384	0.171	1773085034.970
1293	400.000	-0.010	399.998	0.578	4.510	1773085035.296
1294	400.000	0.015	400.000	0.520	1.854	1773085035.578
1295	400.000	0.031	399.996	0.990	5.384	1773085035.891
1296	400.000	-0.023	399.997	0.789	2.702	1773085036.202
1297	400.000	-0.006	400.000	0.794	5.779	1773085036.510
1298	400.000	-0.028	399.999	0.601	4.183	1773085036.763
1299	400.000	0.013	400.001	0.523	2.049	1773085037.073
1300	400.000	0.016	400.002	1.021	5.340	1773085037.391
1301	400.000	0.024	399.996	0.774	2.733	1773085037.650
1302	400.000	0.023	400.001	0.603	6.090	1773085037.957
1303	400.000	0.009	400.002	0.616	4.290	1773085038.277
1304	400.000	0.013	400.002	0.406	1.724	1773085038.598
1305	400.000	0.025	399.998	0.979	5.336	1773085038.887
1306	400.000	0.020	399.999	0.763	2.541	1773085039.209
1307	400.000	0.003	399.999	0.944	5.720	1773085039.528
1308	400.000	-0.018	400.001	0.577	3.522	1773085039.847
1309	400.000	-0.007	399.998	0.315	0.456	1773085040.145
1310	400.000	-0.009	399.998	0.818	5.035	1773085040.403
1311	400.000	-0.030	399.998	0.784	2.558	1773085040.695
1312	400.000	0.003	399.999	0.877	5.944	1773085040.959
1313	400.000	0.027	400.000	0.539	4.070	1773085041.270
1314	400.000	-0.010	399.999	0.391	1.677	1773085041.584
1315	400.000	-0.044	399.999	1.005	5.236	1773085041.907
1316	400.000	0.002	400.001	0.807	2.500	1773085042.188
1317	400.000	-0.014	400.002	0.800	5.911	1773085042.456
1318	400.000	0.001	399.999	0.567	4.451	1773085042.734
1319	400.000	-0.004	399.996	0.458	1.956	1773085043.040
1320	400.000	0.005	400.000	1.104	5.491	1773085043.343
1321	400.000	0.017	400.000	0.729	2.759	1773085043.659
1322	400.000	0.013	399.998	0.817	5.954	1773085043.942
1323	400.000	-0.011	399.999	0.572	4.429	1773085044.204
1324	400.000	0.019	399.997	0.551	2.043	1773085044.523
1325	400.000	-0.035	400.002	0.997	5.428	1773085044.851
1326	400.000	0.016	399.999	0.842	2.670	1773085045.132
1327	400.000	-0.013	399.998	0.674	6.004	1773085045.407
1328	400.000	-0.015	400.003	0.531	4.565	1773085045.691
1329	400.000	-0.008	400.002	0.488	2.105	1773085046.005
1330	400.000	-0.011	399.999	1.158	5.450	1773085046.276
1331	400.000	0.014	400.002	0.714	3.166	1773085046.562
1332	400.000	0.017	400.003	0.364	0.569	1773085046.825
1333	400.000	0.007	400.001	0.837	5.171	1773085047.167
1334	400.000	0.006	400.000	0.741	2.262	1773085047.437
1335	400.000	-0.031	399.998	1.019	5.603	1773085047.749
1336	400.000	-0.001	400.004	0.629	3.349	1773085048.030
1337	400.000	0.047	399.999	0.432	0.966	1773085048.339
1338	400.000	0.021	400.001	0.695	4.894	1773085048.639
1339	400.000	-0.032	400.000	0.528	2.027	1773085048.975
1340	400.000	-0.010	399.999	1.111	5.435	1773085049.271
1341	400.000	0.008	400.002	0.774	3.007	1773085049.531
1342	400.000	0.001	399.999	0.574	6.279	1773085049.847
1343	400.000	0.037	400.000	0.780	4.993	1773085050.120
1344	400.000	-0.008	400.000	0.718	2.391	1773085050.399
1345	400.000	-0.004	400.000	1.022	5.540	1773085050.744
1346	400.000	0.002	400.003	0.602	2.975	1773085051.030
1347	400.000	0.025	400.001	0.391	0.317	1773085051.290
1348	400.000	0.017	400.001	0.805	5.042	1773085051.619
1349	400.000	0.040	400.000	0.734	2.358	1773085051.917
1350	400.000	0.031	400.002	1.004	5.705	1773085052.227
1351	400.000	-0.031	400.000	0.641	3.016	1773085052.503
1352	400.000	0.002	399.997	0.404	0.949	1773085052.773
1353	400.000	-0.028	400.001	0.990	5.353	1773085053.014
1354	400.000	0.001	399.998	0.774	3.027	1773085053.291
1355	400.000	-0.006	399.997	0.500	6.274	1773085053.602
1356	400.000	-0.011	400.001	0.651	4.507	1773085053.891
1357	400.000	-0.003	399.999	0.445	2.011	1773085054.232
1358	400.000	-0.017	400.002	1.048	5.483	1773085054.535
1359	400.000	-0.001	399.999	0.745	2.657	1773085054.862
1360	400.000	-0.025	399.999	0.992	5.797	1773085055.196
1361	400.000	-0.001	399.999	0.602	3.166	1773085055.473
1362	400.000	-0.003	399.998	0.363	0.370	1773085055.792
1363	400.000	0.000	400.000	0.809	5.046	1773085056.092
1364	400.000	0.000	400.003	0.806	2.494	1773085056.347
1365	400.000	0.025	400.000	0.965	5.667	1773085056.670
1366	400.000	-0.031	400.001	0.520	3.531	1773085056.969
1367	400.000	0.012	400.002	0.230	0.765	1773085057.282
1368	400.000	0.012	399.999	0.786	5.018	1773085057.617
1369	400.000	-0.014	399.998	0.648	2.250	1773085057.894
1370	400.000	-0.017	400.003	1.012	5.687	1773085058.160
1371	400.000	0.004	399.998	0.611	3.478	1773085058.487
1372	400.000	-0.017	400.001	0.269	0.824	1773085058.765
1373	400.000	-0.026	399.999	1.035	5.392	1773085059.035
1374	400.000	-0.024	400.000	0.740	2.764	1773085059.289
1375	400.000	0.005	400.003	0.573	6.144	1773085059.594
1376	400.000	0.046	400.000	0.613	4.770	1773085059.837
1377	400.000	0.011	400.000	0.799	2.586	1773085060.122
1378	400.000	0.015	399.998	1.025	5.755	1773085060.429
1379	400.000	0.021	399.996	0.536	3.491	1773085060.706
1380	400.000	0.005	400.000	0.329	1.186	1773085060.996
1381	400.000	-0.016	400.000	0.955	5.350	1773085061.323
1382	400.000	0.005	400.002	0.777	2.614	1773085061.619
1383	400.000	-0.015	399.997	0.922	5.697	1773085061.905
1384	400.000	-0.040	400.002	0.531	4.216	1773085062.171
1385	400.000	0.024	400.002	0.621	2.402	1773085062.427
1386	400.000	-0.014	399.997	1.035	5.767	1773085062.738
1387	400.000	-0.015	399.999	0.634	3.179	1773085063.069
1388	400.000	0.005	399.997	0.411	0.244	1773085063.350
1389	400.000	0.017	400.001	0.871	5.013	1773085063.616
1390	400.000	0.034	399.998	0.713	2.534	1773085063.933
1391	400.000	-0.018	400.003	1.005	5.696	1773085064.248
1392	400.000	0.020	400.002	0.541	3.234	1773085064.529
1393	400.000	-0.006	399.996	0.352	0.130	1773085064.801
1394	400.000	0.013	400.002	0.755	4.867	1773085065.114
1395	400.000	-0.019	399.999	0.503	2.098	1773085065.411
1396	400.000	-0.010	399.998	1.066	5.463	1773085065.756
1397	400.000	-0.011	400.000	0.834	2.655	1773085066.052
1398	400.000	0.041	399.998	0.785	6.001	1773085066.389
1399	400.000	-0.006	399.998	0.537	3.716	1773085066.690
1400	400.000	0.001	399.999	0.285	1.484	1773085066.972
1401	400.000	-0.019	400.000	1.211	5.572	1773085067.239
1402	400.000	0.002	399.998	0.642	3.308	1773085067.513
1403	400.000	-0.016	400.002	0.354	1.506	1773085067.805
1404	400.000	-0.001	400.003	0.956	5.232	1773085068.138
1405	400.000	0.005	400.001	0.702	2.522	1773085068.434
1406	400.000	0.012	400.004	1.024	5.669	1773085068.708
1407	400.000	0.017	399.999	0.584	3.590	1773085068.995
1408	400.000	0.011	400.000	0.329	1.670	1773085069.303
1409	400.000	0.001	399.999	1.038	5.219	1773085069.596
1410	400.000	0.018	400.000	0.705	2.495	1773085069.942
1411	400.000	0.013	400.001	1.024	5.587	1773085070.242
1412	400.000	-0.010	399.999	0.648	3.210	1773085070.568
1413	400.000	0.015	400.001	0.531	5.978	1773085070.875
1414	400.000	0.002	399.997	0.697	4.550	1773085071.146
1415	400.000	0.005	400.004	0.783	2.376	1773085071.426
1416	400.000	-0.010	399.997	1.097	5.560	1773085071.678
1417	400.000	-0.028	400.000	0.545	3.855	1773085071.986
1418	400.000	0.016	399.999	0.272	0.521	1773085072.306
1419	400.000	0.008	400.001	0.771	5.026	1773085072.627
1420	400.000	0.011	399.999	0.789	2.308	1773085072.896
1421	400.000	-0.007	400.000	1.082	5.681	1773085073.192
1422	400.000	0.008	399.998	0.538	3.592	1773085073.497
1423	400.000	0.000	399.998	0.252	1.380	1773085073.778
1424	400.000	-0.029	399.999	1.049	5.360	1773085074.053
1425	400.000	0.003	400.003	0.828	2.699	1773085074.361
1426	400.000	-0.011	399.998	0.964	5.689	1773085074.662
1427	400.000	-0.001	399.999	0.595	3.458	1773085074.979
1428	400.000	0.021	400.000	0.270	0.898	1773085075.243
1429	400.000	-0.002	400.001	0.831	5.143	1773085075.530
1430	400.000	-0.008	400.000	0.779	2.489	1773085075.849
1431	400.000	0.036	399.999	0.910	5.713	1773085076.130
1432	400.000	0.022	399.996	0.587	3.751	1773085076.407
1433	400.000	0.017	400.004	0.223	1.012	1773085076.695
1434	400.000	0.015	400.001	1.090	5.336	1773085076.982
1435	400.000	-0.020	400.000	0.779	2.791	1773085077.243
1436	400.000	-0.014	400.003	0.676	5.899	1773085077.551
1437	400.000	0.004	399.999	0.543	4.543	1773085077.857
1438	400.000	-0.016	400.000	0.568	2.137	1773085078.112
1439	400.000	0.016	400.002	1.102	5.555	1773085078.422
1440	400.000	0.010	400.000	0.591	3.417	1773085078.654
1441	400.000	0.011	400.000	0.452	1.883	1773085078.926
1442	400.000	-0.029	399.996	1.082	5.375	1773085079.241
1443	400.000	0.022	400.001	0.742	2.697	1773085079.556
1444	400.000	-0.020	399.999	0.862	5.766	1773085079.868
1445	400.000	-0.024	400.002	0.520	3.513	1773085080.176
1446	400.000	0.004	400.002	0.247	0.371	1773085080.479
1447	400.000	0.032	400.000	0.839	5.100	1773085080.795
1448	400.000	0.008	400.001	0.857	2.257	1773085081.085
1449	400.000	0.017	400.003	1.085	5.565	1773085081.426
1450	400.000	0.007	400.002	0.758	2.888	1773085081.690
1451	400.000	0.020	400.003	0.338	0.424	1773085081.994
1452	400.000	0.020	400.001	0.621	4.799	1773085082.309
1453	400.000	0.017	400.000	0.578	2.148	1773085082.609
1454	400.000	-0.012	400.001	1.170	5.438	1773085082.878
1455	400.000	0.006	399.999	0.680	3.125	1773085083.177
1456	400.000	0.014	400.002	0.492	6.278	1773085083.491
1457	400.000	-0.010	400.000	0.809	4.866	1773085083.772
1458	400.000	0.021	400.000	0.750	2.257	1773085084.010
1459	400.000	0.018	400.002	0.976	5.738	1773085084.286
1460	400.000	0.019	399.998	0.605	3.499	1773085084.610
1461	400.000	-0.004	399.999	0.306	1.664	1773085084.865
1462	400.000	-0.019	400.001	0.868	5.219	1773085085.175
1463	400.000	0.049	399.998	0.801	2.933	1773085085.509
1464	400.000	-0.014	399.998	0.940	5.717	1773085085.787
1465	400.000	0.016	399.998	0.680	3.143	1773085086.095
1466	400.000	0.008	400.003	0.325	0.711	1773085086.362
1467	400.000	0.017	399.999	0.893	5.015	1773085086.653
1468	400.000	0.008	400.000	0.841	2.637	1773085086.933
1469	400.000	0.011	400.000	0.982	5.809	1773085087.251
1470	400.000	-0.000	399.999	0.523	3.561	1773085087.543
1471	400.000	0.014	399.999	0.305	0.885	1773085087.865
1472	400.000	0.000	399.998	0.792	5.054	1773085088.185
1473	400.000	0.022	400.000	0.759	2.363	1773085088.483
1474	400.000	-0.017	399.999	1.040	5.715	1773085088.712
1475	400.000	-0.016	400.002	0.518	4.275	1773085088.996
1476	400.000	0.027	400.000	0.534	2.055	1773085089.281
1477	400.000	0.001	399.999	1.069	5.317	1773085089.601
1478	400.000	-0.013	400.000	0.730	2.901	1773085089.862
1479	400.000	-0.029	400.000	0.443	6.189	1773085090.131
1480	400.000	0.016	400.000	0.704	4.996	1773085090.443
1481	400.000	0.033	400.001	0.593	2.331	1773085090.758
1482	400.000	0.039	400.003	1.072	5.440	1773085091.053
1483	400.000	0.030	400.000	0.719	2.905	1773085091.335
1484	400.000	-0.032	400.002	0.405	5.967	1773085091.627
1485	400.000	-0.006	399.997	0.800	4.880	1773085091.904
1486	400.000	0.018	400.001	0.827	2.503	1773085092.188
1487	400.000	0.019	400.000	0.931	5.713	1773085092.513
1488	400.000	-0.034	399.999	0.527	3.826	1773085092.806
1489	400.000	0.005	399.999	0.359	1.656	1773085093.110
1490	400.000	0.021	399.998	1.153	5.455	1773085093.444
1491	400.000	-0.015	400.000	0.737	2.888	1773085093.738
1492	400.000	-0.008	400.000	0.226	0.446	1773085094.032
1493	400.000	0.008	400.000	0.979	5.292	1773085094.313
1494	400.000	0.010	399.998	0.632	3.118	1773085094.598
1495	400.000	0.004	400.002	0.956	2.630	1773085094.858
1496	400.000	0.000	400.000	0.915	2.592	1773085095.167
1497	400.000	0.013	400.000	0.936	2.664	1773085095.433
1498	400.000	-0.011	399.999	0.937	2.651	1773085095.697
1499	400.000	0.018	399.999	0.937	2.629	1773085096.024
1500	400.000	0.020	400.000	0.939	2.647	1773085096.327
1501	400.000	-0.022	400.000	0.927	2.576	1773085096.572
1502	400.000	0.005	400.001	0.951	2.623	1773085096.894
1503	400.000	0.001	399.999	0.920	2.611	1773085097.204
1504	400.000	-0.009	400.000	0.906	2.576	1773085097.459
1505	400.000	-0.007	400.003	0.964	2.672	1773085097.774
1506	400.000	0.023	400.003	0.972	2.636	1773085098.064
1507	400.000	0.017	400.001	1.018	2.495	1773085098.315
1508	400.000	-0.014	400.001	0.988	2.650	1773085098.606
1509	400.000	-0.000	399.998	0.927	2.641	1773085098.906
1510	400.000	0.017	399.998	0.981	2.601	1773085099.227
1511	400.000	-0.014	399.999	0.999	2.620	1773085099.521
1512	400.000	-0.000	400.002	0.907	2.601	1773085099.839
1513	400.000	-0.010	400.003	0.894	2.604	1773085100.139
1514	400.000	0.005	400.000	0.869	2.607	1773085100.455
1515	400.000	-0.006	400.000	0.978	2.589	1773085100.753
1516	400.000	0.000	399.999	0.978	2.558	1773085101.035
1517	400.000	-0.023	399.998	0.942	2.615	1773085101.315
1518	400.000	-0.007	399.999	0.967	2.566	1773085101.600
1519	400.000	-0.008	400.002	0.957	2.649	1773085101.917
1520	400.000	-0.001	400.001	0.951	2.660	1773085102.191
1521	400.000	0.003	400.000	0.931	2.562	1773085102.506
1522	400.000	0.006	400.003	0.958	2.637	1773085102.771
1523	400.000	0.005	399.999	0.967	2.619	1773085103.104
1524	400.000	-0.017	399.999	0.978	2.563	1773085103.383
1525	400.000	-0.004	399.998	0.933	2.523	1773085103.656
1526	400.000	-0.006	399.999	0.844	2.568	1773085103.937
1527	400.000	0.019	400.002	0.965	2.551	1773085104.216
1528	400.000	-0.001	400.004	0.967	2.510	1773085104.528
1529	400.000	-0.012	400.001	0.976	2.619	1773085104.859
1530	400.000	0.026	400.002	0.955	2.529	1773085105.147
1531	400.000	-0.001	400.004	0.921	2.493	1773085105.443
1532	400.000	0.002	399.997	0.907	2.670	1773085105.694
1533	400.000	-0.003	400.000	0.936	2.693	1773085106.003
1534	400.000	0.002	400.003	0.929	2.578	1773085106.276
1535	400.000	-0.018	400.001	0.906	2.623	1773085106.563
1536	400.000	0.017	400.002	0.920	2.617	1773085106.816
1537	400.000	0.015	400.003	0.965	2.723	1773085107.068
1538	400.000	0.027	399.996	0.965	2.643	1773085107.327
1539	400.000	-0.023	400.004	0.934	2.643	1773085107.577
1540	400.000	-0.044	400.000	0.962	2.604	1773085107.898
1541	400.000	0.068	399.997	0.940	2.579	1773085108.208
1542	400.000	-0.036	399.997	0.924	2.529	1773085108.481
1543	400.000	-0.004	399.997	0.940	2.548	1773085108.786
1544	400.000	-0.024	400.001	0.935	2.650	1773085109.086
1545	400.000	0.005	399.999	0.927	2.570	1773085109.383
1546	400.000	-0.002	399.998	0.922	2.601	1773085109.648
1547	400.000	0.002	399.998	0.914	2.623	1773085109.979
1548	400.000	-0.034	399.999	0.890	2.634	1773085110.267
1549	400.000	-0.008	400.000	0.963	2.611	1773085110.535
1550	400.000	0.021	399.998	0.960	2.551	1773085110.809
1551	400.000	0.003	399.999	0.915	2.617	1773085111.056
1552	400.000	0.020	400.002	0.953	2.586	1773085111.324
1553	400.000	-0.025	400.000	0.955	2.656	1773085111.634
1554	400.000	-0.007	400.002	0.936	2.611	1773085111.941
1555	400.000	-0.001	400.000	0.966	2.588	1773085112.182
1556	400.000	-0.036	399.999	0.953	2.479	1773085112.435
1557	400.000	0.022	399.999	0.954	2.538	1773085112.690
1558	400.000	-0.010	400.001	0.913	2.573	1773085113.009
1559	400.000	-0.011	400.001	0.872	2.622	1773085113.330
1560	400.000	-0.006	400.000	0.931	2.653	1773085113.619
1561	400.000	-0.023	399.998	0.944	2.622	1773085113.864
1562	400.000	-0.012	400.004	0.910	2.663	1773085114.124
1563	400.000	0.003	400.003	0.909	2.594	1773085114.374
1564	400.000	-0.011	399.997	0.942	2.644	1773085114.685
1565	400.000	0.000	399.999	0.954	2.578	1773085115.010
1566	400.000	0.002	399.999	0.979	2.559	1773085115.299
1567	400.000	0.006	400.005	0.919	2.549	1773085115.609
1568	400.000	0.012	399.999	0.911	2.579	1773085115.882
1569	400.000	-0.028	399.999	0.974	2.559	1773085116.204
1570	400.000	0.024	400.000	0.888	2.566	1773085116.482
1571	400.000	0.025	400.001	0.909	2.618	1773085116.749
1572	400.000	0.007	399.998	0.945	2.485	1773085117.036
1573	400.000	-0.025	399.998	0.929	2.573	1773085117.329
1574	400.000	0.003	399.996	0.918	2.508	1773085117.654
1575	400.000	0.008	400.000	0.959	2.514	1773085117.957
1576	400.000	0.018	399.999	0.923	2.557	1773085118.234
1577	400.000	0.024	400.002	0.948	2.635	1773085118.516
1578	400.000	0.035	400.000	0.971	2.592	1773085118.812
1579	400.000	-0.023	400.001	0.954	2.602	1773085119.132
1580	400.000	0.001	399.999	0.896	2.576	1773085119.442
1581	400.000	0.013	400.000	0.930	2.545	1773085119.765
1582	400.000	-0.024	400.001	0.883	2.463	1773085120.060
1583	400.000	0.019	400.003	0.922	2.633	1773085120.358
1584	400.000	-0.001	400.000	0.995	2.612	1773085120.637
1585	400.000	0.019	400.001	0.980	2.650	1773085120.942
1586	400.000	0.003	400.000	0.920	2.604	1773085121.264
1587	400.000	-0.026	400.002	0.959	2.619	1773085121.547
1588	400.000	-0.000	400.002	0.901	2.598	1773085121.824
1589	400.000	0.005	400.001	0.944	2.613	1773085122.135
1590	400.000	-0.002	400.000	0.878	2.639	1773085122.415
1591	400.000	0.017	400.000	0.937	2.609	1773085122.718
1592	400.000	0.001	399.997	0.952	2.584	1773085123.004
1593	400.000	-0.021	400.000	0.937	2.622	1773085123.311
1594	400.000	-0.018	400.002	0.939	2.510	1773085123.622
1595	400.000	0.001	400.002	1.002	2.505	1773085123.886
1596	400.000	-0.017	400.001	0.963	2.559	1773085124.180
1597	400.000	-0.036	400.002	0.938	2.582	1773085124.515
1598	400.000	0.031	400.000	0.914	2.622	1773085124.812
1599	400.000	-0.005	399.999	0.983	2.595	1773085125.137
1600	400.000	-0.016	400.002	0.943	2.591	1773085125.444
1601	400.000	-0.005	400.004	1.050	2.571	1773085125.736
1602	400.000	0.000	399.999	0.908	2.578	1773085126.065
1603	400.000	-0.019	400.002	0.892	2.533	1773085126.372
1604	400.000	-0.035	400.000	0.869	2.678	1773085126.693
1605	400.000	-0.023	399.998	0.896	2.647	1773085126.980
1606	400.000	0.021	399.998	0.935	2.511	1773085127.252
1607	400.000	0.007	400.002	0.881	2.670	1773085127.563
1608	400.000	0.005	399.999	0.950	2.680	1773085127.873
1609	400.000	0.003	400.002	0.951	2.538	1773085128.174
1610	400.000	0.032	399.998	0.953	2.664	1773085128.445
1611	400.000	0.001	400.001	0.976	2.579	1773085128.741
1612	400.000	-0.006	400.002	0.971	2.612	1773085129.036
1613	400.000	0.015	400.001	0.916	2.564	1773085129.374
1614	400.000	0.018	399.998	0.877	2.583	1773085129.672
1615	400.000	0.029	400.001	0.984	2.529	1773085129.993
1616	400.000	0.007	400.002	0.971	2.739	1773085130.285
1617	400.000	0.020	400.001	0.917	2.550	1773085130.606
1618	400.000	-0.014	400.001	0.945	2.662	1773085130.920
1619	400.000	-0.013	399.997	0.922	2.527	1773085131.212
1620	400.000	0.003	400.003	0.884	2.544	1773085131.466
1621	400.000	-0.016	400.001	0.912	2.591	1773085131.726
1622	400.000	0.020	400.002	0.946	2.505	1773085132.039
1623	400.000	-0.007	400.001	0.872	2.524	1773085132.346
1624	400.000	0.016	399.998	0.958	2.520	1773085132.671
1625	400.000	0.051	399.999	0.954	2.551	1773085132.972
1626	400.000	0.041	399.999	0.921	2.631	1773085133.210
1627	400.000	-0.023	399.998	0.934	2.537	1773085133.495
1628	400.000	0.009	400.003	0.993	2.583	1773085133.790
1629	400.000	-0.004	400.000	0.987	2.491	1773085134.081
1630	400.000	-0.019	400.005	0.886	2.640	1773085134.365
1631	400.000	0.001	399.999	0.925	2.616	1773085134.633
1632	400.000	-0.009	400.000	0.919	2.517	1773085134.936
1633	400.000	0.010	400.002	0.988	2.599	1773085135.234
1634	400.000	0.001	399.998	0.938	2.592	1773085135.543
1635	400.000	0.019	400.002	0.931	2.544	1773085135.834
1636	400.000	0.002	399.998	0.935	2.590	1773085136.161
1637	400.000	0.021	400.001	0.902	2.605	1773085136.473
1638	400.000	0.020	399.999	0.944	2.504	1773085136.788
1639	400.000	-0.002	399.998	0.907	2.523	1773085137.106
1640	400.000	0.007	400.001	0.901	2.520	1773085137.410
1641	400.000	-0.003	399.997	0.923	2.545	1773085137.728
1642	400.000	0.002	399.997	0.920	2.574	1773085138.029
1643	400.000	0.018	400.003	0.965	2.564	1773085138.350
1644	400.000	-0.018	399.999	0.921	2.632	1773085138.639
1645	400.000	0.011	400.000	1.002	2.524	1773085138.952
1646	400.000	0.002	399.997	0.963	2.546	1773085139.232
1647	400.000	0.007	399.998	0.955	2.584	1773085139.507
1648	400.000	-0.020	399.998	0.964	2.646	1773085139.784
1649	400.000	-0.007	400.000	0.887	2.546	1773085140.081
1650	400.000	0.026	400.000	0.956	2.513	1773085140.353
1651	400.000	-0.028	399.998	0.927	2.661	1773085140.656
1652	400.000	0.006	400.001	0.934	2.625	1773085140.975
1653	400.000	0.017	400.000	0.946	2.577	1773085141.265
1654	400.000	0.037	400.003	0.959	2.633	1773085141.588
1655	400.000	-0.016	399.999	0.906	2.627	1773085141.860
1656	400.000	0.002	400.001	0.941	2.615	1773085142.144
1657	400.000	-0.023	399.997	0.971	2.662	1773085142.423
1658	400.000	0.032	400.001	0.915	2.535	1773085142.743
1659	400.000	-0.001	399.998	0.948	2.596	1773085143.063
1660	400.000	-0.007	399.998	0.929	2.662	1773085143.339
1661	400.000	0.018	400.002	0.895	2.577	1773085143.627
1662	400.000	-0.005	400.000	1.009	2.612	1773085143.954
1663	400.000	-0.026	399.998	0.917	2.632	1773085144.227
1664	400.000	-0.028	400.000	0.931	2.616	1773085144.520
1665	400.000	-0.010	400.001	0.949	2.642	1773085144.858
1666	400.000	-0.011	399.998	0.932	2.582	1773085145.135
1667	400.000	0.020	399.999	0.963	2.534	1773085145.399
1668	400.000	0.010	400.000	0.933	2.613	1773085145.734
1669	400.000	0.001	399.998	0.925	2.529	1773085146.031
1670	400.000	-0.031	400.000	0.966	2.605	1773085146.344
1671	400.000	-0.012	399.999	0.932	2.615	1773085146.623
1672	400.000	0.009	399.998	0.934	2.535	1773085146.921
1673	400.000	-0.033	400.003	0.941	2.589	1773085147.243
1674	400.000	0.030	400.001	0.903	2.479	1773085147.533
1675	400.000	-0.020	399.999	0.949	2.514	1773085147.790
1676	400.000	0.019	399.998	1.003	2.562	1773085148.041
1677	400.000	0.024	399.997	0.942	2.643	1773085148.314
1678	400.000	0.023	399.997	0.900	2.558	1773085148.634
1679	400.000	0.004	399.999	0.943	2.567	1773085148.937
1680	400.000	-0.042	399.998	0.955	2.608	1773085149.252
1681	400.000	0.001	399.995	0.923	2.664	1773085149.577
1682	400.000	0.011	400.001	0.899	2.560	1773085149.892
1683	400.000	-0.022	400.001	0.906	2.647	1773085150.183
1684	400.000	-0.021	400.001	0.889	2.574	1773085150.498
1685	400.000	0.009	399.997	0.944	2.523	1773085150.806
1686	400.000	0.007	400.000	0.938	2.625	1773085151.076
1687	400.000	-0.018	399.997	0.922	2.693	1773085151.355
1688	400.000	0.029	400.001	0.916	2.622	1773085151.637
1689	400.000	0.007	400.001	0.937	2.559	1773085151.920
1690	400.000	-0.001	400.002	0.886	2.594	1773085152.188
1691	400.000	-0.059	400.001	0.955	2.582	1773085152.515
1692	400.000	-0.006	400.002	0.907	2.543	1773085152.820
1693	400.000	-0.029	400.004	0.983	2.614	1773085153.124
1694	400.000	0.006	400.001	0.970	2.574	1773085153.438
1695	400.000	-0.009	400.003	0.900	2.550	1773085153.758
1696	400.000	-0.015	400.001	0.851	2.567	1773085154.068
1697	400.000	-0.017	399.999	0.936	2.642	1773085154.354
1698	400.000	-0.002	400.001	0.975	2.506	1773085154.637
1699	400.000	0.003	400.000	0.938	2.602	1773085154.946
1700	400.000	0.014	400.001	0.974	2.525	1773085155.199
1701	400.000	0.022	399.999	0.910	2.519	1773085155.499
1702	400.000	-0.012	399.998	0.942	2.554	1773085155.834
1703	400.000	-0.008	399.998	0.908	2.491	1773085156.132
1704	400.000	-0.005	399.995	0.945	2.517	1773085156.432
1705	400.000	-0.001	399.998	0.925	2.552	1773085156.756
1706	400.000	0.009	400.000	0.933	2.571	1773085157.085
1707	400.000	0.012	400.000	0.954	2.671	1773085157.377
1708	400.000	0.033	400.005	0.928	2.572	1773085157.685
1709	400.000	0.002	400.001	0.915	2.566	1773085157.997
1710	400.000	-0.007	400.001	0.890	2.512	1773085158.308
1711	400.000	0.011	400.001	0.940	2.682	1773085158.571
1712	400.000	-0.004	400.003	0.939	2.546	1773085158.881
1713	400.000	-0.000	400.000	0.948	2.556	1773085159.144
1714	400.000	-0.002	400.001	0.914	2.616	1773085159.440
1715	400.000	-0.024	400.001	0.955	2.555	1773085159.735
1716	400.000	0.008	400.002	0.953	2.544	1773085160.000
1717	400.000	-0.010	399.999	0.962	2.548	1773085160.323
1718	400.000	0.020	399.999	0.951	2.569	1773085160.631
1719	400.000	0.009	399.998	0.920	2.465	1773085160.942
1720	400.000	0.005	400.002	0.967	2.589	1773085161.272
1721	400.000	0.010	400.003	0.920	2.455	1773085161.583
1722	400.000	0.023	399.999	0.936	2.462	1773085161.871
1723	400.000	-0.004	400.003	0.967	2.556	1773085162.167
1724	400.000	0.019	400.001	0.913	2.511	1773085162.435
1725	400.000	-0.006	400.003	0.906	2.583	1773085162.687
1726	400.000	0.004	400.001	0.987	2.527	1773085162.963
1727	400.000	-0.042	400.002	0.971	2.509	1773085163.222
1728	400.000	0.005	399.998	0.983	2.538	1773085163.478
1729	400.000	-0.009	400.001	0.906	2.524	1773085163.729
1730	400.000	-0.025	399.998	0.915	2.565	1773085163.975
1731	400.000	-0.059	400.000	0.956	2.572	1773085164.226
1732	400.000	-0.013	400.003	0.964	2.538	1773085164.550
1733	400.000	-0.014	400.003	0.918	2.531	1773085164.797
1734	400.000	-0.001	399.996	0.986	2.510	1773085165.123
1735	400.000	-0.029	400.000	0.968	2.503	1773085165.424
1736	400.000	0.004	399.998	0.913	2.477	1773085165.746
1737	400.000	0.019	400.004	0.930	2.552	1773085166.031
1738	400.000	-0.031	400.004	0.922	2.543	1773085166.624
1739	400.000	0.001	399.998	0.970	2.501	1773085166.890
1740	400.000	0.015	400.001	0.912	2.478	1773085167.192
1741	400.000	0.014	400.000	0.964	2.440	1773085167.507
1742	400.000	0.014	400.000	0.972	2.566	1773085167.799
1743	400.000	-0.013	400.004	0.925	2.612	1773085168.116
1744	400.000	-0.019	400.000	0.896	2.520	1773085168.423
1745	400.000	-0.005	399.998	0.896	2.553	1773085168.691
1746	400.000	-0.014	400.001	0.910	2.615	1773085168.968
1747	400.000	-0.013	400.000	0.922	2.470	1773085169.256
1748	400.000	0.028	400.000	0.915	2.478	1773085169.535
1749	400.000	-0.005	399.996	0.982	2.366	1773085169.810
1750	400.000	0.005	400.000	0.902	2.416	1773085170.127
1751	400.000	-0.006	400.003	0.843	2.327	1773085170.430
1752	400.000	0.026	399.999	0.855	2.455	1773085170.769
1753	400.000	-0.011	399.998	0.955	2.486	1773085171.053
1754	400.000	0.034	400.004	0.929	2.419	1773085171.367
1755	400.000	0.006	400.001	0.925	2.448	1773085171.675
1756	400.000	-0.007	400.001	0.841	2.478	1773085171.953
