Point No.	Frequency Set (GHz)	THz Photocurrent (nA)	Frequency Act (GHz)	Amplitude (via StrMod)	Phase (via StrMod)	Timestamp (s)
1	400.000	-0.001	399.997	0.616	2.302	1773269457.037
2	400.000	-0.037	400.000	0.652	2.418	1773269457.286
3	400.000	-0.004	399.999	0.522	2.121	1773269457.565
4	400.000	-0.025	399.999	0.492	2.148	1773269457.882
5	400.000	0.012	399.999	0.411	2.124	1773269458.180
6	400.000	-0.016	400.001	0.555	2.221	1773269458.453
7	400.000	-0.019	400.002	0.521	2.270	1773269458.730
8	400.000	-0.005	399.998	0.639	2.048	1773269459.054
9	400.000	0.026	399.999	0.626	2.221	1773269459.333
10	400.000	-0.022	400.001	0.538	2.244	1773269459.598
11	400.000	-0.003	400.000	0.488	2.156	1773269459.919
12	400.000	0.011	400.001	0.542	2.219	1773269460.193
13	400.000	-0.010	399.999	0.415	2.401	1773269460.462
14	400.000	-0.011	399.999	0.521	2.424	1773269460.699
15	400.000	-0.009	399.997	0.600	2.321	1773269460.968
16	400.000	0.013	399.998	0.462	2.129	1773269461.204
17	400.000	-0.018	400.001	0.464	2.416	1773269461.435
18	400.000	-0.004	399.999	0.591	2.191	1773269461.709
19	400.000	0.002	400.001	0.552	2.482	1773269461.991
20	400.000	0.015	399.999	0.527	2.118	1773269462.272
21	400.000	0.002	400.002	0.518	2.273	1773269462.522
22	400.000	-0.014	400.002	0.537	2.112	1773269462.793
23	400.000	0.002	400.001	0.594	2.412	1773269463.027
24	400.000	0.014	399.999	0.613	2.293	1773269463.303
25	400.000	-0.023	400.001	0.393	2.199	1773269463.612
26	400.000	0.001	399.998	0.564	2.196	1773269463.932
27	400.000	0.023	399.997	0.513	2.266	1773269464.211
28	400.000	0.006	399.998	0.565	2.315	1773269464.481
29	400.000	0.025	400.003	0.562	2.173	1773269464.793
30	400.000	0.008	399.998	0.518	2.292	1773269465.086
31	400.000	0.013	400.000	0.435	2.087	1773269465.347
32	400.000	0.004	400.002	0.666	2.279	1773269465.592
33	400.000	-0.005	400.001	0.520	2.314	1773269465.919
34	400.000	0.026	400.000	0.523	2.317	1773269466.233
35	400.000	-0.018	400.002	0.116	5.048	1773269466.539
36	400.000	-0.020	400.001	0.545	2.196	1773269466.796
37	400.000	0.002	400.000	0.506	2.477	1773269467.034
38	400.000	0.005	399.999	0.350	2.212	1773269467.295
39	400.000	-0.018	400.000	0.443	2.664	1773269467.548
40	400.000	0.013	399.999	0.438	2.509	1773269467.833
41	400.000	0.002	400.001	0.382	2.531	1773269468.099
42	400.000	-0.010	400.000	0.386	2.305	1773269468.361
43	400.000	0.025	399.997	0.465	2.167	1773269468.672
44	400.000	-0.001	400.002	0.086	3.774	1773269468.983
45	400.000	-0.007	399.998	0.237	4.569	1773269469.228
46	400.000	-0.054	399.999	0.119	2.310	1773269469.467
47	400.000	-0.036	400.000	0.449	2.282	1773269469.746
48	400.000	-0.022	399.999	0.748	1.946	1773269470.032
49	400.000	0.012	400.000	0.731	2.070	1773269470.290
50	400.000	0.015	399.999	0.735	1.853	1773269470.555
51	400.000	-0.021	400.000	0.222	1.959	1773269470.829
52	400.000	-0.010	399.998	0.143	0.531	1773269471.102
53	400.000	0.007	400.002	0.398	5.627	1773269471.332
54	400.000	0.006	400.000	0.759	5.335	1773269471.607
55	400.000	-0.034	400.002	0.890	5.353	1773269471.884
56	400.000	-0.018	400.001	0.930	5.403	1773269472.160
57	400.000	-0.037	400.001	0.664	5.215	1773269472.390
58	400.000	-0.026	400.001	0.501	4.916	1773269472.660
59	400.000	0.005	400.000	0.328	4.856	1773269472.902
60	400.000	0.045	400.000	0.241	3.215	1773269473.177
61	400.000	-0.005	399.999	0.458	2.222	1773269473.466
62	400.000	-0.010	400.000	0.720	2.134	1773269473.732
63	400.000	0.046	400.002	0.814	1.909	1773269474.051
64	400.000	-0.014	400.001	0.496	1.795	1773269474.369
65	400.000	0.008	400.000	0.216	1.608	1773269474.651
66	400.000	0.038	400.002	0.256	5.760	1773269474.926
67	400.000	-0.050	399.999	0.513	5.266	1773269475.217
68	400.000	0.014	399.999	0.860	5.378	1773269475.475
69	400.000	-0.024	400.002	1.004	5.302	1773269475.739
70	400.000	-0.024	400.007	0.900	5.244	1773269476.017
71	400.000	-0.012	399.999	0.594	5.267	1773269476.293
72	400.000	-0.020	399.996	0.327	5.252	1773269476.609
73	400.000	-0.015	399.999	0.296	3.231	1773269476.924
74	400.000	0.013	399.999	0.603	2.213	1773269477.229
75	400.000	-0.003	400.004	0.753	1.907	1773269477.553
76	400.000	0.016	400.001	0.749	1.997	1773269477.847
77	400.000	0.005	400.000	0.501	1.875	1773269478.094
78	400.000	-0.002	399.996	0.111	0.574	1773269478.362
79	400.000	0.013	400.000	0.152	5.189	1773269478.666
80	400.000	0.033	400.000	0.601	5.482	1773269478.974
81	400.000	0.002	400.001	0.780	5.118	1773269479.214
82	400.000	-0.013	400.001	0.867	5.237	1773269479.478
83	400.000	-0.006	400.002	0.848	5.189	1773269479.775
84	400.000	-0.017	399.999	0.611	5.201	1773269480.010
85	400.000	0.015	399.998	0.236	4.737	1773269480.278
86	400.000	-0.008	400.003	0.186	3.448	1773269480.530
87	400.000	-0.022	400.000	0.435	2.226	1773269480.784
88	400.000	-0.001	399.999	0.767	2.104	1773269481.039
89	400.000	0.022	399.999	0.628	1.878	1773269481.279
90	400.000	0.031	400.002	0.670	1.982	1773269481.545
91	400.000	-0.014	400.001	0.452	1.743	1773269481.821
92	400.000	-0.002	399.998	0.142	1.220	1773269482.091
93	400.000	-0.033	400.002	0.314	5.333	1773269482.333
94	400.000	0.010	399.998	0.375	5.530	1773269482.589
95	400.000	-0.008	399.999	0.739	5.278	1773269482.839
96	400.000	-0.021	400.000	0.905	5.206	1773269483.108
97	400.000	0.010	400.003	0.793	5.120	1773269483.428
98	400.000	-0.016	400.001	0.705	5.054	1773269483.700
99	400.000	0.022	399.998	0.351	4.912	1773269483.969
100	400.000	-0.001	400.003	0.213	3.394	1773269484.221
101	400.000	-0.008	400.003	0.337	2.187	1773269484.497
102	400.000	0.011	400.000	0.698	2.211	1773269484.748
103	400.000	-0.004	399.998	0.764	2.000	1773269485.069
104	400.000	-0.018	400.001	0.602	1.884	1773269485.395
105	400.000	0.004	400.002	0.412	1.868	1773269485.671
106	400.000	-0.013	400.001	0.212	0.124	1773269485.935
107	400.000	0.019	400.000	0.236	5.208	1773269486.166
108	400.000	-0.002	399.999	0.667	5.060	1773269486.446
109	400.000	-0.022	399.999	0.880	5.182	1773269486.742
110	400.000	0.012	400.001	0.821	5.041	1773269486.982
111	400.000	-0.023	399.999	0.869	4.957	1773269487.246
112	400.000	-0.018	400.001	0.562	4.912	1773269487.549
113	400.000	0.013	399.998	0.341	4.232	1773269487.805
114	400.000	-0.010	400.003	0.181	3.139	1773269488.051
115	400.000	-0.037	400.000	0.326	2.309	1773269488.295
116	400.000	0.005	400.004	0.644	2.032	1773269488.572
117	400.000	-0.001	400.001	0.822	2.016	1773269488.818
118	400.000	0.005	399.998	0.644	1.883	1773269489.093
119	400.000	-0.010	399.998	0.363	1.791	1773269489.389
120	400.000	0.014	400.001	0.166	0.860	1773269489.617
121	400.000	-0.013	399.999	0.326	5.346	1773269489.883
122	400.000	-0.039	399.998	0.450	5.307	1773269490.126
123	400.000	0.003	400.002	0.731	5.277	1773269490.387
124	400.000	-0.034	400.001	0.858	5.282	1773269490.642
125	400.000	0.022	399.997	0.820	5.348	1773269490.965
126	400.000	0.003	400.002	0.584	5.208	1773269491.258
127	400.000	0.023	400.001	0.260	4.881	1773269491.508
128	400.000	-0.027	400.002	0.237	2.850	1773269491.820
129	400.000	-0.023	400.001	0.486	2.264	1773269492.137
130	400.000	-0.002	399.996	0.834	2.113	1773269492.438
131	400.000	0.001	400.003	0.699	1.878	1773269492.705
132	400.000	0.024	399.999	0.470	1.859	1773269492.930
133	400.000	0.014	399.997	0.275	2.176	1773269493.206
134	400.000	-0.027	400.001	0.321	5.428	1773269493.528
135	400.000	0.000	400.000	0.634	5.334	1773269493.805
136	400.000	-0.003	400.001	0.764	5.157	1773269494.088
137	400.000	0.006	399.998	0.853	5.117	1773269494.378
138	400.000	0.006	400.002	0.762	5.299	1773269494.635
139	400.000	-0.003	399.999	0.621	4.934	1773269494.908
140	400.000	0.014	400.001	0.199	4.913	1773269495.188
141	400.000	0.005	400.000	0.250	2.910	1773269495.450
142	400.000	-0.022	400.001	0.462	2.149	1773269495.677
143	400.000	-0.020	400.001	0.729	2.193	1773269495.940
144	400.000	-0.001	400.001	0.711	1.960	1773269496.202
145	400.000	0.006	400.001	0.595	1.993	1773269496.428
146	400.000	0.027	400.002	0.482	1.696	1773269496.698
147	400.000	-0.001	400.001	0.235	1.309	1773269496.932
148	400.000	-0.017	400.001	0.240	5.349	1773269497.199
149	400.000	0.021	399.998	0.443	5.354	1773269497.425
150	400.000	0.005	400.000	0.753	5.348	1773269497.689
151	400.000	0.001	400.000	0.854	5.245	1773269497.940
152	400.000	0.003	400.006	0.776	5.299	1773269498.193
153	400.000	0.022	400.002	0.704	5.208	1773269498.443
154	400.000	0.017	400.000	0.542	4.998	1773269498.716
155	400.000	0.022	399.997	0.200	3.816	1773269498.971
156	400.000	0.015	400.000	0.269	2.320	1773269499.308
157	400.000	-0.005	399.997	0.626	2.039	1773269499.595
158	400.000	-0.033	400.000	0.771	2.011	1773269499.895
159	400.000	-0.043	400.000	0.585	2.039	1773269500.148
160	400.000	0.017	400.002	0.438	1.551	1773269500.396
161	400.000	-0.006	400.001	0.030	1.889	1773269500.721
162	400.000	0.020	399.998	0.310	5.319	1773269500.962
163	400.000	-0.028	399.997	0.781	5.451	1773269501.217
164	400.000	0.006	399.998	0.836	5.332	1773269501.468
165	400.000	-0.003	399.997	0.869	5.189	1773269501.737
166	400.000	0.011	399.996	0.804	5.223	1773269502.042
167	400.000	-0.022	400.001	0.717	5.093	1773269502.293
168	400.000	-0.015	399.997	0.442	4.974	1773269502.515
169	400.000	0.001	400.001	0.108	3.879	1773269502.800
170	400.000	0.027	400.000	0.414	2.592	1773269503.120
171	400.000	-0.013	400.001	0.630	2.106	1773269503.389
172	400.000	0.012	400.001	0.793	1.895	1773269503.671
173	400.000	-0.046	400.000	0.616	1.780	1773269503.891
174	400.000	-0.002	400.002	0.288	1.745	1773269504.179
175	400.000	-0.004	399.996	0.160	5.947	1773269504.483
176	400.000	0.005	400.001	0.466	5.424	1773269504.778
177	400.000	-0.002	399.999	0.655	5.239	1773269505.042
178	400.000	0.029	400.000	0.707	5.328	1773269505.279
179	400.000	-0.002	400.000	0.877	5.194	1773269505.546
180	400.000	-0.013	399.999	0.695	4.987	1773269505.856
181	400.000	0.008	400.001	0.386	4.792	1773269506.156
182	400.000	-0.033	399.999	0.136	2.848	1773269506.470
183	400.000	-0.013	400.001	0.599	2.066	1773269506.731
184	400.000	0.020	399.998	0.777	2.081	1773269506.996
185	400.000	0.011	399.997	0.734	1.936	1773269507.299
186	400.000	-0.020	399.999	0.581	1.843	1773269507.617
187	400.000	0.010	400.001	0.234	0.765	1773269507.906
188	400.000	0.017	400.000	0.279	6.020	1773269508.229
189	400.000	-0.012	400.000	0.297	5.433	1773269508.476
190	400.000	0.008	400.000	0.688	5.231	1773269508.726
191	400.000	0.011	400.003	0.873	5.215	1773269508.953
192	400.000	0.010	399.998	0.759	5.197	1773269509.226
193	400.000	-0.011	400.002	0.599	5.257	1773269509.474
194	400.000	0.012	399.996	0.368	4.928	1773269509.777
195	400.000	0.019	400.001	0.198	3.595	1773269510.040
196	400.000	0.007	399.997	0.246	2.501	1773269510.290
197	400.000	0.010	399.997	0.464	2.186	1773269510.540
198	400.000	0.042	399.999	0.683	1.862	1773269510.794
199	400.000	0.020	400.000	0.708	1.860	1773269511.111
200	400.000	-0.001	399.998	0.558	1.635	1773269511.404
201	400.000	0.009	400.000	0.166	0.856	1773269511.672
202	400.000	0.005	400.000	0.221	0.033	1773269511.957
203	400.000	-0.010	399.999	0.585	5.393	1773269512.227
204	400.000	-0.012	399.998	0.768	5.271	1773269512.488
205	400.000	0.045	399.998	0.809	5.307	1773269512.804
206	400.000	0.022	399.998	0.812	5.226	1773269513.112
207	400.000	0.008	399.998	0.563	5.086	1773269513.422
208	400.000	-0.000	400.001	0.336	4.608	1773269513.732
209	400.000	0.009	400.004	0.265	2.538	1773269514.047
210	400.000	-0.009	399.998	0.473	2.558	1773269514.327
211	400.000	0.018	400.003	0.814	2.014	1773269514.598
212	400.000	0.019	400.000	0.727	1.900	1773269514.850
213	400.000	-0.031	400.003	0.470	1.627	1773269515.160
214	400.000	-0.005	399.999	0.237	1.183	1773269515.389
215	400.000	0.012	400.000	0.210	5.630	1773269515.657
216	400.000	-0.010	400.002	0.608	5.253	1773269515.895
217	400.000	-0.000	400.002	0.600	5.446	1773269516.161
218	400.000	0.031	400.000	0.841	5.362	1773269516.416
219	400.000	0.005	400.002	0.780	5.198	1773269516.732
220	400.000	-0.022	400.001	0.574	4.982	1773269516.968
221	400.000	0.000	400.001	0.453	5.148	1773269517.223
222	400.000	0.005	399.997	0.143	4.851	1773269517.488
223	400.000	0.024	400.001	0.400	2.275	1773269517.789
224	400.000	-0.002	400.000	0.563	2.050	1773269518.029
225	400.000	0.013	399.998	0.739	1.977	1773269518.283
226	400.000	0.004	400.001	0.660	2.038	1773269518.601
227	400.000	-0.024	399.999	0.477	1.775	1773269518.855
228	400.000	-0.031	400.000	0.285	1.354	1773269519.121
229	400.000	0.054	400.001	0.244	5.056	1773269519.365
230	400.000	0.025	399.998	0.577	5.333	1773269519.634
231	400.000	0.030	399.998	0.786	5.305	1773269519.929
232	400.000	-0.039	400.002	0.885	5.102	1773269520.189
233	400.000	0.010	400.000	0.800	5.196	1773269520.482
234	400.000	-0.017	399.998	0.633	5.134	1773269520.725
235	400.000	-0.038	400.000	0.449	4.772	1773269520.994
236	400.000	0.003	400.003	0.122	2.594	1773269521.321
237	400.000	0.007	399.996	0.484	2.276	1773269521.632
238	400.000	0.013	400.001	0.659	2.032	1773269521.952
239	400.000	-0.008	400.003	0.714	1.745	1773269522.196
240	400.000	-0.014	400.002	0.586	1.698	1773269522.499
241	400.000	-0.024	400.003	0.291	1.182	1773269522.797
242	400.000	0.020	400.002	0.209	5.767	1773269523.056
243	400.000	-0.043	400.000	0.440	5.268	1773269523.333
244	400.000	-0.004	399.997	0.687	5.273	1773269523.596
245	400.000	-0.002	400.002	0.907	5.239	1773269523.881
246	400.000	-0.010	399.999	0.781	5.266	1773269524.153
247	400.000	-0.041	400.001	0.479	5.192	1773269524.471
248	400.000	-0.006	400.004	0.401	4.784	1773269524.796
249	400.000	-0.006	399.998	0.278	2.672	1773269525.078
250	400.000	-0.019	400.001	0.461	2.228	1773269525.350
251	400.000	0.006	400.000	0.754	2.016	1773269525.627
252	400.000	-0.007	400.003	0.735	2.009	1773269525.912
253	400.000	0.033	399.997	0.369	1.706	1773269526.216
254	400.000	0.029	399.999	0.229	1.413	1773269526.535
255	400.000	-0.023	400.000	0.316	5.543	1773269526.842
256	400.000	0.003	399.998	0.588	5.353	1773269527.165
257	400.000	0.016	400.000	0.803	5.332	1773269527.486
258	400.000	-0.015	400.000	0.789	5.257	1773269527.782
259	400.000	-0.016	400.003	0.760	5.170	1773269528.034
260	400.000	-0.001	400.001	0.362	5.079	1773269528.336
261	400.000	-0.002	400.001	0.042	3.821	1773269528.566
262	400.000	0.028	399.998	0.293	2.567	1773269528.872
263	400.000	-0.024	399.999	0.584	2.203	1773269529.158
264	400.000	0.020	400.000	0.605	2.076	1773269529.446
265	400.000	0.033	399.998	0.618	1.792	1773269529.715
266	400.000	0.012	400.001	0.519	1.584	1773269530.024
267	400.000	0.014	399.999	0.161	0.636	1773269530.326
268	400.000	-0.023	400.000	0.459	5.251	1773269530.633
269	400.000	-0.009	400.000	0.657	5.259	1773269530.894
270	400.000	-0.018	400.001	0.843	5.375	1773269531.174
271	400.000	-0.016	400.000	0.883	5.221	1773269531.462
272	400.000	0.030	399.999	0.898	5.151	1773269531.719
273	400.000	0.014	400.000	0.517	5.077	1773269532.038
274	400.000	0.035	400.003	0.174	4.192	1773269532.356
275	400.000	-0.015	399.998	0.360	2.386	1773269532.654
276	400.000	0.000	400.000	0.678	2.115	1773269532.969
277	400.000	-0.010	400.003	0.676	1.933	1773269533.253
278	400.000	-0.023	399.998	0.570	1.830	1773269533.505
279	400.000	0.005	399.999	0.524	1.424	1773269533.759
280	400.000	-0.020	400.001	0.239	0.026	1773269534.042
281	400.000	0.016	400.002	0.354	5.772	1773269534.323
282	400.000	-0.010	399.999	0.557	5.259	1773269534.586
283	400.000	-0.028	400.000	0.753	5.122	1773269534.885
284	400.000	-0.005	400.001	0.802	5.209	1773269535.162
285	400.000	0.052	399.996	0.741	5.173	1773269535.460
286	400.000	-0.019	400.003	0.392	5.048	1773269535.713
287	400.000	-0.004	399.998	0.165	4.170	1773269536.029
288	400.000	-0.007	400.003	0.272	2.505	1773269536.300
289	400.000	0.000	400.001	0.512	1.921	1773269536.582
290	400.000	0.027	400.000	0.699	1.871	1773269536.901
291	400.000	0.026	399.998	0.666	1.808	1773269537.146
292	400.000	-0.018	399.997	0.418	1.705	1773269537.398
293	400.000	-0.010	399.996	0.152	0.762	1773269537.653
294	400.000	-0.010	400.001	0.151	5.440	1773269537.895
295	400.000	-0.009	400.002	0.419	5.427	1773269538.144
296	400.000	-0.014	400.003	0.740	5.189	1773269538.456
297	400.000	-0.030	400.001	0.932	5.312	1773269538.722
298	400.000	0.001	399.997	0.816	5.248	1773269538.999
299	400.000	-0.017	399.997	0.622	5.209	1773269539.292
300	400.000	0.004	400.004	0.388	4.686	1773269539.613
301	400.000	-0.032	399.999	0.258	2.675	1773269539.888
302	400.000	0.012	400.000	0.439	2.278	1773269540.164
303	400.000	0.031	399.996	0.569	2.179	1773269540.478
304	400.000	0.004	399.999	0.765	1.897	1773269540.734
305	400.000	-0.008	400.000	0.476	1.799	1773269541.031
306	400.000	-0.009	399.997	0.274	1.749	1773269541.348
307	400.000	-0.001	400.002	0.163	5.765	1773269541.627
308	400.000	-0.038	399.999	0.550	5.480	1773269541.903
309	400.000	0.014	400.000	0.807	5.265	1773269542.220
310	400.000	-0.008	400.000	0.763	5.247	1773269542.533
311	400.000	0.012	399.998	0.682	5.343	1773269542.808
312	400.000	-0.024	399.999	0.600	4.987	1773269543.105
313	400.000	-0.009	399.995	0.293	4.496	1773269543.406
314	400.000	0.002	400.000	0.229	2.468	1773269543.704
315	400.000	0.012	399.999	0.478	2.251	1773269543.971
316	400.000	0.005	400.001	0.814	2.011	1773269544.268
317	400.000	-0.004	400.000	0.677	2.012	1773269544.529
318	400.000	0.009	399.999	0.415	1.683	1773269544.839
319	400.000	0.018	399.999	0.092	0.528	1773269545.151
320	400.000	0.010	400.003	0.315	5.266	1773269545.412
321	400.000	0.017	400.002	0.659	5.080	1773269545.723
322	400.000	0.002	400.001	0.771	5.245	1773269546.045
323	400.000	-0.017	399.997	0.888	5.214	1773269546.326
324	400.000	-0.004	400.002	0.625	5.161	1773269546.635
325	400.000	-0.038	399.997	0.624	4.941	1773269546.897
326	400.000	-0.005	399.995	0.198	4.876	1773269547.142
327	400.000	0.033	400.000	0.271	2.793	1773269547.410
328	400.000	0.010	400.003	0.536	2.258	1773269547.695
329	400.000	0.022	399.999	0.718	1.959	1773269547.983
330	400.000	0.014	399.999	0.710	1.966	1773269548.268
331	400.000	0.015	399.999	0.417	1.605	1773269548.570
332	400.000	0.007	399.997	0.127	0.682	1773269548.878
333	400.000	0.005	400.002	0.330	5.193	1773269549.144
334	400.000	0.001	399.997	0.641	5.348	1773269549.393
335	400.000	-0.028	399.998	0.778	5.265	1773269549.639
336	400.000	0.014	399.995	0.863	5.265	1773269549.940
337	400.000	0.038	400.001	0.775	5.187	1773269550.260
338	400.000	0.009	399.998	0.526	5.120	1773269550.560
339	400.000	0.000	400.003	0.227	4.403	1773269550.811
340	400.000	0.006	399.998	0.311	2.443	1773269551.047
341	400.000	0.011	400.001	0.451	2.272	1773269551.328
342	400.000	-0.015	399.996	0.783	1.878	1773269551.616
343	400.000	0.003	400.001	0.651	1.957	1773269551.873
344	400.000	-0.014	399.998	0.598	1.903	1773269552.176
345	400.000	0.015	399.998	0.325	1.515	1773269552.500
346	400.000	-0.020	400.003	0.285	5.334	1773269552.799
347	400.000	-0.025	400.000	0.558	5.302	1773269553.045
348	400.000	-0.004	399.997	0.823	5.154	1773269553.282
349	400.000	-0.006	399.997	0.882	5.301	1773269553.559
350	400.000	0.003	400.002	0.858	5.201	1773269553.809
351	400.000	-0.008	400.003	0.614	5.117	1773269554.095
352	400.000	0.004	400.006	0.287	4.961	1773269554.385
353	400.000	0.018	399.998	0.141	3.739	1773269554.670
354	400.000	0.009	399.998	0.336	2.380	1773269554.961
355	400.000	-0.053	400.001	0.727	2.158	1773269555.275
356	400.000	-0.006	399.997	0.848	1.951	1773269555.587
357	400.000	-0.016	400.003	0.464	1.816	1773269555.868
358	400.000	-0.019	400.003	0.528	1.394	1773269556.133
359	400.000	-0.038	400.000	0.268	0.235	1773269556.367
360	400.000	0.020	400.000	0.274	5.546	1773269556.641
361	400.000	0.038	400.005	0.634	5.467	1773269556.927
362	400.000	-0.019	400.001	0.909	5.229	1773269557.200
363	400.000	-0.008	400.001	0.861	5.188	1773269557.503
364	400.000	-0.020	400.000	0.655	5.320	1773269557.760
365	400.000	0.035	399.999	0.495	5.159	1773269558.025
366	400.000	0.011	399.999	0.225	4.376	1773269558.317
367	400.000	0.032	399.999	0.307	2.111	1773269558.624
368	400.000	0.003	400.004	0.571	2.031	1773269558.886
369	400.000	-0.004	400.002	0.745	1.917	1773269559.138
370	400.000	-0.010	400.000	0.691	1.787	1773269559.444
371	400.000	-0.012	400.001	0.467	1.849	1773269559.689
372	400.000	0.043	399.997	0.035	1.280	1773269560.025
373	400.000	0.011	399.999	0.358	5.713	1773269560.318
374	400.000	-0.009	400.003	0.742	5.444	1773269560.541
375	400.000	0.007	399.997	0.879	5.290	1773269560.834
376	400.000	-0.015	400.001	0.978	5.266	1773269561.134
377	400.000	0.007	399.998	0.837	5.343	1773269561.434
378	400.000	-0.011	399.995	0.440	4.942	1773269561.752
379	400.000	-0.007	400.001	0.166	4.051	1773269562.019
380	400.000	0.017	400.001	0.301	2.578	1773269562.300
381	400.000	-0.011	400.000	0.572	2.179	1773269562.569
382	400.000	0.025	400.000	0.561	1.901	1773269562.814
383	400.000	0.003	399.999	0.732	1.896	1773269563.082
384	400.000	-0.007	399.999	0.451	1.835	1773269563.389
385	400.000	-0.007	400.001	0.188	1.389	1773269563.651
386	400.000	0.007	400.001	0.186	6.135	1773269563.943
387	400.000	0.025	400.000	0.529	5.316	1773269564.188
388	400.000	0.009	400.002	0.859	5.351	1773269564.457
389	400.000	0.015	400.001	0.768	5.209	1773269564.735
390	400.000	-0.003	400.003	0.752	5.111	1773269565.011
391	400.000	0.034	400.000	0.697	5.117	1773269565.336
392	400.000	0.008	400.001	0.225	5.136	1773269565.648
393	400.000	-0.010	399.998	0.218	2.954	1773269565.941
394	400.000	0.003	400.000	0.480	2.157	1773269566.204
395	400.000	0.009	399.999	0.716	2.049	1773269566.482
396	400.000	0.014	400.002	0.679	1.896	1773269566.752
397	400.000	0.026	400.000	0.653	1.827	1773269567.004
398	400.000	0.028	400.000	0.164	1.861	1773269567.317
399	400.000	0.020	400.003	0.150	5.444	1773269567.584
400	400.000	0.004	400.001	0.504	5.230	1773269567.841
401	400.000	0.004	399.998	0.654	5.227	1773269568.090
402	400.000	-0.039	400.000	0.882	5.275	1773269568.338
403	400.000	0.005	400.003	0.792	5.443	1773269568.593
404	400.000	-0.005	399.997	0.721	5.263	1773269568.875
405	400.000	0.034	400.002	0.461	4.901	1773269569.170
406	400.000	-0.040	400.003	0.099	4.633	1773269569.441
407	400.000	0.021	399.996	0.283	2.304	1773269569.715
408	400.000	-0.007	400.005	0.592	2.090	1773269569.939
409	400.000	-0.018	400.000	0.729	1.982	1773269570.214
410	400.000	-0.005	400.000	0.715	1.915	1773269570.464
411	400.000	-0.007	400.000	0.553	1.860	1773269570.764
412	400.000	-0.004	399.999	0.381	1.555	1773269571.009
413	400.000	0.003	400.000	0.062	5.921	1773269571.272
414	400.000	-0.006	399.998	0.414	5.496	1773269571.509
415	400.000	0.012	400.002	0.781	5.465	1773269571.785
416	400.000	-0.001	399.998	0.837	5.285	1773269572.100
417	400.000	0.024	400.002	0.798	5.231	1773269572.378
418	400.000	-0.029	399.999	0.617	5.264	1773269572.647
419	400.000	-0.011	400.003	0.388	5.281	1773269572.892
420	400.000	-0.025	399.996	0.183	4.625	1773269573.154
421	400.000	-0.010	400.000	0.386	2.533	1773269573.440
422	400.000	-0.019	399.999	0.670	2.160	1773269573.705
423	400.000	0.046	400.003	0.721	1.884	1773269573.957
424	400.000	0.017	400.000	0.659	1.862	1773269574.218
425	400.000	-0.012	399.997	0.557	1.944	1773269574.474
426	400.000	-0.006	400.000	0.276	1.814	1773269574.750
427	400.000	0.035	399.997	0.165	6.009	1773269575.040
428	400.000	-0.013	400.003	0.492	5.245	1773269575.288
429	400.000	-0.039	399.998	0.811	5.314	1773269575.534
430	400.000	-0.017	399.997	0.908	5.292	1773269575.857
431	400.000	0.002	400.007	0.800	5.250	1773269576.166
432	400.000	-0.026	399.998	0.564	5.142	1773269576.482
433	400.000	0.003	399.998	0.285	4.708	1773269576.803
434	400.000	-0.022	400.000	0.297	2.592	1773269577.082
435	400.000	0.016	400.001	0.492	2.161	1773269577.363
436	400.000	-0.014	399.999	0.656	2.040	1773269577.606
437	400.000	0.009	399.999	0.736	1.905	1773269577.864
438	400.000	0.013	399.998	0.758	1.895	1773269578.106
439	400.000	-0.004	399.998	0.413	2.031	1773269578.373
440	400.000	0.005	399.996	0.039	0.477	1773269578.612
441	400.000	-0.030	399.999	0.305	5.618	1773269578.873
442	400.000	-0.032	400.002	0.482	5.319	1773269579.169
443	400.000	0.011	400.004	0.850	5.239	1773269579.440
444	400.000	-0.009	400.001	0.794	5.331	1773269579.727
445	400.000	-0.007	400.002	0.780	5.064	1773269579.991
446	400.000	0.039	400.002	0.530	5.238	1773269580.310
447	400.000	-0.012	400.003	0.076	4.915	1773269580.550
448	400.000	0.014	399.999	0.248	2.654	1773269580.808
449	400.000	-0.009	400.001	0.318	2.142	1773269581.062
450	400.000	0.001	399.999	0.666	2.099	1773269581.327
451	400.000	0.000	400.002	0.652	1.893	1773269581.607
452	400.000	-0.007	399.998	0.357	1.763	1773269581.867
453	400.000	-0.006	400.000	0.276	1.735	1773269582.118
454	400.000	-0.003	400.002	0.076	0.231	1773269582.361
455	400.000	0.031	400.004	0.357	5.149	1773269582.633
456	400.000	0.007	400.001	0.630	5.159	1773269582.951
457	400.000	-0.003	400.000	0.695	5.293	1773269583.247
458	400.000	0.014	400.001	0.754	5.191	1773269583.497
459	400.000	0.008	400.003	0.684	5.100	1773269583.799
460	400.000	0.008	400.003	0.399	5.243	1773269584.044
461	400.000	0.004	400.000	0.109	4.239	1773269584.291
462	400.000	-0.007	400.000	0.210	2.820	1773269584.546
463	400.000	0.002	400.003	0.529	2.105	1773269584.814
464	400.000	-0.014	400.000	0.645	1.949	1773269585.096
465	400.000	-0.002	400.002	0.758	1.788	1773269585.360
466	400.000	0.017	400.003	0.462	1.929	1773269585.604
467	400.000	0.025	399.998	0.195	1.571	1773269585.873
468	400.000	0.000	400.000	0.202	5.534	1773269586.185
469	400.000	0.006	400.000	0.412	5.420	1773269586.439
470	400.000	-0.005	400.001	0.606	5.393	1773269586.667
471	400.000	-0.002	400.000	0.732	5.206	1773269586.953
472	400.000	0.026	399.996	0.977	5.211	1773269587.212
473	400.000	-0.006	400.000	0.733	5.160	1773269587.515
474	400.000	0.010	400.000	0.424	5.205	1773269587.838
475	400.000	-0.005	400.000	0.289	4.717	1773269588.140
476	400.000	-0.016	399.998	0.255	1.960	1773269588.458
477	400.000	-0.042	400.001	0.542	2.154	1773269588.785
478	400.000	-0.007	400.002	0.742	1.890	1773269589.063
479	400.000	-0.012	400.000	0.593	1.907	1773269589.323
480	400.000	-0.019	400.000	0.394	1.805	1773269589.566
481	400.000	0.004	400.000	0.159	0.243	1773269589.830
482	400.000	0.001	399.998	0.353	5.569	1773269590.134
483	400.000	0.018	400.000	0.496	5.125	1773269590.455
484	400.000	-0.016	400.001	0.756	5.355	1773269590.728
485	400.000	0.014	400.001	0.767	5.167	1773269591.012
486	400.000	-0.012	400.004	0.647	5.159	1773269591.275
487	400.000	0.012	399.999	0.518	5.081	1773269591.521
488	400.000	-0.006	400.000	0.269	4.745	1773269591.776
489	400.000	0.006	399.999	0.288	2.635	1773269592.089
490	400.000	0.006	399.998	0.595	2.044	1773269592.367
491	400.000	0.012	400.003	0.698	1.928	1773269592.663
492	400.000	-0.016	400.001	0.601	1.900	1773269592.956
493	400.000	0.006	399.999	0.264	1.727	1773269593.228
494	400.000	0.031	400.001	0.141	1.975	1773269593.518
495	400.000	-0.002	400.000	0.267	5.896	1773269593.762
496	400.000	0.007	399.998	0.523	5.306	1773269594.037
497	400.000	-0.008	400.004	0.902	5.285	1773269594.345
498	400.000	0.034	400.002	0.812	5.270	1773269594.654
499	400.000	0.025	400.001	0.738	5.352	1773269594.968
500	400.000	0.033	399.999	0.389	5.229	1773269595.268
501	400.000	0.001	400.001	0.199	4.360	1773269595.514
502	400.000	-0.001	400.001	0.288	2.563	1773269595.780
503	400.000	0.008	399.999	0.578	2.046	1773269596.095
504	400.000	-0.003	400.001	0.637	2.165	1773269596.341
505	400.000	0.018	400.002	0.686	2.082	1773269596.569
506	400.000	0.003	399.999	0.492	1.667	1773269596.831
507	400.000	-0.010	400.001	0.190	1.584	1773269597.076
508	400.000	-0.004	399.999	0.166	0.022	1773269597.334
509	400.000	0.023	400.002	0.428	5.314	1773269597.590
510	400.000	0.001	399.997	0.773	5.382	1773269597.898
511	400.000	0.016	399.998	0.821	5.358	1773269598.127
512	400.000	0.004	399.998	0.737	5.322	1773269598.411
513	400.000	-0.004	400.001	0.716	5.328	1773269598.706
514	400.000	0.024	400.002	0.348	5.202	1773269598.974
515	400.000	-0.031	399.998	0.086	3.744	1773269599.285
516	400.000	-0.039	399.999	0.313	2.337	1773269599.601
517	400.000	-0.027	399.999	0.569	2.108	1773269599.886
518	400.000	-0.021	399.998	0.654	2.016	1773269600.174
519	400.000	-0.026	399.999	0.611	1.791	1773269600.461
520	400.000	-0.002	400.002	0.398	1.674	1773269600.708
521	400.000	-0.002	399.999	0.178	1.324	1773269600.972
522	400.000	-0.001	399.998	0.368	5.589	1773269601.247
523	400.000	0.017	399.997	0.615	5.594	1773269601.558
524	400.000	-0.009	399.999	0.720	5.339	1773269601.859
525	400.000	-0.001	400.000	0.653	5.319	1773269602.158
526	400.000	0.001	399.997	0.650	5.303	1773269602.477
527	400.000	-0.000	400.000	0.398	5.134	1773269602.794
528	400.000	-0.011	400.002	0.086	5.095	1773269603.036
529	400.000	-0.003	399.999	0.201	2.657	1773269603.286
530	400.000	-0.021	400.000	0.509	2.186	1773269603.511
531	400.000	0.023	400.002	0.659	2.150	1773269603.779
532	400.000	0.022	400.000	0.720	2.012	1773269604.023
533	400.000	0.027	400.000	0.434	1.896	1773269604.290
534	400.000	0.006	400.004	0.172	1.634	1773269604.537
535	400.000	0.004	399.998	0.161	6.107	1773269604.793
536	400.000	0.021	400.003	0.445	5.340	1773269605.104
537	400.000	-0.037	400.003	0.758	5.292	1773269605.379
538	400.000	0.014	399.997	0.818	5.375	1773269605.702
539	400.000	-0.024	399.998	0.685	5.352	1773269606.003
540	400.000	0.013	400.003	0.625	5.152	1773269606.276
541	400.000	0.000	400.001	0.248	5.505	1773269606.565
542	400.000	0.002	400.000	0.147	2.573	1773269606.813
543	400.000	0.001	399.999	0.382	2.243	1773269607.087
544	400.000	-0.012	400.002	0.609	2.031	1773269607.375
545	400.000	-0.019	400.001	0.619	1.937	1773269607.639
546	400.000	-0.003	400.001	0.580	1.941	1773269607.967
547	400.000	-0.017	400.002	0.259	2.118	1773269608.252
548	400.000	-0.022	399.998	0.171	5.465	1773269608.510
549	400.000	-0.013	399.998	0.265	5.697	1773269608.767
550	400.000	-0.009	400.000	0.727	5.417	1773269609.071
551	400.000	0.011	400.000	0.838	5.277	1773269609.321
552	400.000	-0.015	400.000	0.841	5.384	1773269609.558
553	400.000	-0.020	400.001	0.822	5.346	1773269609.826
554	400.000	0.003	400.002	0.339	4.988	1773269610.124
555	400.000	-0.030	400.000	0.179	4.406	1773269610.435
556	400.000	0.041	399.999	0.258	2.085	1773269610.695
557	400.000	0.018	399.999	0.555	2.232	1773269610.999
558	400.000	0.025	400.004	0.695	1.921	1773269611.269
559	400.000	0.004	399.996	0.588	1.854	1773269611.500
560	400.000	0.001	400.000	0.283	1.944	1773269611.785
561	400.000	0.012	399.998	0.163	1.319	1773269612.010
562	400.000	-0.038	400.000	0.160	5.954	1773269612.282
563	400.000	-0.003	399.996	0.567	5.382	1773269612.602
564	400.000	-0.013	399.997	0.648	5.270	1773269612.898
565	400.000	0.000	399.998	0.808	5.320	1773269613.163
566	400.000	0.004	400.000	0.807	5.291	1773269613.458
567	400.000	-0.026	399.998	0.695	5.371	1773269613.704
568	400.000	0.050	400.002	0.410	5.025	1773269613.947
569	400.000	0.010	400.000	0.026	5.983	1773269614.233
570	400.000	0.039	400.002	0.312	2.167	1773269614.529
571	400.000	0.006	399.999	0.540	1.905	1773269614.842
572	400.000	0.010	399.998	0.674	2.094	1773269615.153
573	400.000	-0.025	399.997	0.436	2.027	1773269615.453
574	400.000	0.001	399.996	0.148	1.676	1773269615.710
575	400.000	-0.015	399.998	0.126	0.047	1773269615.956
576	400.000	-0.011	399.996	0.353	5.428	1773269616.208
577	400.000	0.009	400.002	0.635	5.599	1773269616.474
578	400.000	0.002	400.003	0.851	5.175	1773269616.770
579	400.000	-0.002	399.998	0.816	5.164	1773269617.018
580	400.000	0.002	400.000	0.577	5.315	1773269617.262
581	400.000	0.023	400.001	0.436	4.992	1773269617.585
582	400.000	-0.001	400.000	0.170	4.328	1773269617.896
583	400.000	-0.030	399.999	0.369	2.478	1773269618.159
584	400.000	0.022	400.002	0.594	2.333	1773269618.435
585	400.000	-0.008	399.998	0.725	1.946	1773269618.722
586	400.000	0.014	400.000	0.658	1.743	1773269618.966
587	400.000	0.042	399.998	0.326	2.155	1773269619.238
588	400.000	-0.008	399.999	0.177	1.356	1773269619.519
589	400.000	0.012	400.000	0.288	5.424	1773269619.793
590	400.000	-0.014	400.000	0.439	5.396	1773269620.029
591	400.000	0.011	400.001	0.579	5.433	1773269620.295
592	400.000	-0.020	399.999	0.814	5.395	1773269620.603
593	400.000	0.018	400.000	0.746	5.221	1773269620.893
594	400.000	0.006	400.000	0.552	5.174	1773269621.149
595	400.000	0.045	400.000	0.472	5.363	1773269621.409
596	400.000	0.003	399.998	0.044	3.793	1773269621.661
597	400.000	-0.002	399.999	0.294	2.311	1773269621.905
598	400.000	-0.004	399.999	0.512	2.291	1773269622.169
599	400.000	-0.013	399.999	0.743	2.157	1773269622.423
600	400.000	-0.009	399.998	0.521	1.955	1773269622.740
601	400.000	-0.000	400.002	0.427	1.815	1773269623.034
602	400.000	-0.009	399.999	0.094	0.811	1773269623.290
603	400.000	-0.022	400.000	0.303	5.859	1773269623.522
604	400.000	0.017	400.002	0.573	5.295	1773269623.790
605	400.000	0.002	400.000	0.852	5.434	1773269624.040
606	400.000	-0.005	399.999	0.714	5.252	1773269624.351
607	400.000	0.035	400.003	0.689	5.148	1773269624.587
608	400.000	-0.006	400.000	0.599	5.202	1773269624.848
609	400.000	-0.017	400.003	0.441	5.174	1773269625.081
610	400.000	-0.018	400.001	0.042	3.078	1773269625.380
611	400.000	0.032	400.000	0.293	2.451	1773269625.698
612	400.000	0.014	399.999	0.645	2.211	1773269625.999
613	400.000	-0.004	399.999	0.687	2.057	1773269626.290
614	400.000	0.009	400.006	0.453	1.908	1773269626.553
615	400.000	-0.021	399.999	0.279	1.833	1773269626.800
616	400.000	-0.025	399.997	0.148	0.988	1773269627.065
617	400.000	-0.007	400.000	0.247	5.171	1773269627.339
618	400.000	-0.000	400.000	0.589	5.355	1773269627.616
619	400.000	0.021	399.999	0.811	5.309	1773269627.855
620	400.000	-0.029	400.000	0.796	5.166	1773269628.123
621	400.000	0.009	399.999	0.635	5.218	1773269628.430
622	400.000	-0.015	400.003	0.561	5.137	1773269628.676
623	400.000	-0.005	400.000	0.311	5.260	1773269628.930
624	400.000	0.012	399.999	0.201	2.689	1773269629.232
625	400.000	-0.018	399.999	0.415	2.365	1773269629.506
626	400.000	-0.014	400.000	0.720	1.971	1773269629.778
627	400.000	-0.002	399.996	0.668	1.911	1773269630.047
628	400.000	0.010	399.998	0.442	1.953	1773269630.289
629	400.000	0.005	399.999	0.276	1.704	1773269630.554
630	400.000	0.040	400.000	0.164	1.389	1773269630.805
631	400.000	0.009	400.000	0.274	5.077	1773269631.069
632	400.000	-0.013	400.000	0.698	5.232	1773269631.349
633	400.000	0.003	399.998	0.628	5.270	1773269631.606
634	400.000	0.001	400.005	0.901	5.259	1773269631.858
635	400.000	0.054	400.000	0.620	5.400	1773269632.146
636	400.000	-0.007	400.001	0.509	5.179	1773269632.465
637	400.000	-0.005	400.000	0.248	5.121	1773269632.740
638	400.000	0.011	400.001	0.309	2.155	1773269633.010
639	400.000	-0.018	400.001	0.466	2.059	1773269633.325
640	400.000	0.019	400.005	0.658	2.028	1773269633.638
641	400.000	0.000	400.000	0.596	1.786	1773269633.879
642	400.000	-0.012	399.998	0.490	2.001	1773269634.119
643	400.000	-0.006	400.003	0.293	1.800	1773269634.378
644	400.000	-0.011	400.000	0.076	3.816	1773269634.624
645	400.000	-0.027	399.999	0.323	5.317	1773269634.897
646	400.000	0.007	400.003	0.582	5.152	1773269635.174
647	400.000	-0.036	400.000	0.678	5.321	1773269635.448
648	400.000	-0.003	400.001	0.618	5.109	1773269635.758
649	400.000	-0.028	400.001	0.755	5.275	1773269636.017
650	400.000	0.062	400.001	0.291	5.089	1773269636.338
651	400.000	-0.040	400.003	0.079	2.899	1773269636.650
652	400.000	0.010	399.997	0.365	2.248	1773269636.946
653	400.000	-0.012	400.002	0.536	1.965	1773269637.254
654	400.000	-0.027	399.997	0.436	1.897	1773269637.569
655	400.000	-0.002	399.999	0.594	1.757	1773269637.826
656	400.000	-0.005	400.001	0.217	1.477	1773269638.117
657	400.000	0.015	399.999	0.157	5.305	1773269638.394
658	400.000	-0.015	400.001	0.467	5.163	1773269638.699
659	400.000	0.012	400.000	0.582	5.115	1773269638.964
660	400.000	0.012	399.999	0.944	5.190	1773269639.222
661	400.000	0.018	399.996	0.758	5.103	1773269639.521
662	400.000	-0.011	399.999	0.724	5.200	1773269639.772
663	400.000	-0.014	400.000	0.289	5.246	1773269640.015
664	400.000	-0.033	399.999	0.059	0.233	1773269640.275
665	400.000	-0.010	399.998	0.311	2.385	1773269640.517
666	400.000	-0.009	399.995	0.544	2.066	1773269640.775
667	400.000	0.028	399.997	0.588	1.702	1773269641.015
668	400.000	-0.017	400.003	0.604	2.036	1773269641.283
669	400.000	-0.027	399.999	0.371	1.929	1773269641.566
670	400.000	-0.001	399.998	0.223	1.718	1773269641.839
671	400.000	0.007	400.001	0.192	5.363	1773269642.128
672	400.000	0.017	399.997	0.427	5.267	1773269642.397
673	400.000	0.022	400.003	0.682	5.128	1773269642.650
674	400.000	0.027	400.001	0.772	5.297	1773269642.923
675	400.000	0.011	399.999	0.766	5.308	1773269643.163
676	400.000	0.009	399.998	0.606	5.308	1773269643.426
677	400.000	0.014	399.996	0.360	5.292	1773269643.706
678	400.000	-0.010	399.999	0.025	2.318	1773269643.977
679	400.000	-0.021	399.996	0.359	2.482	1773269644.226
680	400.000	0.005	400.000	0.447	2.290	1773269644.540
681	400.000	-0.019	400.001	0.611	1.958	1773269644.786
682	400.000	-0.020	400.000	0.450	2.124	1773269645.033
683	400.000	0.001	399.999	0.546	1.990	1773269645.268
684	400.000	0.019	400.001	0.259	2.004	1773269645.550
685	400.000	0.057	399.998	0.096	0.180	1773269645.788
686	400.000	-0.008	399.998	0.380	5.188	1773269646.104
687	400.000	0.003	400.001	0.581	5.505	1773269646.367
688	400.000	0.025	400.005	0.708	5.253	1773269646.649
689	400.000	0.003	400.002	0.850	5.240	1773269646.912
690	400.000	-0.022	400.000	0.620	5.145	1773269647.152
691	400.000	0.024	400.002	0.293	5.210	1773269647.414
692	400.000	0.026	400.000	0.109	4.435	1773269647.663
693	400.000	0.001	399.998	0.201	2.200	1773269647.899
694	400.000	0.006	399.999	0.461	2.059	1773269648.178
695	400.000	-0.010	400.000	0.619	2.094	1773269648.482
696	400.000	0.005	400.001	0.568	1.758	1773269648.793
697	400.000	0.010	400.002	0.414	2.054	1773269649.079
698	400.000	-0.004	399.998	0.163	2.540	1773269649.328
699	400.000	-0.017	400.000	0.139	5.570	1773269649.592
700	400.000	-0.014	400.001	0.424	5.148	1773269649.856
701	400.000	0.000	399.999	0.630	5.030	1773269650.098
702	400.000	0.002	400.000	0.898	5.353	1773269650.363
703	400.000	0.015	400.000	0.755	5.235	1773269650.650
704	400.000	-0.002	400.001	0.606	5.286	1773269650.921
705	400.000	-0.015	400.000	0.424	5.040	1773269651.210
706	400.000	0.020	399.999	0.064	2.476	1773269651.474
707	400.000	0.008	400.000	0.144	2.186	1773269651.734
708	400.000	-0.019	400.003	0.558	2.045	1773269652.040
709	400.000	0.014	400.000	0.693	2.065	1773269652.311
710	400.000	-0.002	399.999	0.486	1.914	1773269652.621
711	400.000	0.001	399.998	0.363	1.611	1773269652.898
712	400.000	-0.017	399.999	0.046	5.541	1773269653.184
713	400.000	0.019	399.999	0.327	5.424	1773269653.412
714	400.000	-0.017	399.999	0.497	5.352	1773269653.681
715	400.000	-0.006	400.003	0.700	5.318	1773269653.939
716	400.000	0.029	400.001	0.738	5.333	1773269654.252
717	400.000	0.003	399.999	0.658	5.331	1773269654.577
718	400.000	0.012	399.998	0.378	5.119	1773269654.869
719	400.000	-0.012	400.000	0.109	5.594	1773269655.170
720	400.000	0.027	400.000	0.336	2.036	1773269655.430
721	400.000	0.011	400.002	0.429	1.820	1773269655.652
722	400.000	-0.015	400.001	0.750	2.140	1773269655.930
723	400.000	-0.015	400.002	0.658	1.858	1773269656.171
724	400.000	0.002	399.998	0.463	2.055	1773269656.424
725	400.000	-0.024	400.002	0.273	1.952	1773269656.681
726	400.000	0.014	400.002	0.072	4.568	1773269656.935
727	400.000	-0.046	400.001	0.353	5.352	1773269657.241
728	400.000	0.013	400.007	0.605	5.260	1773269657.560
729	400.000	-0.009	400.000	0.733	5.267	1773269657.866
730	400.000	-0.031	400.002	0.761	5.316	1773269658.124
731	400.000	-0.009	400.002	0.541	5.420	1773269658.385
732	400.000	0.002	400.000	0.394	4.900	1773269658.641
733	400.000	-0.014	400.000	0.077	2.892	1773269658.956
734	400.000	0.001	399.999	0.444	1.978	1773269659.266
735	400.000	-0.048	400.001	0.568	2.149	1773269659.578
736	400.000	-0.006	400.001	0.610	1.845	1773269659.858
737	400.000	-0.002	399.999	0.505	1.638	1773269660.135
738	400.000	-0.010	400.001	0.320	2.094	1773269660.405
739	400.000	-0.002	399.999	0.119	0.571	1773269660.668
740	400.000	-0.018	399.998	0.277	5.534	1773269660.953
741	400.000	-0.034	399.996	0.706	5.324	1773269661.253
742	400.000	0.023	400.003	0.772	5.229	1773269661.565
743	400.000	-0.010	399.998	0.689	5.259	1773269661.840
744	400.000	0.005	399.998	0.626	5.323	1773269662.116
745	400.000	0.006	400.001	0.309	4.985	1773269662.379
746	400.000	-0.002	400.000	0.156	5.151	1773269662.613
747	400.000	-0.007	400.000	0.247	2.003	1773269662.873
748	400.000	-0.013	399.998	0.561	2.127	1773269663.127
749	400.000	0.015	400.002	0.687	2.146	1773269663.393
750	400.000	-0.015	400.000	0.655	1.994	1773269663.662
751	400.000	0.006	400.001	0.410	2.019	1773269663.929
752	400.000	-0.021	399.998	0.136	1.958	1773269664.179
753	400.000	0.004	399.998	0.083	5.673	1773269664.478
754	400.000	0.008	400.003	0.450	5.423	1773269664.769
755	400.000	0.016	399.996	0.682	5.400	1773269665.058
756	400.000	0.020	400.001	0.768	5.298	1773269665.328
757	400.000	-0.003	400.000	0.812	5.215	1773269665.639
758	400.000	-0.019	400.002	0.485	5.228	1773269665.920
759	400.000	0.030	400.001	0.283	4.925	1773269666.204
760	400.000	0.013	399.997	0.051	2.882	1773269666.487
761	400.000	-0.004	399.998	0.421	2.235	1773269666.762
762	400.000	-0.013	400.000	0.598	2.077	1773269667.078
763	400.000	0.031	399.997	0.680	2.078	1773269667.376
764	400.000	-0.029	399.999	0.469	1.830	1773269667.632
765	400.000	0.007	400.000	0.267	1.506	1773269667.968
766	400.000	-0.027	399.999	0.142	5.073	1773269668.271
767	400.000	0.022	400.001	0.496	5.271	1773269668.555
768	400.000	-0.013	400.002	0.618	5.346	1773269668.819
769	400.000	0.007	400.001	0.816	5.294	1773269669.073
770	400.000	0.024	399.997	0.835	5.288	1773269669.381
771	400.000	0.005	399.999	0.539	5.182	1773269669.628
772	400.000	0.051	399.999	0.402	5.087	1773269669.879
773	400.000	0.025	400.002	0.098	0.465	1773269670.193
774	400.000	0.013	400.000	0.361	2.297	1773269670.515
775	400.000	-0.005	400.001	0.525	1.945	1773269670.768
776	400.000	0.000	400.002	0.692	1.988	1773269671.029
777	400.000	-0.017	400.002	0.594	2.051	1773269671.277
778	400.000	0.023	400.003	0.342	1.774	1773269671.539
779	400.000	0.016	400.002	0.065	0.917	1773269671.830
780	400.000	-0.005	400.002	0.273	5.265	1773269672.097
781	400.000	0.016	399.998	0.566	5.204	1773269672.375
782	400.000	-0.023	400.000	0.702	5.326	1773269672.652
783	400.000	0.021	400.001	0.744	5.248	1773269672.970
784	400.000	0.042	399.998	0.553	5.349	1773269673.276
785	400.000	0.014	399.999	0.351	5.189	1773269673.581
786	400.000	-0.008	400.005	0.132	0.465	1773269673.852
787	400.000	-0.009	400.001	0.203	1.870	1773269674.144
788	400.000	0.036	399.998	0.543	2.021	1773269674.396
789	400.000	0.024	399.999	0.700	1.885	1773269674.619
790	400.000	0.002	399.999	0.595	1.999	1773269674.921
791	400.000	0.009	400.000	0.421	1.885	1773269675.239
792	400.000	-0.030	400.001	0.062	1.305	1773269675.530
793	400.000	0.028	400.000	0.304	5.216	1773269675.837
794	400.000	0.011	400.001	0.563	5.356	1773269676.167
795	400.000	0.040	399.999	0.688	5.319	1773269676.473
796	400.000	-0.043	400.002	0.742	5.333	1773269676.779
797	400.000	-0.018	399.997	0.601	5.128	1773269677.026
798	400.000	-0.008	399.999	0.456	5.321	1773269677.286
799	400.000	0.037	399.998	0.189	4.653	1773269677.558
800	400.000	0.028	400.000	0.334	2.600	1773269677.845
801	400.000	-0.003	400.000	0.579	1.993	1773269678.155
802	400.000	-0.017	400.001	0.687	1.887	1773269678.454
803	400.000	0.002	400.001	0.639	1.857	1773269678.720
804	400.000	0.008	400.003	0.337	1.707	1773269678.948
805	400.000	0.005	400.002	0.117	1.438	1773269679.218
806	400.000	0.001	400.004	0.196	4.668	1773269679.519
807	400.000	-0.010	399.999	0.469	5.232	1773269679.777
808	400.000	-0.030	400.000	0.631	5.196	1773269680.100
809	400.000	-0.005	400.000	0.710	5.386	1773269680.377
810	400.000	-0.011	400.006	0.712	5.332	1773269680.639
811	400.000	0.009	400.003	0.471	5.182	1773269680.887
812	400.000	0.018	400.006	0.039	3.667	1773269681.201
813	400.000	0.020	400.000	0.172	2.260	1773269681.492
814	400.000	-0.003	400.001	0.409	2.026	1773269681.737
815	400.000	0.011	400.002	0.593	1.937	1773269682.028
816	400.000	0.000	400.000	0.615	1.870	1773269682.321
817	400.000	0.003	400.002	0.567	1.872	1773269682.565
818	400.000	0.002	399.999	0.231	2.239	1773269682.807
819	400.000	0.005	400.001	0.151	0.116	1773269683.061
820	400.000	0.010	399.999	0.396	5.537	1773269683.305
821	400.000	0.032	399.999	0.542	5.140	1773269683.562
822	400.000	-0.016	399.996	0.607	5.311	1773269683.799
823	400.000	-0.015	400.000	0.815	5.233	1773269684.046
824	400.000	-0.027	400.001	0.794	5.359	1773269684.308
825	400.000	0.007	400.004	0.625	5.411	1773269684.553
826	400.000	-0.002	400.000	0.398	5.133	1773269684.805
827	400.000	0.003	399.999	0.018	4.960	1773269685.035
828	400.000	-0.019	399.998	0.310	1.789	1773269685.323
829	400.000	-0.001	400.001	0.483	2.098	1773269685.561
830	400.000	0.007	400.000	0.631	1.948	1773269685.811
831	400.000	0.006	400.001	0.717	1.842	1773269686.070
832	400.000	0.005	400.000	0.596	1.981	1773269686.316
833	400.000	-0.013	400.000	0.186	2.017	1773269686.578
834	400.000	0.031	400.001	0.151	5.125	1773269686.835
835	400.000	-0.007	399.998	0.395	5.428	1773269687.129
836	400.000	-0.002	400.000	0.700	5.366	1773269687.388
837	400.000	0.031	400.001	0.678	5.355	1773269687.625
838	400.000	-0.023	400.002	0.739	5.210	1773269687.893
839	400.000	-0.006	399.998	0.698	5.216	1773269688.132
840	400.000	0.001	399.997	0.573	5.341	1773269688.388
841	400.000	-0.016	399.998	0.394	5.567	1773269688.648
842	400.000	0.004	399.996	0.159	2.473	1773269688.888
843	400.000	0.013	399.999	0.472	1.910	1773269689.140
844	400.000	-0.017	400.000	0.594	1.744	1773269689.371
845	400.000	-0.021	399.999	0.568	1.927	1773269689.647
846	400.000	-0.014	399.996	0.575	1.820	1773269689.876
847	400.000	0.009	400.000	0.354	1.937	1773269690.159
848	400.000	0.011	400.001	0.342	2.015	1773269690.393
849	400.000	0.011	399.997	0.142	5.869	1773269690.627
850	400.000	-0.008	399.995	0.384	5.164	1773269690.894
851	400.000	0.030	400.000	0.500	5.192	1773269691.140
852	400.000	0.029	400.004	0.791	5.367	1773269691.410
853	400.000	0.016	400.001	0.646	5.237	1773269691.626
854	400.000	-0.014	399.998	0.841	5.198	1773269691.903
855	400.000	-0.026	400.001	0.464	5.286	1773269692.136
856	400.000	0.007	400.000	0.326	5.353	1773269692.422
857	400.000	-0.024	399.999	0.113	2.338	1773269692.730
858	400.000	-0.021	399.997	0.427	2.060	1773269693.022
859	400.000	-0.034	399.999	0.630	2.102	1773269693.270
860	400.000	0.010	400.002	0.550	1.893	1773269693.528
861	400.000	0.006	399.998	0.558	1.803	1773269693.780
862	400.000	-0.025	399.999	0.262	1.631	1773269694.034
863	400.000	0.014	400.000	0.089	6.016	1773269694.248
864	400.000	0.000	400.001	0.211	5.253	1773269694.521
865	400.000	0.005	400.002	0.578	4.956	1773269694.753
866	400.000	0.043	400.002	0.694	5.112	1773269695.018
867	400.000	0.009	400.000	0.729	5.373	1773269695.278
868	400.000	-0.014	400.000	0.675	5.223	1773269695.531
869	400.000	0.002	400.002	0.529	5.153	1773269695.792
870	400.000	0.029	399.999	0.348	5.101	1773269696.113
871	400.000	-0.026	400.000	0.180	2.351	1773269696.424
872	400.000	0.038	400.000	0.580	2.052	1773269696.726
873	400.000	0.001	400.001	0.780	1.948	1773269697.009
874	400.000	0.026	400.000	0.695	1.902	1773269697.308
875	400.000	-0.020	400.000	0.425	1.996	1773269697.548
876	400.000	-0.016	400.003	0.262	1.861	1773269697.808
877	400.000	0.004	400.001	0.137	5.723	1773269698.049
878	400.000	-0.018	399.998	0.259	5.542	1773269698.310
879	400.000	-0.002	399.998	0.493	5.359	1773269698.626
880	400.000	0.012	399.996	0.756	5.443	1773269698.940
881	400.000	-0.001	399.999	0.626	5.420	1773269699.255
882	400.000	0.013	400.002	0.451	5.175	1773269699.542
883	400.000	-0.004	400.001	0.276	5.298	1773269699.826
884	400.000	0.000	400.001	0.065	1.727	1773269700.116
885	400.000	-0.025	399.999	0.345	2.138	1773269700.358
886	400.000	-0.016	400.003	0.556	2.053	1773269700.628
887	400.000	0.000	400.000	0.585	1.951	1773269700.953
888	400.000	0.022	400.000	0.611	1.839	1773269701.236
889	400.000	0.002	399.999	0.265	1.797	1773269701.488
890	400.000	-0.012	400.001	0.068	0.051	1773269701.740
891	400.000	0.001	399.999	0.279	5.447	1773269701.983
892	400.000	-0.016	400.002	0.467	5.410	1773269702.256
893	400.000	-0.011	399.996	0.747	5.250	1773269702.564
894	400.000	-0.011	400.000	0.790	5.312	1773269702.866
895	400.000	0.001	400.003	0.652	5.386	1773269703.108
896	400.000	0.031	400.000	0.559	5.385	1773269703.375
897	400.000	-0.010	400.000	0.163	6.057	1773269703.629
898	400.000	0.014	399.998	0.146	2.311	1773269703.891
899	400.000	-0.013	399.996	0.409	2.182	1773269704.146
900	400.000	0.008	400.000	0.543	1.889	1773269704.467
901	400.000	0.040	399.998	0.725	2.046	1773269704.753
902	400.000	-0.025	399.999	0.551	1.834	1773269705.007
903	400.000	-0.011	400.004	0.273	2.078	1773269705.267
904	400.000	-0.013	400.000	0.037	4.748	1773269705.563
905	400.000	-0.022	400.000	0.293	5.134	1773269705.829
906	400.000	-0.005	400.001	0.492	5.184	1773269706.117
907	400.000	-0.015	400.000	0.701	5.400	1773269706.441
908	400.000	-0.006	400.002	0.726	5.308	1773269706.691
909	400.000	0.003	400.003	0.716	5.378	1773269706.936
910	400.000	0.020	400.000	0.427	5.391	1773269707.188
911	400.000	0.015	399.998	0.176	5.754	1773269707.464
912	400.000	-0.003	399.999	0.143	1.918	1773269707.759
913	400.000	-0.008	400.000	0.385	1.923	1773269707.972
914	400.000	-0.005	400.002	0.621	2.108	1773269708.254
915	400.000	0.016	400.001	0.609	2.084	1773269708.501
916	400.000	-0.004	400.001	0.521	1.919	1773269708.757
917	400.000	-0.001	400.004	0.279	1.741	1773269709.007
918	400.000	-0.012	399.998	0.046	0.050	1773269709.261
919	400.000	0.046	399.996	0.203	5.253	1773269709.498
920	400.000	-0.027	399.999	0.530	5.352	1773269709.737
921	400.000	0.022	399.999	0.650	5.280	1773269710.003
922	400.000	0.012	399.999	0.804	5.362	1773269710.237
923	400.000	0.011	400.000	0.811	5.304	1773269710.496
924	400.000	0.007	399.998	0.584	5.159	1773269710.742
925	400.000	0.001	400.002	0.490	5.339	1773269711.009
926	400.000	-0.013	399.999	0.018	5.050	1773269711.263
927	400.000	-0.004	400.003	0.258	2.675	1773269711.502
928	400.000	0.020	400.002	0.559	2.151	1773269711.778
929	400.000	0.009	400.000	0.430	1.791	1773269712.013
930	400.000	-0.013	400.003	0.575	2.000	1773269712.288
931	400.000	-0.008	399.998	0.480	1.655	1773269712.587
932	400.000	0.030	400.002	0.174	2.468	1773269712.832
933	400.000	-0.015	399.999	0.211	5.203	1773269713.094
934	400.000	-0.017	400.000	0.524	5.015	1773269713.375
935	400.000	-0.041	400.000	0.587	5.254	1773269713.649
936	400.000	-0.004	400.003	0.789	5.320	1773269713.910
937	400.000	-0.031	400.001	0.798	5.361	1773269714.204
938	400.000	0.007	400.000	0.561	5.261	1773269714.519
939	400.000	0.033	399.999	0.257	5.305	1773269714.841
940	400.000	0.001	400.000	0.257	2.330	1773269715.091
941	400.000	0.016	400.002	0.405	2.031	1773269715.318
942	400.000	-0.010	400.003	0.740	1.944	1773269715.587
943	400.000	0.011	399.999	0.740	2.045	1773269715.823
944	400.000	0.001	399.999	0.571	1.753	1773269716.086
945	400.000	0.002	400.004	0.389	1.844	1773269716.330
946	400.000	-0.010	399.996	0.016	1.064	1773269716.598
947	400.000	0.005	399.998	0.226	5.395	1773269716.884
948	400.000	0.003	400.000	0.510	5.378	1773269717.154
949	400.000	-0.005	400.002	0.701	5.403	1773269717.475
950	400.000	-0.028	399.997	0.766	5.299	1773269717.757
951	400.000	0.000	400.000	0.659	5.339	1773269718.029
952	400.000	0.019	400.003	0.516	5.404	1773269718.298
953	400.000	0.009	400.000	0.156	5.244	1773269718.582
954	400.000	0.013	400.001	0.200	2.665	1773269718.855
955	400.000	0.022	399.996	0.399	1.956	1773269719.124
956	400.000	0.017	399.999	0.773	2.026	1773269719.384
957	400.000	-0.020	400.001	0.653	1.820	1773269719.616
958	400.000	-0.001	400.000	0.360	1.736	1773269719.889
959	400.000	-0.006	400.003	0.286	1.811	1773269720.138
960	400.000	-0.019	400.001	0.024	6.267	1773269720.391
961	400.000	-0.001	399.998	0.266	5.258	1773269720.653
962	400.000	0.039	400.000	0.582	5.407	1773269720.904
963	400.000	0.014	399.999	0.740	5.275	1773269721.172
964	400.000	0.016	400.002	0.794	5.351	1773269721.391
965	400.000	-0.043	400.001	0.749	5.272	1773269721.665
966	400.000	-0.036	400.002	0.565	5.358	1773269721.918
967	400.000	-0.014	400.002	0.364	5.644	1773269722.222
968	400.000	0.022	400.001	0.037	6.252	1773269722.480
969	400.000	0.014	399.999	0.263	2.043	1773269722.724
970	400.000	0.003	400.002	0.518	2.001	1773269722.949
971	400.000	-0.021	399.999	0.655	1.942	1773269723.225
972	400.000	0.016	399.997	0.678	1.907	1773269723.469
973	400.000	-0.005	400.003	0.516	1.766	1773269723.786
974	400.000	-0.047	399.998	0.280	1.553	1773269724.051
975	400.000	0.006	400.000	0.165	5.129	1773269724.298
976	400.000	0.012	400.000	0.445	5.383	1773269724.561
977	400.000	-0.016	400.000	0.646	5.252	1773269724.796
978	400.000	0.032	400.000	0.776	5.329	1773269725.052
979	400.000	0.003	400.001	0.750	5.352	1773269725.338
980	400.000	0.004	400.001	0.570	5.332	1773269725.628
981	400.000	0.017	400.001	0.412	5.037	1773269725.906
982	400.000	-0.019	400.000	0.097	4.323	1773269726.173
983	400.000	-0.015	399.998	0.207	2.052	1773269726.422
984	400.000	-0.033	400.004	0.417	2.105	1773269726.677
985	400.000	0.017	400.000	0.611	1.976	1773269726.929
986	400.000	-0.013	400.001	0.781	1.892	1773269727.192
987	400.000	-0.005	399.999	0.419	1.945	1773269727.491
988	400.000	0.013	400.000	0.091	0.317	1773269727.799
989	400.000	0.002	400.006	0.162	5.847	1773269728.061
990	400.000	-0.011	400.001	0.384	5.293	1773269728.376
991	400.000	0.002	400.002	0.693	5.442	1773269728.676
992	400.000	-0.006	400.002	0.844	5.325	1773269728.940
993	400.000	0.021	399.999	0.828	5.251	1773269729.226
994	400.000	0.021	400.000	0.413	5.206	1773269729.496
995	400.000	-0.010	400.003	0.218	5.569	1773269729.734
996	400.000	-0.005	400.001	0.172	1.689	1773269730.006
997	400.000	0.009	399.999	0.416	2.111	1773269730.256
998	400.000	0.003	399.999	0.681	1.998	1773269730.527
999	400.000	-0.028	400.001	0.586	1.970	1773269730.820
1000	400.000	-0.012	400.003	0.569	1.977	1773269731.122
1001	400.000	0.006	400.000	0.325	1.610	1773269731.431
1002	400.000	0.029	400.001	0.144	0.071	1773269731.696
1003	400.000	-0.001	400.002	0.442	5.600	1773269731.942
1004	400.000	-0.003	399.998	0.570	5.472	1773269732.215
1005	400.000	-0.019	399.998	0.780	5.443	1773269732.491
1006	400.000	-0.021	399.997	0.876	5.398	1773269732.769
1007	400.000	-0.015	400.001	0.641	5.277	1773269733.047
1008	400.000	0.028	399.998	0.399	5.687	1773269733.309
1009	400.000	-0.005	399.998	0.137	4.850	1773269733.550
1010	400.000	0.012	399.999	0.322	1.991	1773269733.820
1011	400.000	0.001	400.000	0.408	1.746	1773269734.127
1012	400.000	-0.018	399.999	0.587	2.032	1773269734.364
1013	400.000	0.009	400.002	0.511	2.098	1773269734.606
1014	400.000	-0.003	400.002	0.403	2.046	1773269734.904
1015	400.000	-0.007	399.999	0.151	0.712	1773269735.154
1016	400.000	-0.015	400.001	0.131	5.581	1773269735.402
1017	400.000	0.007	400.002	0.467	5.380	1773269735.637
1018	400.000	0.047	399.995	0.569	5.408	1773269735.967
1019	400.000	-0.024	399.998	0.805	5.237	1773269736.269
1020	400.000	-0.012	400.000	0.801	5.326	1773269736.512
1021	400.000	-0.020	400.002	0.730	5.333	1773269736.763
1022	400.000	-0.024	400.001	0.449	5.376	1773269737.008
1023	400.000	0.005	400.002	0.119	4.410	1773269737.270
1024	400.000	-0.004	399.999	0.202	2.094	1773269737.535
1025	400.000	-0.015	399.999	0.464	1.718	1773269737.788
1026	400.000	0.002	399.998	0.610	1.902	1773269738.031
1027	400.000	0.036	399.996	0.716	1.970	1773269738.275
1028	400.000	-0.024	399.998	0.608	1.997	1773269738.514
1029	400.000	0.009	400.001	0.244	1.907	1773269738.755
1030	400.000	0.022	400.001	0.050	0.047	1773269739.038
1031	400.000	0.013	400.000	0.308	5.315	1773269739.275
1032	400.000	-0.022	399.998	0.400	5.525	1773269739.539
1033	400.000	-0.012	400.003	0.713	5.288	1773269739.781
1034	400.000	0.016	399.998	0.885	5.292	1773269740.037
1035	400.000	-0.003	400.002	0.662	5.271	1773269740.313
1036	400.000	-0.018	400.000	0.583	5.297	1773269740.587
1037	400.000	0.021	400.001	0.315	5.220	1773269740.831
1038	400.000	-0.026	400.001	0.085	6.247	1773269741.098
1039	400.000	0.002	400.000	0.312	1.833	1773269741.345
1040	400.000	0.001	400.001	0.515	1.989	1773269741.606
1041	400.000	-0.000	399.996	0.703	1.814	1773269741.887
1042	400.000	0.028	399.997	0.645	1.717	1773269742.158
1043	400.000	-0.000	400.001	0.430	1.807	1773269742.421
1044	400.000	-0.005	400.000	0.186	1.345	1773269742.701
1045	400.000	-0.020	400.001	0.287	5.680	1773269743.015
1046	400.000	-0.003	400.002	0.419	5.398	1773269743.269
1047	400.000	-0.013	400.001	0.637	5.171	1773269743.515
1048	400.000	0.031	400.000	0.700	5.321	1773269743.815
1049	400.000	-0.034	400.001	0.638	5.347	1773269744.072
1050	400.000	-0.025	400.003	0.534	5.046	1773269744.323
1051	400.000	0.017	399.998	0.266	5.114	1773269744.636
1052	400.000	0.004	400.003	0.121	2.986	1773269744.909
1053	400.000	-0.007	400.002	0.458	2.176	1773269745.189
1054	400.000	0.016	400.002	0.653	1.982	1773269745.451
1055	400.000	0.016	400.000	0.779	1.943	1773269745.686
1056	400.000	-0.001	399.995	0.779	1.880	1773269745.937
1057	400.000	-0.019	400.000	0.368	1.931	1773269746.209
1058	400.000	0.027	400.000	0.202	1.706	1773269746.507
1059	400.000	0.042	400.000	0.184	5.097	1773269746.750
1060	400.000	0.007	400.001	0.432	5.371	1773269747.053
1061	400.000	-0.005	399.999	0.737	5.474	1773269747.306
1062	400.000	0.020	400.001	0.867	5.413	1773269747.565
1063	400.000	0.007	400.000	0.586	5.288	1773269747.797
1064	400.000	-0.046	400.000	0.590	5.391	1773269748.058
1065	400.000	-0.005	400.000	0.416	5.215	1773269748.304
1066	400.000	0.007	400.001	0.023	4.643	1773269748.563
1067	400.000	-0.025	400.000	0.259	1.914	1773269748.808
1068	400.000	-0.011	400.004	0.529	2.064	1773269749.063
1069	400.000	-0.003	399.999	0.728	1.814	1773269749.308
1070	400.000	0.027	400.001	0.658	1.847	1773269749.551
1071	400.000	-0.007	400.002	0.500	1.841	1773269749.814
1072	400.000	-0.013	399.999	0.229	1.962	1773269750.065
1073	400.000	0.018	400.002	0.082	0.097	1773269750.361
1074	400.000	0.019	400.000	0.402	5.543	1773269750.634
1075	400.000	0.013	400.000	0.572	5.126	1773269750.865
1076	400.000	-0.022	399.998	0.742	5.412	1773269751.126
1077	400.000	0.011	400.001	0.893	5.264	1773269751.398
1078	400.000	0.010	399.997	0.724	5.329	1773269751.710
1079	400.000	-0.014	400.001	0.525	5.090	1773269751.973
1080	400.000	0.020	400.001	0.096	4.956	1773269752.230
1081	400.000	-0.003	400.001	0.301	2.137	1773269752.469
1082	400.000	-0.005	399.997	0.450	2.065	1773269752.736
1083	400.000	-0.003	399.998	0.624	1.953	1773269752.969
1084	400.000	0.001	400.000	0.772	1.882	1773269753.223
1085	400.000	-0.001	400.000	0.611	2.029	1773269753.492
1086	400.000	-0.018	400.002	0.294	1.789	1773269753.736
1087	400.000	0.009	400.004	0.151	1.250	1773269753.990
1088	400.000	0.003	399.998	0.235	4.963	1773269754.232
1089	400.000	-0.022	399.996	0.553	5.338	1773269754.487
1090	400.000	-0.015	400.000	0.745	5.444	1773269754.722
1091	400.000	-0.011	400.001	0.683	5.393	1773269754.991
1092	400.000	0.004	400.000	0.832	5.305	1773269755.233
1093	400.000	-0.016	399.998	0.594	5.434	1773269755.480
1094	400.000	-0.014	400.000	0.442	5.658	1773269755.734
1095	400.000	0.008	399.998	0.061	1.163	1773269755.983
1096	400.000	0.012	399.997	0.209	2.148	1773269756.223
1097	400.000	-0.030	399.998	0.515	2.097	1773269756.457
1098	400.000	0.001	400.000	0.637	1.992	1773269756.742
1099	400.000	0.029	400.000	0.723	2.003	1773269756.982
1100	400.000	-0.003	400.000	0.438	1.769	1773269757.253
1101	400.000	0.001	400.005	0.235	1.858	1773269757.493
1102	400.000	0.012	400.000	0.081	1.919	1773269757.761
1103	400.000	-0.016	400.002	0.180	5.297	1773269758.011
1104	400.000	0.016	399.997	0.589	5.532	1773269758.234
1105	400.000	0.009	400.000	0.726	5.454	1773269758.510
1106	400.000	-0.000	400.000	0.854	5.273	1773269758.801
1107	400.000	0.025	399.999	0.742	5.292	1773269759.070
1108	400.000	0.011	399.999	0.559	5.468	1773269759.382
1109	400.000	-0.008	399.999	0.188	5.007	1773269759.628
1110	400.000	-0.024	399.997	0.181	1.933	1773269759.905
1111	400.000	-0.011	400.003	0.416	2.140	1773269760.132
1112	400.000	0.011	399.998	0.593	1.830	1773269760.400
1113	400.000	0.010	399.996	0.783	1.968	1773269760.641
1114	400.000	-0.006	399.999	0.650	1.900	1773269760.909
1115	400.000	0.008	400.000	0.342	2.239	1773269761.227
1116	400.000	0.026	400.003	0.011	3.743	1773269761.504
1117	400.000	-0.011	399.999	0.489	5.403	1773269761.780
1118	400.000	-0.009	400.000	0.645	5.336	1773269762.103
1119	400.000	-0.016	400.000	0.730	5.328	1773269762.386
1120	400.000	0.001	400.002	0.781	5.318	1773269762.655
1121	400.000	0.038	399.999	0.447	5.358	1773269762.962
1122	400.000	-0.035	400.002	0.247	5.475	1773269763.203
1123	400.000	-0.017	399.999	0.241	1.880	1773269763.455
1124	400.000	-0.028	399.998	0.330	1.853	1773269763.714
1125	400.000	0.022	399.999	0.581	1.978	1773269764.019
1126	400.000	-0.006	400.003	0.794	2.038	1773269764.262
1127	400.000	0.001	399.999	0.601	1.875	1773269764.499
1128	400.000	0.007	399.999	0.446	2.151	1773269764.778
1129	400.000	0.036	399.997	0.155	1.438	1773269765.083
1130	400.000	0.015	399.999	0.275	5.900	1773269765.334
1131	400.000	0.007	400.000	0.396	5.329	1773269765.627
1132	400.000	0.005	400.002	0.764	5.408	1773269766.082
1133	400.000	0.015	399.998	0.711	5.406	1773269766.371
1134	400.000	-0.008	400.001	0.501	5.413	1773269766.669
1135	400.000	0.015	399.998	0.112	5.344	1773269766.919
1136	400.000	0.023	400.000	0.214	1.842	1773269767.196
1137	400.000	0.005	400.002	0.581	2.025	1773269767.501
1138	400.000	-0.011	400.000	0.633	2.049	1773269767.823
1139	400.000	-0.012	400.000	0.740	1.871	1773269768.108
1140	400.000	-0.013	400.000	0.495	1.652	1773269768.380
1141	400.000	0.005	399.998	0.120	2.078	1773269768.677
1142	400.000	-0.026	399.999	0.156	4.842	1773269768.997
1143	400.000	0.012	400.000	0.512	5.289	1773269769.308
1144	400.000	-0.017	399.998	0.713	5.346	1773269769.540
1145	400.000	-0.014	399.998	0.675	5.284	1773269769.806
1146	400.000	-0.015	400.004	0.808	5.373	1773269770.054
1147	400.000	-0.035	400.001	0.596	5.463	1773269770.362
1148	400.000	0.003	399.995	0.260	5.300	1773269770.633
1149	400.000	0.028	400.003	0.047	2.968	1773269770.910
1150	400.000	-0.003	400.005	0.464	2.003	1773269771.165
1151	400.000	0.020	400.001	0.493	2.109	1773269771.411
1152	400.000	-0.017	400.000	0.705	1.992	1773269771.684
