Point No.	Frequency Set (GHz)	THz Photocurrent (nA)	Frequency Act (GHz)	Amplitude (via StrMod)	Phase (via StrMod)	Timestamp (s)
1	100.000	0.006	99.998	2.360	1.035	1772749350.221
2	100.000	-0.030	100.004	2.410	1.062	1772749350.481
3	100.000	0.007	99.998	2.422	1.135	1772749350.712
4	100.000	-0.013	100.002	2.301	1.024	1772749350.905
5	100.000	0.050	99.999	2.349	1.020	1772749351.121
6	100.000	0.033	100.003	2.548	1.021	1772749351.327
7	100.000	0.058	100.004	2.034	1.025	1772749351.534
8	100.000	0.024	100.004	2.338	0.967	1772749351.734
9	100.000	0.031	99.997	2.254	1.003	1772749351.944
10	100.000	-0.039	99.998	2.385	1.046	1772749352.197
11	100.000	-0.026	100.002	2.366	1.027	1772749352.419
12	100.000	0.017	99.998	2.321	1.065	1772749352.620
13	100.000	0.003	99.994	2.547	1.085	1772749352.796
14	100.000	0.018	100.003	2.273	0.914	1772749352.977
15	100.000	-0.001	99.997	2.491	1.040	1772749353.167
16	100.000	-0.032	100.000	2.339	1.034	1772749353.335
17	100.000	0.070	100.006	2.488	0.993	1772749353.535
18	100.000	-0.054	99.997	2.424	0.985	1772749353.733
19	100.000	0.005	100.001	2.223	1.154	1772749353.923
20	100.000	0.005	99.998	2.486	1.040	1772749354.113
21	100.000	0.030	100.001	2.058	1.027	1772749354.301
22	100.000	-0.016	99.997	2.293	1.085	1772749354.480
23	100.000	0.041	100.001	2.386	1.043	1772749354.677
24	100.000	-0.021	99.995	2.454	1.111	1772749354.872
25	100.000	0.046	99.998	2.477	1.118	1772749355.083
26	100.000	0.008	99.996	2.400	1.100	1772749355.320
27	100.000	-0.011	100.002	2.175	0.940	1772749355.554
28	100.000	-0.029	99.997	2.460	1.119	1772749355.740
29	100.000	0.014	100.001	2.506	1.111	1772749355.928
30	100.000	0.001	99.994	2.573	1.036	1772749356.145
31	100.000	-0.023	99.999	2.584	1.066	1772749356.355
32	100.000	-0.027	99.998	2.432	1.173	1772749356.568
33	100.000	-0.000	99.997	2.202	1.107	1772749356.815
34	100.000	-0.022	99.999	2.250	1.071	1772749357.052
35	100.000	0.020	100.002	2.441	1.031	1772749357.245
36	100.000	-0.015	100.003	2.941	1.062	1772749357.422
37	100.000	0.007	100.001	2.634	1.055	1772749357.680
38	100.000	0.003	100.005	2.540	1.040	1772749357.874
39	100.000	-0.044	99.996	2.474	1.122	1772749358.117
40	100.000	0.044	100.001	2.409	1.019	1772749358.353
41	100.000	-0.075	100.002	2.249	1.024	1772749358.557
42	100.000	0.077	100.000	2.543	1.180	1772749358.759
43	100.000	0.010	100.002	2.396	1.038	1772749359.000
44	100.000	0.016	99.999	2.284	1.072	1772749359.246
45	100.000	0.030	100.000	2.809	1.095	1772749359.421
46	100.000	-0.033	100.003	2.325	1.043	1772749359.587
47	100.000	-0.021	99.999	2.351	0.914	1772749359.786
48	100.000	0.052	100.000	2.303	1.008	1772749359.977
49	100.000	-0.046	100.001	2.355	1.028	1772749360.229
50	100.000	0.045	99.996	2.463	0.997	1772749360.422
51	100.000	0.011	100.002	2.361	0.964	1772749360.589
52	100.000	-0.034	99.996	2.284	1.042	1772749360.810
53	100.000	-0.025	99.994	2.339	1.008	1772749361.003
54	100.000	-0.014	99.999	2.450	0.965	1772749361.178
55	100.000	0.010	100.002	2.534	0.930	1772749361.367
56	100.000	-0.029	99.999	2.700	1.049	1772749361.551
57	100.000	-0.018	100.001	2.380	1.045	1772749361.752
58	100.000	-0.056	99.997	2.343	1.111	1772749361.924
59	100.000	-0.040	100.001	2.562	0.953	1772749362.159
60	100.000	-0.008	100.000	2.209	1.019	1772749362.383
61	100.000	-0.001	100.001	2.432	1.004	1772749362.560
62	100.000	0.017	100.004	2.384	1.044	1772749362.770
63	100.000	0.033	100.002	2.312	1.088	1772749363.002
64	100.000	0.001	100.001	2.345	0.949	1772749363.181
65	100.000	0.000	99.998	2.318	1.089	1772749363.404
66	100.000	-0.065	100.000	2.570	1.035	1772749363.623
67	100.000	0.017	99.997	2.303	0.921	1772749363.822
68	100.000	-0.065	100.001	2.446	1.035	1772749364.094
69	100.000	-0.018	100.001	2.258	0.996	1772749364.324
70	100.000	0.000	100.003	2.310	1.034	1772749364.484
71	100.000	-0.030	100.001	2.388	0.957	1772749364.691
72	100.000	0.009	100.002	2.570	1.074	1772749364.944
73	100.000	-0.033	99.993	2.349	1.023	1772749365.183
74	100.000	0.046	100.001	2.314	1.070	1772749365.383
75	100.000	-0.022	99.999	2.403	1.039	1772749365.632
76	100.000	0.018	100.001	2.322	0.999	1772749365.830
77	100.000	0.018	100.001	2.246	0.994	1772749366.053
78	100.000	-0.005	99.999	2.449	1.110	1772749366.239
79	100.000	-0.025	100.000	2.471	1.081	1772749366.524
80	100.000	-0.011	100.000	2.512	1.114	1772749366.754
81	100.000	-0.008	100.006	2.408	1.057	1772749366.928
82	100.000	0.073	100.003	2.536	1.131	1772749367.116
83	100.000	-0.059	100.001	2.714	1.030	1772749367.305
84	100.000	0.019	99.996	2.588	1.059	1772749367.491
85	100.000	-0.025	100.003	2.272	1.034	1772749367.709
86	100.000	-0.037	100.001	2.417	1.041	1772749367.942
87	100.000	0.028	100.000	2.490	1.091	1772749368.112
88	100.000	0.039	99.999	2.176	0.998	1772749368.324
89	100.000	0.004	100.001	2.344	1.055	1772749368.586
90	100.000	0.010	100.003	2.390	1.018	1772749368.840
91	100.000	-0.002	100.001	2.456	1.041	1772749369.049
92	100.000	0.034	100.000	2.417	1.012	1772749369.263
93	100.000	0.031	100.003	2.238	1.059	1772749369.458
94	100.000	-0.009	99.999	2.617	1.128	1772749369.651
95	100.000	0.034	100.000	2.307	1.019	1772749369.886
96	100.000	0.059	100.000	2.070	0.965	1772749370.065
97	100.000	0.044	99.998	2.251	0.990	1772749370.286
98	100.000	-0.011	99.998	2.488	1.047	1772749370.535
99	100.000	-0.031	99.995	2.637	1.174	1772749370.757
100	100.000	-0.040	99.997	2.492	1.013	1772749370.950
101	100.000	0.031	100.004	2.554	1.075	1772749371.200
102	100.000	-0.006	100.000	2.387	1.067	1772749371.377
103	100.000	0.024	99.995	2.427	1.158	1772749371.596
104	100.000	0.022	99.997	2.296	1.062	1772749371.826
105	100.000	0.072	100.003	2.252	1.069	1772749372.091
106	100.000	-0.047	99.997	2.569	0.995	1772749372.291
107	100.000	0.015	100.000	2.647	1.049	1772749372.517
108	100.000	-0.048	100.007	2.343	0.981	1772749372.705
109	100.000	0.051	100.000	2.410	1.096	1772749372.970
110	100.000	0.022	100.001	2.460	1.071	1772749373.200
111	100.000	-0.063	100.003	2.717	1.168	1772749373.392
112	100.000	-0.001	99.998	2.566	1.048	1772749373.649
113	100.000	0.046	100.002	2.138	0.981	1772749373.832
114	100.000	-0.047	99.998	2.365	1.092	1772749374.044
115	100.000	-0.014	99.995	2.384	1.079	1772749374.276
116	100.000	0.059	100.002	2.148	0.975	1772749374.523
117	100.000	-0.037	100.002	2.331	1.020	1772749374.781
118	100.000	-0.053	100.002	2.429	0.985	1772749375.009
119	100.000	-0.037	99.995	2.478	1.014	1772749375.235
120	100.000	0.056	99.998	2.660	1.102	1772749375.468
121	100.000	-0.029	99.999	2.445	1.131	1772749375.717
122	100.000	0.026	100.002	4.032	1.179	1772749375.903
123	100.000	0.017	100.002	4.169	1.287	1772749376.151
124	100.000	0.006	99.999	4.979	1.549	1772749376.402
125	100.000	0.006	100.002	4.438	1.139	1772749376.631
126	100.000	0.043	100.004	2.933	1.007	1772749376.833
127	100.000	0.012	99.998	2.351	1.068	1772749377.017
128	100.000	0.042	100.000	3.009	1.211	1772749377.221
129	100.000	-0.033	100.005	3.806	1.212	1772749377.475
130	100.000	-0.001	100.006	4.114	1.354	1772749377.714
131	100.000	-0.035	100.003	5.042	1.313	1772749377.939
132	100.000	-0.023	99.999	4.636	1.108	1772749378.157
133	100.000	0.037	99.999	2.937	0.921	1772749378.403
134	100.000	-0.014	100.002	2.395	1.077	1772749378.634
135	100.000	-0.018	100.000	3.103	1.327	1772749378.843
136	100.000	-0.007	100.000	4.061	1.381	1772749379.031
137	100.000	-0.029	100.000	4.377	1.501	1772749379.237
138	100.000	0.019	99.999	4.875	1.509	1772749379.443
139	100.000	0.008	99.998	4.453	1.136	1772749379.658
140	100.000	-0.009	99.997	2.909	1.013	1772749379.865
141	100.000	-0.058	99.998	3.068	1.091	1772749380.126
142	100.000	-0.010	100.003	4.178	1.363	1772749380.304
143	100.000	-0.036	99.999	4.450	1.480	1772749380.506
144	100.000	-0.037	99.997	4.249	1.426	1772749380.751
145	100.000	-0.036	100.000	4.253	1.336	1772749381.011
146	100.000	-0.001	99.998	3.726	0.906	1772749381.232
147	100.000	0.019	100.000	3.050	0.808	1772749381.416
148	100.000	0.020	99.998	3.450	1.069	1772749381.594
149	100.000	0.007	100.002	4.490	1.149	1772749381.772
150	100.000	0.036	100.000	4.609	1.294	1772749381.999
151	100.000	0.035	100.001	3.723	1.282	1772749382.244
152	100.000	0.039	100.001	3.315	1.161	1772749382.476
153	100.000	-0.040	100.004	3.301	0.958	1772749382.681
154	100.000	0.050	100.002	2.807	0.941	1772749382.847
155	100.000	0.009	100.004	3.065	1.082	1772749383.078
156	100.000	0.012	100.000	4.301	1.302	1772749383.309
157	100.000	0.016	99.998	5.322	1.372	1772749383.477
158	100.000	0.015	100.004	4.330	1.504	1772749383.672
159	100.000	0.002	100.003	3.937	1.432	1772749383.866
160	100.000	-0.000	99.998	3.692	1.108	1772749384.110
161	100.000	0.018	100.000	3.568	0.971	1772749384.307
162	100.000	0.066	99.998	2.889	0.939	1772749384.497
163	100.000	-0.039	100.001	4.093	1.225	1772749384.720
164	100.000	0.049	100.000	4.573	1.504	1772749384.924
165	100.000	-0.041	100.004	4.403	1.600	1772749385.112
166	100.000	0.005	100.002	3.733	1.419	1772749385.309
167	100.000	-0.047	99.996	2.931	1.284	1772749385.498
168	100.000	0.044	100.001	2.437	1.254	1772749385.732
169	100.000	0.021	100.001	2.527	1.241	1772749385.917
170	100.000	0.052	99.998	3.973	1.372	1772749386.103
171	100.000	0.002	100.000	5.017	1.404	1772749386.298
172	100.000	0.061	100.003	4.990	1.526	1772749386.555
173	100.000	0.023	100.001	3.997	1.577	1772749386.798
174	100.000	-0.003	99.999	2.976	1.329	1772749386.977
175	100.000	0.052	99.998	2.452	1.098	1772749387.154
176	100.000	0.021	100.000	2.165	1.151	1772749387.347
177	100.000	0.016	99.998	2.872	1.565	1772749387.535
178	100.000	-0.052	100.000	4.739	1.523	1772749387.718
179	100.000	-0.002	100.000	5.168	1.531	1772749387.937
180	100.000	-0.007	99.998	4.485	1.396	1772749388.111
181	100.000	0.001	99.997	3.531	1.296	1772749388.325
182	100.000	-0.030	100.001	2.912	1.193	1772749388.521
183	100.000	-0.001	100.004	1.999	1.181	1772749388.744
184	100.000	-0.002	99.999	2.890	1.377	1772749389.022
185	100.000	-0.010	100.000	4.782	1.410	1772749389.248
186	100.000	-0.028	100.001	5.153	1.368	1772749389.420
187	100.000	0.050	100.000	4.905	1.256	1772749389.623
188	100.000	-0.074	100.001	4.088	1.203	1772749389.815
189	100.000	-0.040	100.005	3.375	1.110	1772749390.011
190	100.000	-0.009	99.996	2.521	1.105	1772749390.209
191	100.000	-0.009	100.000	3.280	1.212	1772749390.438
192	100.000	0.012	99.999	4.587	1.409	1772749390.623
193	100.000	-0.071	100.003	5.837	1.489	1772749390.830
194	100.000	0.031	99.999	4.878	1.437	1772749391.050
195	100.000	-0.077	99.998	3.917	1.391	1772749391.263
196	100.000	0.035	100.000	3.558	1.250	1772749391.516
197	100.000	-0.027	99.998	2.724	1.121	1772749391.759
198	100.000	0.005	99.996	3.528	1.365	1772749392.011
199	100.000	0.041	100.001	4.709	1.499	1772749392.257
200	100.000	-0.027	100.005	5.093	1.356	1772749392.503
201	100.000	-0.016	99.998	3.913	1.101	1772749392.743
202	100.000	-0.056	99.999	3.416	1.009	1772749392.997
203	100.000	-0.066	100.004	2.718	1.046	1772749393.194
204	100.000	0.008	100.002	3.319	1.250	1772749393.440
205	100.000	0.022	99.998	4.440	1.510	1772749393.655
206	100.000	0.011	99.998	4.980	1.397	1772749393.894
207	100.000	-0.016	99.997	3.893	1.134	1772749394.120
208	100.000	-0.004	100.002	3.139	1.001	1772749394.315
209	100.000	0.018	99.996	2.964	1.029	1772749394.573
210	100.000	-0.073	100.001	2.858	1.098	1772749394.766
211	100.000	0.009	100.000	3.774	1.343	1772749394.987
212	100.000	0.028	100.001	4.652	1.475	1772749395.178
213	100.000	0.001	100.001	4.980	1.434	1772749395.367
214	100.000	0.019	99.997	4.289	1.189	1772749395.556
215	100.000	0.022	100.003	3.699	0.941	1772749395.773
216	100.000	0.048	99.999	3.212	0.892	1772749396.014
217	100.000	-0.009	100.001	3.229	1.195	1772749396.258
218	100.000	-0.022	100.002	4.019	1.391	1772749396.453
219	100.000	-0.054	99.999	4.890	1.594	1772749396.697
220	100.000	0.057	99.997	5.286	1.533	1772749396.926
221	100.000	-0.010	99.996	4.344	1.151	1772749397.106
222	100.000	-0.046	100.003	3.611	0.801	1772749397.325
223	100.000	0.043	99.996	3.107	0.885	1772749397.586
224	100.000	0.016	99.996	3.759	1.230	1772749397.790
225	100.000	0.047	99.998	5.111	1.311	1772749398.002
226	100.000	-0.062	99.999	5.628	1.425	1772749398.181
227	100.000	-0.021	99.996	5.715	1.460	1772749398.383
228	100.000	-0.049	100.002	5.440	1.136	1772749398.565
229	100.000	0.010	99.995	4.373	0.875	1772749398.759
230	100.000	-0.024	100.001	3.136	0.702	1772749398.939
231	100.000	0.057	99.994	3.088	0.938	1772749399.125
232	100.000	0.036	99.996	3.986	1.334	1772749399.323
233	100.000	0.027	100.000	5.211	1.522	1772749399.562
234	100.000	0.024	100.002	5.179	1.569	1772749399.777
235	100.000	-0.042	100.003	5.089	1.391	1772749400.018
236	100.000	-0.025	99.996	4.053	0.913	1772749400.225
237	100.000	-0.029	99.999	2.932	0.690	1772749400.424
238	100.000	-0.005	99.997	3.127	0.997	1772749400.631
239	100.000	-0.012	99.998	4.416	1.278	1772749400.894
240	100.000	0.028	100.001	5.791	1.380	1772749401.139
241	100.000	-0.043	99.999	5.462	1.316	1772749401.379
242	100.000	-0.058	99.993	4.863	1.119	1772749401.582
243	100.000	0.018	99.998	3.771	0.703	1772749401.793
244	100.000	-0.005	100.000	2.724	0.720	1772749402.022
245	100.000	0.016	100.005	3.399	1.280	1772749402.255
246	100.000	-0.029	100.002	5.325	1.439	1772749402.450
247	100.000	-0.003	100.001	5.659	1.443	1772749402.695
248	100.000	0.015	100.004	5.105	1.356	1772749402.896
249	100.000	0.036	100.000	4.040	1.038	1772749403.130
250	100.000	0.013	100.000	2.737	0.779	1772749403.324
251	100.000	-0.021	99.999	2.772	0.954	1772749403.522
252	100.000	0.011	99.994	3.885	1.263	1772749403.753
253	100.000	0.017	99.996	5.404	1.546	1772749403.950
254	100.000	0.035	100.004	5.358	1.588	1772749404.210
255	100.000	-0.014	100.002	4.765	1.478	1772749404.452
256	100.000	-0.019	100.001	3.778	0.991	1772749404.699
257	100.000	-0.002	100.001	2.938	0.762	1772749404.928
258	100.000	-0.006	100.003	3.112	1.049	1772749405.122
259	100.000	-0.037	100.000	5.065	1.467	1772749405.374
260	100.000	-0.022	99.998	6.410	1.570	1772749405.582
261	100.000	-0.048	99.996	5.944	1.495	1772749405.814
262	100.000	-0.029	99.998	4.475	1.121	1772749406.076
263	100.000	-0.049	99.997	3.317	0.771	1772749406.312
264	100.000	-0.051	100.003	3.142	0.882	1772749406.495
265	100.000	0.020	99.999	4.010	1.255	1772749406.771
266	100.000	0.006	99.999	6.366	1.546	1772749406.998
267	100.000	0.030	100.001	6.904	1.514	1772749407.183
268	100.000	-0.022	99.997	5.960	1.370	1772749407.355
269	100.000	0.002	100.002	4.634	1.154	1772749407.560
270	100.000	-0.077	99.998	3.239	0.679	1772749407.758
271	100.000	-0.031	100.003	2.430	0.741	1772749408.003
272	100.000	-0.032	100.002	3.651	1.376	1772749408.202
273	100.000	0.075	99.999	5.636	1.612	1772749408.439
274	100.000	-0.001	100.000	6.548	1.586	1772749408.684
275	100.000	0.018	99.998	6.059	1.407	1772749408.895
276	100.000	0.009	100.002	4.891	1.017	1772749409.120
277	100.000	-0.036	100.000	3.544	0.786	1772749409.385
278	100.000	0.013	100.003	3.325	1.155	1772749409.601
279	100.000	0.037	100.002	4.738	1.617	1772749409.810
280	100.000	0.036	99.999	5.392	1.630	1772749410.010
281	100.000	-0.038	100.000	5.464	1.504	1772749410.183
282	100.000	0.020	99.997	4.278	1.302	1772749410.398
283	100.000	0.047	99.998	3.944	0.785	1772749410.600
284	100.000	0.011	99.997	3.482	0.543	1772749410.862
285	100.000	-0.042	100.002	3.347	0.896	1772749411.104
286	100.000	0.003	100.002	4.809	1.521	1772749411.347
287	100.000	0.031	99.997	5.615	1.635	1772749411.587
288	100.000	0.009	99.998	5.404	1.616	1772749411.780
289	100.000	-0.024	100.003	3.864	1.252	1772749411.964
290	100.000	-0.019	100.001	3.250	0.600	1772749412.214
291	100.000	0.017	99.998	3.431	0.688	1772749412.476
292	100.000	0.008	99.998	4.029	1.128	1772749412.728
293	100.000	0.064	99.996	4.735	1.337	1772749412.932
294	100.000	-0.089	99.996	4.217	1.371	1772749413.137
295	100.000	0.021	99.996	3.757	1.210	1772749413.338
296	100.000	-0.015	99.999	3.477	0.752	1772749413.579
297	100.000	0.028	100.001	3.043	0.453	1772749413.765
298	100.000	0.055	99.997	3.670	0.720	1772749413.956
299	100.000	0.009	99.998	4.320	1.066	1772749414.187
300	100.000	-0.053	100.002	4.897	1.259	1772749414.397
301	100.000	0.044	99.996	4.395	1.309	1772749414.647
302	100.000	0.017	100.002	3.610	1.179	1772749414.830
303	100.000	-0.093	99.999	3.295	0.727	1772749415.034
304	100.000	0.034	100.001	2.701	0.445	1772749415.272
305	100.000	-0.013	100.005	3.671	0.816	1772749415.524
306	100.000	0.053	100.001	4.540	1.193	1772749415.723
307	100.000	-0.005	99.999	4.825	1.317	1772749415.946
308	100.000	-0.080	100.002	3.728	1.318	1772749416.114
309	100.000	0.063	99.996	3.614	1.165	1772749416.337
310	100.000	-0.008	100.002	2.981	0.766	1772749416.519
311	100.000	0.032	99.996	2.844	0.623	1772749416.726
312	100.000	-0.030	100.003	3.392	0.920	1772749416.958
313	100.000	0.026	100.003	4.753	1.182	1772749417.124
314	100.000	0.004	99.999	5.339	1.296	1772749417.338
315	100.000	0.005	100.000	4.579	1.212	1772749417.609
316	100.000	0.031	99.999	3.934	0.980	1772749417.840
317	100.000	-0.015	99.999	3.588	0.591	1772749418.078
318	100.000	0.009	99.996	3.210	0.659	1772749418.350
319	100.000	-0.006	100.000	4.615	1.122	1772749418.599
320	100.000	0.002	100.002	5.176	1.311	1772749418.822
321	100.000	0.012	99.996	4.227	1.377	1772749419.036
322	100.000	0.045	99.997	3.282	1.287	1772749419.274
323	100.000	0.086	99.997	2.727	0.818	1772749419.525
324	100.000	0.022	99.997	3.040	0.596	1772749419.759
325	100.000	0.037	100.000	4.315	0.892	1772749419.961
326	100.000	-0.017	100.004	5.368	1.138	1772749420.208
327	100.000	0.023	99.997	4.350	1.147	1772749420.395
328	100.000	0.055	100.002	3.209	1.175	1772749420.593
329	100.000	-0.008	100.001	2.704	0.870	1772749420.826
330	100.000	-0.005	100.000	2.826	0.451	1772749421.039
331	100.000	-0.011	100.000	3.182	0.610	1772749421.285
332	100.000	-0.016	100.001	4.621	1.002	1772749421.522
333	100.000	-0.008	99.993	5.427	1.102	1772749421.776
334	100.000	-0.038	99.998	4.174	1.121	1772749422.006
335	100.000	0.016	100.003	2.799	0.803	1772749422.228
336	100.000	-0.032	100.000	2.646	0.417	1772749422.481
337	100.000	-0.067	100.005	2.820	0.447	1772749422.713
338	100.000	0.031	100.002	3.888	0.997	1772749422.954
339	100.000	0.016	99.997	5.100	1.226	1772749423.156
340	100.000	-0.005	100.004	4.728	1.159	1772749423.384
341	100.000	-0.013	99.997	3.444	0.911	1772749423.587
342	100.000	-0.013	100.002	2.277	0.441	1772749423.836
343	100.000	-0.028	99.998	2.679	0.231	1772749424.089
344	100.000	-0.017	100.001	3.361	0.630	1772749424.333
345	100.000	-0.004	100.000	5.150	1.116	1772749424.608
346	100.000	0.002	100.000	5.173	1.238	1772749424.838
347	100.000	-0.002	100.000	3.285	1.108	1772749425.096
348	100.000	-0.024	100.002	2.088	0.622	1772749425.320
349	100.000	-0.011	99.997	2.398	0.259	1772749425.504
350	100.000	0.047	99.995	2.657	0.416	1772749425.710
351	100.000	-0.047	99.993	4.105	0.967	1772749425.897
352	100.000	0.012	100.000	4.690	1.123	1772749426.083
353	100.000	0.013	99.996	4.706	1.249	1772749426.276
354	100.000	-0.024	100.000	3.848	1.043	1772749426.470
355	100.000	-0.049	100.002	1.847	0.752	1772749426.701
356	100.000	0.005	99.999	1.516	0.324	1772749426.875
357	100.000	-0.028	100.002	2.240	0.407	1772749427.070
358	100.000	0.022	100.002	3.191	0.951	1772749427.344
359	100.000	0.014	100.005	4.936	1.269	1772749427.568
360	100.000	0.019	100.000	5.337	1.360	1772749427.751
361	100.000	0.008	100.003	4.254	1.155	1772749427.927
362	100.000	-0.037	100.004	2.393	0.847	1772749428.125
363	100.000	-0.025	100.001	1.548	0.444	1772749428.317
364	100.000	0.035	100.002	1.947	0.534	1772749428.533
365	100.000	-0.002	99.998	3.074	1.018	1772749428.786
366	100.000	0.038	100.003	4.895	1.297	1772749429.014
367	100.000	-0.003	100.002	5.581	1.302	1772749429.199
368	100.000	0.002	100.001	4.712	1.261	1772749429.425
369	100.000	0.026	99.999	2.873	0.717	1772749429.656
370	100.000	0.002	99.997	1.669	0.408	1772749429.896
371	100.000	-0.023	100.001	2.397	0.848	1772749430.085
372	100.000	-0.023	99.998	3.729	1.073	1772749430.261
373	100.000	-0.077	99.999	5.660	1.235	1772749430.453
374	100.000	0.013	99.998	6.072	1.407	1772749430.715
375	100.000	-0.012	100.003	4.767	1.267	1772749430.955
376	100.000	-0.028	100.000	3.444	0.853	1772749431.156
377	100.000	-0.010	99.997	2.413	0.604	1772749431.346
378	100.000	-0.028	99.998	2.425	0.917	1772749431.577
379	100.000	-0.051	100.005	4.464	1.195	1772749431.773
380	100.000	0.075	100.000	5.776	1.325	1772749431.935
381	100.000	-0.009	99.997	5.562	1.319	1772749432.138
382	100.000	0.046	99.997	4.673	1.354	1772749432.349
383	100.000	-0.059	99.995	3.566	0.827	1772749432.559
384	100.000	-0.014	100.000	3.199	0.421	1772749432.758
385	100.000	-0.010	99.996	2.559	0.626	1772749432.967
386	100.000	-0.054	99.998	3.821	1.200	1772749433.202
387	100.000	0.033	100.003	5.763	1.384	1772749433.401
388	100.000	0.018	100.000	6.171	1.391	1772749433.665
389	100.000	-0.004	99.998	5.124	1.227	1772749433.876
390	100.000	-0.030	100.004	3.626	0.696	1772749434.063
391	100.000	-0.020	100.000	2.992	0.289	1772749434.250
392	100.000	-0.049	100.005	2.396	0.549	1772749434.451
393	100.000	0.030	100.002	4.012	1.177	1772749434.662
394	100.000	0.009	100.002	5.744	1.384	1772749434.846
395	100.000	0.035	100.003	6.456	1.504	1772749435.064
396	100.000	0.010	99.999	5.646	1.513	1772749435.271
397	100.000	-0.017	99.998	4.116	1.162	1772749435.491
398	100.000	-0.056	100.002	2.933	0.325	1772749435.738
399	100.000	0.015	99.998	2.416	0.629	1772749435.971
400	100.000	-0.036	100.000	4.119	1.160	1772749436.242
401	100.000	0.001	100.000	5.655	1.461	1772749436.459
402	100.000	-0.044	100.001	5.798	1.527	1772749436.656
403	100.000	-0.004	100.005	4.981	1.455	1772749436.857
404	100.000	0.057	100.002	3.323	0.817	1772749437.101
405	100.000	-0.005	99.998	2.500	0.404	1772749437.332
406	100.000	-0.019	99.995	2.802	0.998	1772749437.527
407	100.000	0.011	99.997	4.986	1.275	1772749437.792
408	100.000	0.042	99.996	5.959	1.484	1772749438.015
409	100.000	0.008	100.001	5.112	1.500	1772749438.212
410	100.000	-0.077	99.997	4.066	1.373	1772749438.476
411	100.000	-0.024	99.997	3.205	0.798	1772749438.671
412	100.000	-0.070	100.002	2.938	0.718	1772749438.898
413	100.000	-0.005	99.998	3.737	1.182	1772749439.076
414	100.000	0.011	100.000	5.470	1.356	1772749439.301
415	100.000	0.039	100.000	6.495	1.530	1772749439.544
416	100.000	0.046	99.999	5.431	1.459	1772749439.766
417	100.000	0.095	99.998	3.952	1.153	1772749439.943
418	100.000	0.061	99.997	2.644	0.591	1772749440.169
419	100.000	0.026	100.001	2.326	0.698	1772749440.409
420	100.000	-0.029	100.000	4.173	1.336	1772749440.650
421	100.000	0.000	100.001	5.792	1.537	1772749440.846
422	100.000	-0.000	100.004	5.956	1.601	1772749441.120
423	100.000	-0.062	100.003	4.644	1.415	1772749441.351
424	100.000	-0.010	99.998	3.297	0.835	1772749441.584
425	100.000	0.050	100.002	3.021	0.589	1772749441.801
426	100.000	-0.044	100.001	3.862	1.125	1772749442.038
427	100.000	0.030	100.000	5.588	1.264	1772749442.283
428	100.000	-0.048	100.001	6.064	1.458	1772749442.481
429	100.000	-0.055	99.996	5.252	1.534	1772749442.717
430	100.000	-0.010	99.998	3.580	1.307	1772749442.907
431	100.000	0.030	100.000	2.875	0.667	1772749443.081
432	100.000	-0.013	99.998	2.817	0.489	1772749443.251
433	100.000	-0.040	100.000	3.381	1.016	1772749443.473
434	100.000	-0.027	100.001	5.110	1.344	1772749443.735
435	100.000	0.060	100.004	5.352	1.455	1772749443.958
436	100.000	0.015	100.000	4.513	1.578	1772749444.140
437	100.000	0.011	99.997	3.594	1.339	1772749444.371
438	100.000	-0.004	99.999	2.595	0.656	1772749444.597
439	100.000	0.007	100.002	2.855	0.456	1772749444.777
440	100.000	-0.018	100.002	3.634	1.023	1772749445.019
441	100.000	0.078	99.997	5.154	1.241	1772749445.283
442	100.000	-0.005	100.000	4.772	1.513	1772749445.527
443	100.000	-0.014	100.003	3.855	1.475	1772749445.691
444	100.000	0.032	99.999	2.902	1.223	1772749445.895
445	100.000	-0.002	99.999	2.298	0.517	1772749446.138
446	100.000	0.002	100.001	2.704	0.694	1772749446.333
447	100.000	0.050	100.004	3.972	1.156	1772749446.517
448	100.000	0.006	99.998	5.523	1.285	1772749446.711
449	100.000	-0.039	100.001	5.581	1.297	1772749446.906
450	100.000	0.044	99.997	4.779	1.503	1772749447.165
451	100.000	0.043	100.002	3.131	1.253	1772749447.406
452	100.000	-0.006	99.997	2.602	0.479	1772749447.632
453	100.000	0.008	99.994	2.649	0.670	1772749447.846
454	100.000	-0.019	99.998	4.537	1.291	1772749448.096
455	100.000	-0.021	100.002	5.711	1.334	1772749448.339
456	100.000	-0.035	100.000	4.867	1.540	1772749448.596
457	100.000	0.057	99.998	3.461	1.347	1772749448.819
458	100.000	0.013	99.997	2.394	0.957	1772749449.020
459	100.000	0.034	100.005	2.392	0.652	1772749449.272
460	100.000	0.033	100.003	3.703	1.179	1772749449.443
461	100.000	-0.043	100.000	5.493	1.322	1772749449.644
462	100.000	-0.018	100.001	6.012	1.317	1772749449.834
463	100.000	-0.025	99.998	4.854	1.399	1772749450.024
464	100.000	-0.017	100.002	3.045	1.280	1772749450.215
465	100.000	-0.075	100.000	1.837	0.668	1772749450.398
466	100.000	-0.003	99.997	2.054	0.319	1772749450.601
467	100.000	-0.044	100.001	2.632	0.916	1772749450.854
468	100.000	-0.030	100.000	4.837	1.366	1772749451.102
469	100.000	0.008	99.999	5.433	1.301	1772749451.272
470	100.000	-0.026	99.998	4.796	1.453	1772749451.474
471	100.000	-0.033	100.001	3.299	1.339	1772749451.745
472	100.000	-0.004	99.999	1.956	0.792	1772749451.979
473	100.000	0.044	99.997	2.024	0.568	1772749452.239
474	100.000	-0.052	99.999	4.311	1.355	1772749452.495
475	100.000	-0.021	99.996	5.850	1.418	1772749452.724
476	100.000	-0.025	100.001	4.569	1.525	1772749452.915
477	100.000	0.034	99.998	3.254	1.541	1772749453.188
478	100.000	0.020	100.008	1.872	0.762	1772749453.381
479	100.000	-0.031	99.997	2.075	0.377	1772749453.594
480	100.000	0.023	100.002	2.287	0.691	1772749453.785
481	100.000	-0.002	100.000	4.440	1.263	1772749453.967
482	100.000	0.007	99.997	5.734	1.385	1772749454.183
483	100.000	0.021	100.000	4.914	1.474	1772749454.400
484	100.000	0.006	100.002	3.346	1.435	1772749454.593
485	100.000	-0.107	99.998	2.269	0.750	1772749454.870
486	100.000	-0.026	99.996	2.749	0.229	1772749455.100
487	100.000	0.014	100.002	2.996	0.932	1772749455.369
488	100.000	-0.040	99.999	5.416	1.403	1772749455.604
489	100.000	-0.083	99.999	5.550	1.364	1772749455.767
490	100.000	0.068	99.995	4.851	1.505	1772749455.988
491	100.000	-0.025	99.999	3.012	1.263	1772749456.231
492	100.000	0.037	100.000	2.544	0.337	1772749456.493
493	100.000	0.065	100.002	3.093	0.581	1772749456.735
494	100.000	-0.014	100.002	4.324	1.204	1772749456.959
495	100.000	0.053	99.997	5.605	1.369	1772749457.178
496	100.000	-0.021	100.000	5.293	1.413	1772749457.345
497	100.000	0.011	100.000	4.386	1.540	1772749457.588
498	100.000	0.066	100.001	2.439	0.960	1772749457.844
499	100.000	-0.077	99.998	2.631	0.219	1772749458.069
500	100.000	0.025	100.001	2.619	0.692	1772749458.236
501	100.000	-0.025	100.004	4.320	1.192	1772749458.464
502	100.000	0.005	99.999	5.468	1.212	1772749458.705
503	100.000	-0.039	100.006	4.409	1.443	1772749458.939
504	100.000	0.077	100.003	3.827	1.505	1772749459.126
505	100.000	0.030	100.000	2.304	0.819	1772749459.411
506	100.000	-0.041	99.998	2.452	0.577	1772749459.605
507	100.000	-0.005	99.998	3.071	1.061	1772749459.811
508	100.000	-0.097	100.001	4.503	1.377	1772749460.001
509	100.000	-0.014	100.000	5.215	1.329	1772749460.186
510	100.000	-0.000	99.998	4.283	1.435	1772749460.420
511	100.000	0.022	100.003	3.429	1.329	1772749460.642
512	100.000	-0.013	99.998	2.725	0.749	1772749460.832
513	100.000	-0.054	99.999	2.783	0.548	1772749461.041
514	100.000	0.014	99.998	3.241	1.136	1772749461.298
515	100.000	-0.018	100.003	4.863	1.611	1772749461.547
516	100.000	0.053	99.998	4.552	1.413	1772749461.811
517	100.000	-0.012	100.002	3.626	1.545	1772749462.046
518	100.000	-0.011	99.996	2.330	0.876	1772749462.308
519	100.000	-0.016	100.003	2.798	0.551	1772749462.546
520	100.000	0.021	99.997	3.529	1.243	1772749462.764
521	100.000	-0.020	99.996	4.861	1.593	1772749462.957
522	100.000	0.015	100.000	5.236	1.486	1772749463.152
523	100.000	0.072	100.000	4.200	1.524	1772749463.355
524	100.000	0.019	100.002	3.112	1.538	1772749463.606
525	100.000	0.007	99.996	2.121	0.865	1772749463.837
526	100.000	-0.017	100.002	3.152	0.704	1772749464.049
527	100.000	0.043	99.999	4.069	1.296	1772749464.286
528	100.000	0.013	99.999	5.612	1.483	1772749464.502
529	100.000	0.029	100.001	4.986	1.568	1772749464.730
530	100.000	0.061	99.999	3.817	1.607	1772749464.985
531	100.000	-0.014	100.004	2.499	1.191	1772749465.216
532	100.000	-0.048	99.996	2.611	0.756	1772749465.374
533	100.000	0.005	100.000	3.301	0.964	1772749465.609
534	100.000	-0.008	100.000	5.225	1.359	1772749465.868
535	100.000	-0.017	100.002	5.670	1.459	1772749466.071
536	100.000	0.042	100.003	4.955	1.451	1772749466.278
537	100.000	0.037	100.000	3.325	1.623	1772749466.555
538	100.000	-0.054	100.000	2.630	1.215	1772749466.789
539	100.000	0.014	99.996	3.099	0.937	1772749466.956
540	100.000	-0.014	100.002	4.543	1.200	1772749467.148
541	100.000	-0.017	100.001	5.653	1.409	1772749467.335
542	100.000	0.002	100.002	5.890	1.375	1772749467.532
543	100.000	-0.026	100.000	5.135	1.391	1772749467.723
544	100.000	-0.009	99.998	3.090	1.568	1772749467.923
545	100.000	0.020	100.003	2.315	1.385	1772749468.172
546	100.000	0.020	99.999	2.794	1.006	1772749468.361
547	100.000	0.024	99.997	3.786	1.111	1772749468.540
548	100.000	-0.023	100.000	5.144	1.408	1772749468.780
549	100.000	-0.015	100.001	6.032	1.600	1772749468.978
550	100.000	-0.026	100.001	5.330	1.515	1772749469.186
551	100.000	-0.039	99.994	3.621	1.511	1772749469.379
552	100.000	-0.008	100.000	2.367	1.519	1772749469.585
553	100.000	0.040	100.001	1.950	0.932	1772749469.789
554	100.000	-0.034	100.003	3.615	1.024	1772749470.027
555	100.000	-0.001	100.002	5.154	1.312	1772749470.224
556	100.000	-0.001	99.999	5.820	1.482	1772749470.444
557	100.000	0.003	100.005	5.549	1.384	1772749470.647
558	100.000	0.015	100.001	4.114	1.257	1772749470.856
559	100.000	0.024	100.002	2.258	1.302	1772749471.102
560	100.000	-0.024	100.001	2.114	0.949	1772749471.282
561	100.000	-0.006	100.000	3.348	1.124	1772749471.483
562	100.000	0.057	99.998	5.113	1.330	1772749471.680
563	100.000	0.015	99.999	6.217	1.506	1772749471.930
564	100.000	0.057	99.999	5.714	1.433	1772749472.166
565	100.000	-0.014	100.002	3.939	1.205	1772749472.367
566	100.000	0.037	100.000	2.093	0.935	1772749472.592
567	100.000	0.011	100.000	1.980	0.688	1772749472.789
568	100.000	0.014	99.997	2.791	1.082	1772749472.966
569	100.000	0.077	99.998	4.899	1.406	1772749473.175
570	100.000	0.006	100.002	5.889	1.548	1772749473.420
571	100.000	0.013	100.001	5.370	1.461	1772749473.596
572	100.000	-0.015	100.000	4.320	1.341	1772749473.774
573	100.000	-0.020	99.998	2.781	1.187	1772749473.950
574	100.000	-0.057	100.005	2.377	0.908	1772749474.175
575	100.000	0.064	99.995	2.756	1.005	1772749474.361
576	100.000	0.031	99.999	4.493	1.353	1772749474.598
577	100.000	0.005	100.000	5.377	1.599	1772749474.793
578	100.000	-0.051	100.001	5.569	1.605	1772749474.974
579	100.000	-0.030	99.998	4.293	1.478	1772749475.182
580	100.000	0.092	100.005	2.959	1.153	1772749475.403
581	100.000	0.017	99.999	2.265	0.757	1772749475.584
582	100.000	-0.011	100.005	2.666	0.675	1772749475.811
583	100.000	0.007	100.002	3.470	1.176	1772749476.025
584	100.000	-0.012	99.999	4.808	1.511	1772749476.206
585	100.000	0.015	100.001	5.651	1.674	1772749476.400
586	100.000	-0.033	99.998	5.272	1.520	1772749476.573
587	100.000	-0.021	99.998	4.032	1.365	1772749476.796
588	100.000	-0.042	99.999	2.656	0.844	1772749477.057
589	100.000	-0.005	99.998	3.099	0.616	1772749477.289
590	100.000	0.032	100.000	4.083	1.161	1772749477.535
591	100.000	0.047	100.001	5.031	1.458	1772749477.744
592	100.000	0.004	100.001	5.280	1.499	1772749477.960
593	100.000	-0.006	99.997	4.396	1.411	1772749478.149
594	100.000	-0.028	99.998	2.807	1.155	1772749478.334
595	100.000	-0.047	99.996	2.068	0.707	1772749478.566
596	100.000	0.009	100.000	3.283	0.565	1772749478.809
597	100.000	0.036	100.001	3.875	1.045	1772749479.040
598	100.000	0.026	100.000	4.834	1.487	1772749479.295
599	100.000	-0.030	99.998	4.803	1.523	1772749479.521
600	100.000	-0.044	99.997	3.751	1.338	1772749479.706
601	100.000	-0.065	100.001	2.572	0.955	1772749479.901
602	100.000	0.053	100.003	2.537	0.597	1772749480.166
603	100.000	-0.007	99.998	3.006	0.784	1772749480.361
604	100.000	-0.035	100.002	3.461	1.220	1772749480.537
605	100.000	0.029	100.000	4.379	1.522	1772749480.727
606	100.000	-0.052	99.999	4.480	1.660	1772749480.936
607	100.000	0.037	100.003	3.897	1.422	1772749481.178
608	100.000	-0.062	100.001	2.428	1.040	1772749481.418
609	100.000	-0.007	99.994	2.302	0.525	1772749481.627
610	100.000	-0.010	100.002	2.668	0.841	1772749481.868
611	100.000	-0.024	99.999	3.443	1.376	1772749482.063
612	100.000	0.007	100.001	4.206	1.587	1772749482.324
613	100.000	0.024	100.000	3.882	1.463	1772749482.569
614	100.000	0.048	100.001	2.978	1.187	1772749482.798
615	100.000	-0.008	99.999	1.958	0.667	1772749482.991
616	100.000	0.031	99.998	2.432	0.633	1772749483.223
617	100.000	-0.026	100.001	3.352	1.180	1772749483.427
618	100.000	-0.018	100.000	4.351	1.585	1772749483.686
619	100.000	0.057	99.998	3.932	1.664	1772749483.913
620	100.000	0.040	100.000	3.904	1.575	1772749484.099
621	100.000	0.030	100.001	2.931	1.407	1772749484.303
622	100.000	0.059	100.001	1.981	0.699	1772749484.563
623	100.000	-0.036	99.998	2.850	0.760	1772749484.794
624	100.000	0.030	99.996	3.617	1.444	1772749485.067
625	100.000	0.038	99.997	4.222	1.791	1772749485.304
626	100.000	-0.007	99.997	3.470	1.650	1772749485.582
627	100.000	-0.053	99.999	2.344	1.522	1772749485.821
628	100.000	0.050	99.999	2.065	0.981	1772749486.056
629	100.000	0.054	99.998	3.211	0.998	1772749486.251
630	100.000	0.007	100.001	3.989	1.339	1772749486.505
631	100.000	-0.043	99.999	4.516	1.698	1772749486.754
632	100.000	0.017	100.001	3.893	1.680	1772749486.997
633	100.000	0.035	100.002	3.101	1.514	1772749487.183
634	100.000	-0.011	100.001	1.867	1.138	1772749487.371
635	100.000	0.005	100.003	2.120	0.797	1772749487.599
636	100.000	0.031	100.003	3.081	1.019	1772749487.797
637	100.000	-0.037	99.998	4.037	1.374	1772749487.990
638	100.000	0.001	100.002	4.802	1.681	1772749488.188
639	100.000	0.003	99.996	4.346	1.630	1772749488.373
640	100.000	0.019	99.999	3.828	1.512	1772749488.573
641	100.000	0.030	100.003	2.808	1.311	1772749488.809
642	100.000	0.001	99.998	2.375	0.798	1772749488.978
643	100.000	0.053	100.007	2.743	0.838	1772749489.183
644	100.000	-0.025	99.998	3.757	1.417	1772749489.451
645	100.000	-0.051	99.998	4.226	1.747	1772749489.634
646	100.000	-0.045	100.002	4.196	1.715	1772749489.883
647	100.000	-0.004	100.002	3.274	1.444	1772749490.135
648	100.000	0.014	100.000	1.929	1.019	1772749490.328
649	100.000	0.005	100.003	2.067	0.579	1772749490.545
650	100.000	-0.049	99.999	2.651	1.098	1772749490.741
651	100.000	0.049	99.996	3.676	1.647	1772749490.912
652	100.000	-0.001	100.001	4.789	1.884	1772749491.123
653	100.000	0.001	100.000	4.720	1.697	1772749491.304
654	100.000	-0.027	99.999	4.057	1.491	1772749491.529
655	100.000	0.046	99.997	2.791	1.101	1772749491.762
656	100.000	0.008	100.001	2.257	0.617	1772749492.009
657	100.000	0.069	100.001	2.948	1.068	1772749492.183
658	100.000	0.009	99.999	3.927	1.486	1772749492.356
659	100.000	-0.069	99.999	4.838	1.681	1772749492.578
660	100.000	0.033	100.002	5.291	1.662	1772749492.816
661	100.000	-0.025	100.003	4.360	1.423	1772749493.074
662	100.000	-0.089	99.999	2.870	0.926	1772749493.311
663	100.000	0.060	99.999	2.594	0.478	1772749493.519
664	100.000	0.024	99.999	3.170	1.095	1772749493.760
665	100.000	0.054	99.997	4.534	1.512	1772749493.947
666	100.000	0.008	99.999	4.794	1.703	1772749494.159
667	100.000	0.045	99.995	4.379	1.653	1772749494.395
668	100.000	0.025	99.996	3.466	1.354	1772749494.631
669	100.000	-0.038	100.001	2.704	0.857	1772749494.823
670	100.000	0.005	100.002	2.172	0.410	1772749495.024
671	100.000	-0.031	99.999	2.984	1.181	1772749495.232
672	100.000	0.046	99.999	4.427	1.658	1772749495.444
673	100.000	-0.043	100.002	5.148	1.794	1772749495.615
674	100.000	-0.009	100.003	4.285	1.618	1772749495.812
675	100.000	-0.027	100.003	2.779	1.373	1772749495.999
676	100.000	-0.008	100.003	2.003	0.851	1772749496.184
677	100.000	-0.006	100.002	2.263	0.241	1772749496.394
678	100.000	-0.027	100.000	2.556	0.688	1772749496.621
679	100.000	-0.001	99.999	3.365	1.423	1772749496.828
680	100.000	0.065	100.001	4.722	1.748	1772749497.091
681	100.000	-0.051	100.001	4.459	1.658	1772749497.317
682	100.000	-0.046	100.001	3.145	1.337	1772749497.518
683	100.000	-0.013	99.998	1.850	0.536	1772749497.747
684	100.000	0.020	100.005	2.560	0.360	1772749497.981
685	100.000	-0.004	99.998	3.374	1.046	1772749498.194
686	100.000	0.001	100.000	4.625	1.531	1772749498.394
687	100.000	0.001	100.002	4.688	1.656	1772749498.628
688	100.000	0.041	100.001	3.972	1.375	1772749498.893
689	100.000	0.058	100.001	2.877	0.830	1772749499.123
690	100.000	-0.004	100.003	2.911	0.294	1772749499.397
691	100.000	0.027	100.002	3.382	0.940	1772749499.633
692	100.000	0.038	99.999	4.650	1.511	1772749499.811
693	100.000	-0.038	100.000	5.067	1.742	1772749499.996
694	100.000	-0.020	99.999	4.305	1.721	1772749500.164
695	100.000	0.009	99.999	3.657	1.545	1772749500.400
696	100.000	0.022	100.000	2.445	0.898	1772749500.639
697	100.000	-0.040	99.998	2.804	0.418	1772749500.855
698	100.000	0.022	100.000	3.309	0.728	1772749501.042
699	100.000	0.036	100.000	4.345	1.385	1772749501.285
700	100.000	-0.019	99.996	5.166	1.668	1772749501.515
701	100.000	-0.028	100.001	4.725	1.639	1772749501.743
702	100.000	-0.037	99.999	3.315	1.253	1772749501.935
703	100.000	0.005	99.999	2.516	1.046	1772749502.128
704	100.000	0.048	100.004	2.498	0.715	1772749502.338
705	100.000	-0.002	99.995	3.689	1.153	1772749502.576
706	100.000	0.038	100.002	5.381	1.460	1772749502.760
707	100.000	0.022	100.003	6.148	1.619	1772749502.932
708	100.000	-0.029	99.996	4.861	1.638	1772749503.134
709	100.000	-0.051	100.000	3.809	1.448	1772749503.321
710	100.000	-0.019	99.998	2.385	1.254	1772749503.485
711	100.000	-0.036	100.002	2.776	0.883	1772749503.673
712	100.000	0.012	100.003	3.131	0.710	1772749503.894
713	100.000	0.080	100.002	4.556	1.137	1772749504.127
714	100.000	0.043	99.999	5.680	1.556	1772749504.330
715	100.000	-0.045	99.996	5.637	1.614	1772749504.575
716	100.000	-0.050	99.999	3.759	1.526	1772749504.842
717	100.000	0.027	100.004	2.077	1.130	1772749505.031
718	100.000	0.037	99.996	2.205	0.698	1772749505.270
719	100.000	-0.019	99.998	3.468	0.886	1772749505.521
720	100.000	0.029	100.000	4.780	1.325	1772749505.734
721	100.000	0.046	99.997	5.072	1.675	1772749505.933
722	100.000	0.004	100.001	4.348	1.699	1772749506.147
723	100.000	-0.032	100.001	2.917	1.623	1772749506.392
724	100.000	-0.041	99.997	1.911	1.182	1772749506.590
725	100.000	-0.067	100.006	2.538	0.936	1772749506.857
726	100.000	-0.000	100.002	4.515	1.304	1772749507.102
727	100.000	-0.070	100.000	5.441	1.633	1772749507.323
728	100.000	0.034	100.001	5.204	1.798	1772749507.513
729	100.000	0.001	100.002	3.927	1.767	1772749507.756
730	100.000	0.037	99.999	2.487	1.425	1772749507.984
731	100.000	0.059	99.998	2.252	0.623	1772749508.220
732	100.000	0.068	100.004	3.293	0.813	1772749508.470
733	100.000	-0.001	99.999	4.631	1.385	1772749508.687
734	100.000	-0.002	100.000	5.190	1.716	1772749508.887
735	100.000	-0.000	100.002	4.826	1.818	1772749509.072
736	100.000	-0.006	99.999	3.852	1.680	1772749509.342
737	100.000	-0.013	99.997	2.617	1.125	1772749509.567
738	100.000	0.012	100.003	2.816	0.657	1772749509.779
739	100.000	0.012	99.999	3.565	1.026	1772749510.048
740	100.000	-0.031	100.003	4.899	1.533	1772749510.273
741	100.000	-0.008	99.998	4.861	1.737	1772749510.450
742	100.000	-0.027	100.000	4.883	1.719	1772749510.642
743	100.000	0.011	99.999	3.459	1.446	1772749510.912
744	100.000	0.012	100.001	3.125	0.830	1772749511.136
745	100.000	0.008	100.003	3.160	0.700	1772749511.310
746	100.000	0.036	100.002	3.532	1.189	1772749511.498
747	100.000	0.031	99.997	4.572	1.576	1772749511.702
748	100.000	-0.005	100.003	5.435	1.819	1772749511.887
749	100.000	-0.012	100.001	5.194	1.791	1772749512.112
750	100.000	0.001	99.997	4.059	1.550	1772749512.355
751	100.000	-0.023	100.007	2.785	1.128	1772749512.597
752	100.000	0.003	100.000	3.118	0.754	1772749512.827
753	100.000	-0.039	99.997	3.741	1.173	1772749513.029
754	100.000	-0.034	99.999	4.702	1.554	1772749513.251
755	100.000	0.035	100.002	4.990	1.725	1772749513.467
756	100.000	0.014	99.999	4.605	1.656	1772749513.721
757	100.000	-0.004	100.001	3.255	1.376	1772749513.954
758	100.000	0.044	99.999	2.799	0.657	1772749514.203
759	100.000	0.029	100.001	2.803	0.898	1772749514.405
760	100.000	-0.045	100.002	4.144	1.532	1772749514.633
761	100.000	-0.059	99.999	4.547	1.748	1772749514.815
762	100.000	-0.008	99.997	4.201	1.854	1772749515.004
763	100.000	0.009	100.001	3.829	1.682	1772749515.238
764	100.000	-0.006	99.999	2.928	1.350	1772749515.462
765	100.000	0.027	100.002	2.952	0.754	1772749515.720
766	100.000	-0.080	100.000	3.154	1.119	1772749515.977
767	100.000	0.034	100.000	4.184	1.715	1772749516.197
768	100.000	0.003	100.000	4.194	1.848	1772749516.386
769	100.000	0.033	99.998	3.986	1.781	1772749516.544
770	100.000	-0.056	99.998	3.026	1.648	1772749516.758
771	100.000	-0.031	99.996	2.630	1.267	1772749516.978
772	100.000	0.019	100.000	2.624	0.815	1772749517.225
773	100.000	-0.040	99.999	3.541	1.284	1772749517.438
774	100.000	0.009	100.001	4.011	1.654	1772749517.623
775	100.000	-0.020	100.002	4.007	1.971	1772749517.845
776	100.000	-0.009	100.002	3.840	1.818	1772749518.104
777	100.000	-0.033	100.002	3.219	1.479	1772749518.325
778	100.000	-0.022	100.006	3.127	1.058	1772749518.495
779	100.000	-0.019	100.000	3.185	0.877	1772749518.718
780	100.000	0.018	99.998	3.972	1.426	1772749518.959
781	100.000	0.015	100.001	4.787	1.886	1772749519.139
782	100.000	0.000	100.003	4.584	2.103	1772749519.338
783	100.000	0.017	99.998	3.691	2.003	1772749519.539
784	100.000	-0.012	99.997	3.103	1.661	1772749519.783
785	100.000	-0.067	99.998	3.291	0.888	1772749520.012
786	100.000	-0.005	100.000	3.772	0.919	1772749520.219
787	100.000	0.070	99.998	4.397	1.323	1772749520.444
788	100.000	-0.033	100.001	4.789	1.672	1772749520.623
789	100.000	-0.035	100.000	3.986	1.842	1772749520.856
790	100.000	0.026	100.000	3.229	1.658	1772749521.062
791	100.000	-0.048	100.001	3.255	1.253	1772749521.257
792	100.000	0.005	100.001	2.992	0.724	1772749521.477
793	100.000	-0.042	99.999	3.609	0.587	1772749521.701
794	100.000	-0.046	99.997	4.173	1.159	1772749521.930
795	100.000	0.039	100.004	4.407	1.560	1772749522.163
796	100.000	-0.036	100.000	3.015	1.817	1772749522.389
797	100.000	0.025	100.002	2.486	1.618	1772749522.579
798	100.000	0.022	99.997	2.064	1.187	1772749522.776
799	100.000	0.035	99.998	2.787	0.759	1772749522.969
800	100.000	0.084	100.001	3.908	0.707	1772749523.165
801	100.000	-0.007	99.997	4.417	1.175	1772749523.416
802	100.000	0.018	99.998	4.599	1.530	1772749523.659
803	100.000	-0.061	99.997	2.985	1.626	1772749523.880
804	100.000	-0.003	99.998	1.680	1.361	1772749524.093
805	100.000	0.070	99.999	1.880	0.491	1772749524.286
806	100.000	-0.051	99.999	2.642	0.320	1772749524.481
807	100.000	-0.001	99.998	3.487	0.755	1772749524.730
808	100.000	0.004	100.001	4.958	1.288	1772749524.984
809	100.000	0.016	100.002	4.259	1.604	1772749525.165
810	100.000	0.009	99.999	2.920	1.732	1772749525.440
811	100.000	-0.000	99.998	1.381	0.963	1772749525.669
812	100.000	-0.015	100.003	2.445	0.485	1772749525.893
813	100.000	-0.022	100.002	3.557	0.528	1772749526.106
814	100.000	0.036	100.000	4.280	1.132	1772749526.357
815	100.000	-0.008	100.000	4.977	1.532	1772749526.618
816	100.000	-0.033	100.002	3.415	1.547	1772749526.862
817	100.000	0.021	99.998	1.784	1.229	1772749527.091
818	100.000	0.010	100.001	2.042	0.329	1772749527.345
819	100.000	-0.013	100.000	2.798	0.352	1772749527.534
820	100.000	0.016	99.997	3.383	0.976	1772749527.738
821	100.000	-0.027	100.001	5.041	1.479	1772749527.965
822	100.000	-0.023	100.000	4.826	1.636	1772749528.161
823	100.000	0.034	100.001	3.309	1.590	1772749528.426
824	100.000	0.003	100.001	1.866	0.942	1772749528.661
825	100.000	-0.014	99.999	2.954	0.416	1772749528.834
826	100.000	-0.046	100.000	3.696	0.541	1772749529.079
827	100.000	0.038	100.001	4.486	1.127	1772749529.322
828	100.000	-0.017	99.999	5.364	1.545	1772749529.514
829	100.000	-0.045	99.998	4.513	1.657	1772749529.722
830	100.000	-0.024	99.999	3.005	1.679	1772749529.899
831	100.000	-0.074	100.000	2.057	1.334	1772749530.120
832	100.000	0.035	100.001	2.891	0.643	1772749530.373
833	100.000	-0.019	99.998	3.829	0.517	1772749530.565
834	100.000	-0.034	99.995	4.197	1.092	1772749530.812
835	100.000	0.037	99.997	5.311	1.547	1772749531.071
836	100.000	-0.006	100.002	4.173	1.517	1772749531.302
837	100.000	-0.047	100.002	2.426	1.270	1772749531.553
838	100.000	0.018	99.999	2.705	0.794	1772749531.747
839	100.000	-0.026	100.001	3.888	0.489	1772749531.971
840	100.000	-0.025	100.001	4.656	0.836	1772749532.171
841	100.000	0.007	100.003	5.335	1.305	1772749532.377
842	100.000	-0.004	100.001	5.482	1.573	1772749532.628
843	100.000	0.009	99.999	4.011	1.434	1772749532.845
844	100.000	-0.015	100.001	2.671	1.243	1772749533.053
845	100.000	-0.020	99.998	2.526	0.635	1772749533.317
846	100.000	-0.021	99.998	4.520	0.682	1772749533.542
847	100.000	0.006	100.002	5.362	1.128	1772749533.719
848	100.000	0.011	100.000	5.718	1.387	1772749533.927
849	100.000	-0.005	100.003	5.284	1.485	1772749534.177
850	100.000	-0.001	100.001	3.883	1.282	1772749534.402
851	100.000	-0.001	99.999	2.475	0.779	1772749534.614
852	100.000	0.011	100.003	3.051	0.310	1772749534.866
853	100.000	-0.010	100.001	4.333	0.621	1772749535.056
854	100.000	0.073	99.999	5.078	1.147	1772749535.239
855	100.000	0.047	100.001	6.143	1.425	1772749535.448
856	100.000	-0.026	99.999	5.459	1.546	1772749535.695
857	100.000	0.038	100.002	3.275	1.267	1772749535.943
858	100.000	0.019	100.003	2.418	0.566	1772749536.173
859	100.000	-0.003	100.001	3.375	0.342	1772749536.371
860	100.000	0.063	100.000	4.127	0.733	1772749536.645
861	100.000	0.003	99.997	5.005	1.404	1772749536.885
862	100.000	-0.014	99.998	5.116	1.477	1772749537.139
863	100.000	-0.035	99.994	2.836	1.395	1772749537.370
864	100.000	-0.019	99.997	2.179	0.853	1772749537.565
865	100.000	0.051	100.003	3.251	0.323	1772749537.822
866	100.000	-0.015	99.994	4.573	0.653	1772749538.060
867	100.000	-0.005	100.005	5.017	1.158	1772749538.262
868	100.000	0.025	99.994	5.555	1.568	1772749538.510
869	100.000	0.013	99.997	4.466	1.511	1772749538.765
870	100.000	0.036	100.002	2.953	1.127	1772749538.990
871	100.000	-0.029	99.998	3.277	0.538	1772749539.237
872	100.000	0.046	100.006	4.626	0.598	1772749539.425
873	100.000	-0.019	99.996	5.019	0.894	1772749539.623
874	100.000	-0.015	100.000	5.179	1.328	1772749539.898
875	100.000	-0.016	100.000	4.594	1.570	1772749540.121
876	100.000	0.072	99.998	3.429	1.330	1772749540.355
877	100.000	-0.037	100.000	3.159	0.743	1772749540.538
878	100.000	0.042	100.005	4.115	0.543	1772749540.804
879	100.000	-0.002	100.001	4.947	0.806	1772749540.987
880	100.000	-0.017	100.000	5.519	1.185	1772749541.177
881	100.000	-0.020	100.000	5.789	1.527	1772749541.392
882	100.000	-0.035	100.003	5.059	1.528	1772749541.581
883	100.000	0.016	100.001	3.688	1.496	1772749541.832
884	100.000	0.037	99.998	2.815	0.833	1772749542.083
885	100.000	0.005	99.999	4.040	0.616	1772749542.324
886	100.000	0.034	100.004	4.875	0.990	1772749542.511
887	100.000	-0.008	99.995	5.412	1.283	1772749542.695
888	100.000	0.015	99.998	5.224	1.524	1772749542.888
889	100.000	-0.003	99.997	4.450	1.541	1772749543.143
890	100.000	0.017	99.998	3.001	1.318	1772749543.402
891	100.000	0.035	99.996	3.390	0.718	1772749543.610
892	100.000	0.005	100.000	4.290	0.720	1772749543.816
893	100.000	0.019	100.002	5.466	1.110	1772749544.016
894	100.000	-0.011	99.999	5.754	1.380	1772749544.179
895	100.000	0.079	100.000	5.772	1.534	1772749544.389
896	100.000	-0.070	99.997	4.428	1.578	1772749544.634
897	100.000	-0.015	99.996	3.084	1.277	1772749544.813
898	100.000	0.004	100.000	3.251	0.848	1772749545.039
899	100.000	0.012	99.998	4.672	0.639	1772749545.242
900	100.000	0.005	99.997	4.972	0.926	1772749545.442
901	100.000	-0.000	100.000	5.656	1.460	1772749545.653
902	100.000	0.015	99.998	5.691	1.605	1772749545.859
903	100.000	-0.058	99.995	4.606	1.555	1772749546.094
904	100.000	0.081	100.001	3.258	1.246	1772749546.335
905	100.000	-0.028	99.998	3.569	0.597	1772749546.567
906	100.000	0.030	99.998	4.985	0.643	1772749546.768
907	100.000	0.013	100.003	4.809	1.044	1772749546.999
908	100.000	-0.006	99.998	5.209	1.582	1772749547.282
909	100.000	0.032	100.002	4.621	1.642	1772749547.484
910	100.000	-0.035	99.998	3.063	1.495	1772749547.684
911	100.000	-0.032	100.002	2.553	1.049	1772749547.890
912	100.000	-0.024	100.003	4.214	0.495	1772749548.132
913	100.000	-0.052	99.996	5.291	0.675	1772749548.334
914	100.000	0.002	99.999	5.010	1.181	1772749548.570
915	100.000	-0.012	100.002	4.961	1.603	1772749548.749
916	100.000	-0.015	100.004	4.153	1.677	1772749549.023
917	100.000	0.013	100.002	2.340	1.257	1772749549.249
918	100.000	0.030	99.998	2.834	0.479	1772749549.508
919	100.000	0.014	99.998	4.648	0.403	1772749549.698
920	100.000	-0.073	100.000	5.135	0.731	1772749549.889
921	100.000	0.055	99.999	4.802	1.209	1772749550.117
922	100.000	-0.011	99.998	4.372	1.665	1772749550.318
923	100.000	0.026	100.000	3.477	1.535	1772749550.582
924	100.000	0.023	99.999	2.331	1.023	1772749550.820
925	100.000	0.044	100.002	3.657	0.495	1772749551.095
926	100.000	-0.042	100.004	4.928	0.798	1772749551.322
927	100.000	-0.007	99.998	4.898	1.256	1772749551.524
928	100.000	-0.006	99.998	4.827	1.620	1772749551.764
929	100.000	-0.005	100.005	3.723	1.834	1772749552.015
930	100.000	-0.045	100.000	2.114	1.621	1772749552.217
931	100.000	0.007	100.004	2.288	0.487	1772749552.452
932	100.000	-0.001	100.001	4.477	0.437	1772749552.704
933	100.000	-0.021	100.005	4.541	0.907	1772749552.943
934	100.000	0.024	100.000	4.284	1.454	1772749553.141
935	100.000	0.051	99.998	4.500	1.620	1772749553.379
936	100.000	0.023	99.997	3.523	1.556	1772749553.568
937	100.000	0.004	100.001	2.416	1.019	1772749553.765
938	100.000	0.025	100.002	3.339	0.341	1772749553.995
939	100.000	-0.015	99.996	4.802	0.423	1772749554.203
940	100.000	-0.012	100.001	4.460	0.986	1772749554.451
941	100.000	-0.039	100.001	4.680	1.484	1772749554.678
942	100.000	-0.020	99.998	3.835	1.689	1772749554.865
943	100.000	0.063	100.001	2.333	1.717	1772749555.056
944	100.000	0.018	100.001	1.219	1.497	1772749555.266
945	100.000	0.037	99.998	2.711	0.410	1772749555.511
946	100.000	0.001	100.000	4.366	0.717	1772749555.730
947	100.000	-0.007	100.003	4.759	1.039	1772749555.955
948	100.000	0.106	100.002	4.740	1.480	1772749556.178
949	100.000	-0.008	99.997	4.426	1.627	1772749556.379
950	100.000	0.011	100.004	2.588	1.322	1772749556.570
951	100.000	-0.014	100.003	2.025	0.963	1772749556.761
952	100.000	-0.005	100.001	2.824	0.413	1772749556.932
953	100.000	0.029	100.001	4.544	0.494	1772749557.102
954	100.000	-0.019	99.997	4.568	0.769	1772749557.312
955	100.000	-0.019	100.000	4.347	1.357	1772749557.578
956	100.000	-0.044	100.000	4.212	1.666	1772749557.822
957	100.000	-0.068	100.001	2.409	1.578	1772749558.075
958	100.000	-0.060	99.998	1.759	1.016	1772749558.296
959	100.000	-0.016	100.000	3.146	0.551	1772749558.505
960	100.000	-0.067	100.001	4.687	0.581	1772749558.671
961	100.000	-0.045	100.002	4.453	0.850	1772749558.872
962	100.000	0.018	100.001	3.830	1.438	1772749559.080
963	100.000	0.048	100.004	3.519	1.577	1772749559.334
964	100.000	-0.027	100.001	2.100	1.161	1772749559.557
965	100.000	-0.026	99.998	2.546	0.632	1772749559.735
966	100.000	-0.021	99.999	3.807	0.443	1772749559.933
967	100.000	-0.056	100.002	4.801	0.719	1772749560.199
968	100.000	-0.080	99.998	3.941	1.115	1772749560.400
969	100.000	0.051	100.000	3.727	1.488	1772749560.631
970	100.000	0.027	100.003	2.847	1.487	1772749560.892
971	100.000	-0.005	100.003	1.762	1.074	1772749561.131
972	100.000	-0.044	99.999	2.581	0.365	1772749561.302
973	100.000	-0.010	100.003	4.224	0.413	1772749561.504
974	100.000	-0.029	100.001	4.403	0.710	1772749561.761
975	100.000	0.003	99.999	3.832	1.296	1772749562.001
976	100.000	0.019	99.998	3.321	1.447	1772749562.189
977	100.000	0.034	99.998	1.918	1.244	1772749562.422
978	100.000	0.001	100.000	1.588	0.707	1772749562.657
979	100.000	-0.065	100.001	2.914	0.475	1772749562.818
980	100.000	0.038	99.999	4.399	0.440	1772749563.026
981	100.000	-0.065	99.996	4.631	0.710	1772749563.211
982	100.000	-0.050	100.003	4.129	1.251	1772749563.400
983	100.000	0.066	100.001	3.617	1.515	1772749563.587
984	100.000	0.005	99.999	2.461	1.317	1772749563.833
985	100.000	-0.026	100.001	1.626	0.747	1772749564.027
986	100.000	0.015	100.000	2.349	0.377	1772749564.217
987	100.000	-0.062	99.999	4.107	0.427	1772749564.417
988	100.000	-0.004	100.001	5.139	0.622	1772749564.650
989	100.000	-0.002	100.002	4.181	1.189	1772749564.887
990	100.000	0.029	100.001	3.347	1.580	1772749565.074
991	100.000	-0.005	100.002	2.157	1.617	1772749565.272
992	100.000	0.025	100.001	1.284	1.004	1772749565.451
993	100.000	-0.054	100.002	2.037	6.200	1772749565.658
994	100.000	0.026	100.001	3.934	0.142	1772749565.904
995	100.000	-0.037	100.002	4.499	0.614	1772749566.145
996	100.000	-0.010	100.002	3.819	1.271	1772749566.336
997	100.000	0.040	100.001	3.639	1.599	1772749566.579
998	100.000	-0.045	100.004	2.208	1.655	1772749566.839
999	100.000	0.050	100.000	1.063	0.520	1772749567.059
1000	100.000	-0.025	99.995	3.256	0.255	1772749567.254
1001	100.000	-0.013	100.002	4.669	0.390	1772749567.445
1002	100.000	-0.031	99.999	4.820	0.823	1772749567.646
1003	100.000	-0.013	99.999	3.750	1.429	1772749567.841
1004	100.000	0.057	99.999	2.676	1.795	1772749568.061
1005	100.000	-0.013	99.999	1.435	1.716	1772749568.280
1006	100.000	0.022	100.000	0.459	6.274	1772749568.457
1007	100.000	-0.004	99.998	2.354	0.132	1772749568.665
1008	100.000	0.005	100.003	4.146	0.281	1772749568.854
1009	100.000	-0.032	99.999	5.163	0.633	1772749569.113
1010	100.000	0.019	100.003	4.209	1.220	1772749569.338
1011	100.000	0.002	99.998	3.013	1.743	1772749569.536
1012	100.000	0.015	100.003	1.786	1.872	1772749569.696
1013	100.000	0.006	100.003	0.789	1.806	1772749569.902
1014	100.000	-0.015	100.000	1.045	0.287	1772749570.079
1015	100.000	-0.027	100.001	3.772	0.456	1772749570.302
1016	100.000	-0.012	100.000	4.736	0.685	1772749570.553
1017	100.000	0.027	99.998	3.976	1.177	1772749570.797
1018	100.000	-0.067	100.002	2.903	1.680	1772749571.034
1019	100.000	0.006	100.005	0.226	1.868	1772749571.286
1020	100.000	0.046	99.997	0.766	5.909	1772749571.441
1021	100.000	-0.013	100.002	2.289	0.210	1772749571.632
1022	100.000	0.001	100.004	4.550	0.397	1772749571.860
1023	100.000	-0.023	99.998	4.854	0.711	1772749572.127
1024	100.000	0.026	100.000	3.329	1.316	1772749572.368
1025	100.000	0.066	100.005	2.257	1.830	1772749572.613
1026	100.000	-0.027	100.000	0.451	5.026	1772749572.840
1027	100.000	-0.008	100.003	1.378	5.162	1772749573.030
1028	100.000	-0.045	99.997	2.723	0.245	1772749573.207
1029	100.000	-0.008	100.000	4.516	0.706	1772749573.421
1030	100.000	-0.009	99.999	4.622	1.051	1772749573.665
1031	100.000	-0.024	100.001	3.466	1.679	1772749573.911
1032	100.000	0.023	99.997	2.202	1.985	1772749574.162
1033	100.000	0.022	99.999	1.118	2.034	1772749574.344
1034	100.000	-0.072	100.001	0.093	0.851	1772749574.539
1035	100.000	-0.052	100.001	0.580	5.146	1772749574.752
1036	100.000	-0.018	100.000	0.677	5.106	1772749574.962
1037	100.000	0.046	99.998	0.593	4.838	1772749575.184
1038	100.000	0.004	100.002	0.610	5.353	1772749575.432
1039	100.000	-0.001	100.000	0.437	4.931	1772749575.639
1040	100.000	0.031	100.000	0.447	5.382	1772749575.827
1041	100.000	-0.002	99.998	0.652	5.464	1772749576.059
1042	100.000	0.050	100.004	0.676	5.012	1772749576.288
1043	100.000	-0.072	99.997	0.665	4.929	1772749576.491
1044	100.000	-0.075	100.002	0.587	5.050	1772749576.719
1045	100.000	0.032	100.002	0.633	4.797	1772749576.894
1046	100.000	-0.023	100.001	0.831	4.966	1772749577.106
1047	100.000	0.026	99.996	0.717	5.045	1772749577.371
1048	100.000	-0.072	100.003	0.782	4.965	1772749577.614
1049	100.000	0.009	100.001	0.638	5.103	1772749577.853
1050	100.000	-0.023	100.000	0.216	5.643	1772749578.048
1051	100.000	0.000	100.000	0.508	5.150	1772749578.275
1052	100.000	-0.036	99.999	0.544	5.047	1772749578.497
1053	100.000	-0.012	100.001	0.495	5.341	1772749578.739
1054	100.000	-0.007	99.999	0.429	5.096	1772749578.966
1055	100.000	-0.025	99.999	0.686	5.539	1772749579.144
1056	100.000	-0.064	100.002	0.894	5.015	1772749579.341
1057	100.000	0.004	100.003	0.691	4.934	1772749579.598
1058	100.000	0.044	100.000	0.535	5.848	1772749579.792
1059	100.000	-0.035	99.999	0.591	5.470	1772749580.018
1060	100.000	0.034	99.999	0.853	4.818	1772749580.210
1061	100.000	0.069	99.998	0.512	5.083	1772749580.399
1062	100.000	-0.011	100.001	0.619	5.133	1772749580.627
1063	100.000	0.000	100.001	0.722	5.060	1772749580.885
1064	100.000	-0.041	99.999	0.421	5.690	1772749581.137
1065	100.000	-0.028	99.999	0.707	5.125	1772749581.401
1066	100.000	0.016	100.004	0.620	5.319	1772749581.615
1067	100.000	-0.064	100.002	0.526	5.447	1772749581.820
1068	100.000	-0.060	99.997	0.487	4.901	1772749582.071
1069	100.000	-0.014	99.997	0.519	5.227	1772749582.319
1070	100.000	-0.062	100.004	0.589	5.085	1772749582.512
1071	100.000	-0.015	100.003	0.618	5.124	1772749582.757
1072	100.000	0.013	99.995	0.637	4.973	1772749582.959
1073	100.000	0.068	99.999	0.626	5.051	1772749583.194
1074	100.000	-0.010	100.002	0.553	5.070	1772749583.403
1075	100.000	0.041	100.000	0.530	5.296	1772749583.643
1076	100.000	-0.026	99.999	0.596	5.047	1772749583.873
1077	100.000	0.044	100.002	0.917	4.934	1772749584.040
1078	100.000	0.042	100.001	0.639	5.083	1772749584.268
1079	100.000	0.002	100.003	0.710	5.071	1772749584.500
1080	100.000	-0.002	99.999	0.652	5.209	1772749584.700
1081	100.000	0.001	100.002	0.598	5.276	1772749584.906
1082	100.000	-0.018	100.001	0.697	5.119	1772749585.158
1083	100.000	-0.060	99.998	0.792	4.954	1772749585.408
1084	100.000	0.016	100.001	0.711	5.031	1772749585.646
1085	100.000	-0.020	99.999	0.673	5.087	1772749585.828
1086	100.000	0.013	99.999	0.699	5.330	1772749586.011
1087	100.000	-0.055	99.997	0.717	5.378	1772749586.209
1088	100.000	0.002	99.998	0.654	5.365	1772749586.402
1089	100.000	0.001	99.999	0.874	5.061	1772749586.601
1090	100.000	0.025	100.002	0.556	5.066	1772749586.816
1091	100.000	-0.039	99.999	0.677	4.956	1772749587.052
1092	100.000	-0.017	99.995	0.812	5.055	1772749587.284
1093	100.000	0.034	99.998	0.403	5.625	1772749587.491
1094	100.000	0.017	99.997	0.820	5.099	1772749587.712
1095	100.000	-0.024	99.999	0.784	5.153	1772749587.989
1096	100.000	-0.011	100.000	0.749	5.053	1772749588.208
1097	100.000	0.008	100.002	0.642	5.290	1772749588.427
1098	100.000	-0.052	99.999	0.556	5.335	1772749588.690
1099	100.000	-0.025	100.000	0.716	5.060	1772749588.915
1100	100.000	-0.031	100.000	0.611	5.051	1772749589.090
1101	100.000	-0.005	99.999	0.577	5.016	1772749589.266
1102	100.000	0.043	100.002	0.671	4.871	1772749589.488
1103	100.000	-0.041	100.003	0.645	5.109	1772749589.686
1104	100.000	-0.019	99.997	0.445	4.830	1772749589.912
1105	100.000	0.041	100.003	0.584	4.866	1772749590.109
1106	100.000	-0.045	100.003	0.410	5.281	1772749590.273
1107	100.000	0.019	100.001	0.770	4.805	1772749590.484
1108	100.000	0.024	99.997	0.700	4.973	1772749590.652
1109	100.000	0.001	99.999	0.604	5.329	1772749590.847
1110	100.000	-0.030	99.996	0.718	4.944	1772749591.117
1111	100.000	-0.060	100.002	0.488	5.029	1772749591.326
1112	100.000	0.022	100.001	0.607	4.964	1772749591.529
1113	100.000	0.065	99.997	0.743	4.934	1772749591.716
1114	100.000	0.057	100.002	0.617	5.046	1772749591.972
1115	100.000	-0.012	100.001	0.519	5.147	1772749592.169
1116	100.000	-0.032	100.001	0.791	4.875	1772749592.395
1117	100.000	-0.024	100.002	0.500	4.771	1772749592.597
1118	100.000	-0.021	99.997	0.536	5.111	1772749592.852
1119	100.000	0.059	100.000	0.897	4.838	1772749593.106
1120	100.000	-0.017	99.999	0.420	4.875	1772749593.358
1121	100.000	0.050	99.999	0.873	4.924	1772749593.595
1122	100.000	-0.041	99.997	0.512	4.828	1772749593.799
1123	100.000	-0.005	100.004	0.972	4.998	1772749594.020
1124	100.000	-0.004	100.001	0.907	4.966	1772749594.233
1125	100.000	0.024	99.997	0.762	4.944	1772749594.426
1126	100.000	0.041	100.000	0.669	4.934	1772749594.610
1127	100.000	-0.002	99.999	0.504	4.917	1772749594.812
1128	100.000	0.001	100.003	0.864	4.817	1772749595.019
1129	100.000	-0.014	99.996	0.841	4.862	1772749595.242
1130	100.000	-0.032	99.998	0.781	4.859	1772749595.429
1131	100.000	-0.013	100.003	0.570	4.800	1772749595.638
1132	100.000	-0.004	99.998	0.570	4.748	1772749595.895
1133	100.000	0.052	99.999	0.516	5.131	1772749596.138
1134	100.000	-0.026	99.997	0.699	4.967	1772749596.390
1135	100.000	-0.040	100.002	0.617	5.229	1772749596.581
1136	100.000	-0.007	100.000	0.679	5.073	1772749596.832
1137	100.000	-0.012	100.000	0.659	4.893	1772749597.083
1138	100.000	0.022	100.005	0.594	5.174	1772749597.308
1139	100.000	0.003	100.001	0.589	4.991	1772749597.500
1140	100.000	0.004	100.000	0.689	5.149	1772749597.762
1141	100.000	0.019	99.997	0.468	5.342	1772749598.022
1142	100.000	0.018	100.003	0.545	5.138	1772749598.263
1143	100.000	-0.025	99.997	0.754	4.959	1772749598.502
1144	100.000	0.014	100.000	0.612	5.297	1772749598.701
1145	100.000	-0.023	100.002	0.610	5.004	1772749598.967
1146	100.000	-0.039	100.000	0.602	4.921	1772749599.212
1147	100.000	-0.004	100.001	0.862	4.953	1772749599.453
1148	100.000	-0.001	100.000	0.839	5.004	1772749599.698
1149	100.000	-0.011	100.003	0.653	5.295	1772749599.956
1150	100.000	0.066	99.995	0.823	4.897	1772749600.196
1151	100.000	0.051	100.002	0.694	4.971	1772749600.419
1152	100.000	0.038	100.001	0.602	4.969	1772749600.608
1153	100.000	-0.005	100.003	0.487	5.091	1772749600.836
1154	100.000	0.001	100.002	0.467	4.955	1772749601.069
1155	100.000	0.021	100.000	0.612	4.763	1772749601.257
1156	100.000	0.001	99.999	0.703	4.944	1772749601.445
1157	100.000	-0.009	100.001	0.565	4.982	1772749601.678
1158	100.000	0.020	100.000	0.596	4.664	1772749601.883
1159	100.000	-0.051	100.000	0.619	5.161	1772749602.127
1160	100.000	-0.013	100.000	0.503	5.225	1772749602.319
1161	100.000	-0.039	99.999	0.919	4.946	1772749602.611
1162	100.000	-0.006	99.996	0.417	5.355	1772749602.826
1163	100.000	0.039	99.998	0.753	4.859	1772749603.015
1164	100.000	-0.067	100.002	0.670	5.062	1772749603.214
1165	100.000	0.014	100.001	0.676	4.899	1772749603.440
1166	100.000	0.018	100.001	0.470	5.078	1772749603.637
1167	100.000	0.038	100.002	0.826	5.001	1772749603.843
1168	100.000	-0.076	100.002	0.615	4.754	1772749604.027
1169	100.000	-0.008	100.000	0.710	4.858	1772749604.243
1170	100.000	0.013	99.999	0.570	5.455	1772749604.494
1171	100.000	-0.038	100.002	0.608	4.951	1772749604.714
1172	100.000	0.020	100.003	0.895	4.834	1772749604.909
1173	100.000	0.018	99.998	0.752	4.755	1772749605.140
1174	100.000	0.039	100.001	0.566	4.979	1772749605.412
1175	100.000	-0.008	100.000	0.629	4.931	1772749605.644
1176	100.000	-0.010	100.000	0.788	4.869	1772749605.815
1177	100.000	-0.032	100.000	0.429	4.835	1772749606.021
1178	100.000	-0.031	99.998	0.478	4.915	1772749606.285
1179	100.000	-0.003	100.000	0.739	4.770	1772749606.533
1180	100.000	0.001	100.002	0.634	5.012	1772749606.784
1181	100.000	0.039	100.000	0.626	5.049	1772749607.027
1182	100.000	0.005	100.002	0.542	5.086	1772749607.252
1183	100.000	0.037	100.001	0.551	5.406	1772749607.477
1184	100.000	-0.001	100.001	0.589	4.982	1772749607.724
1185	100.000	-0.076	99.999	0.555	5.027	1772749607.935
1186	100.000	0.039	99.997	0.602	4.759	1772749608.135
1187	100.000	0.003	99.999	0.734	4.911	1772749608.416
1188	100.000	-0.026	99.998	0.627	4.934	1772749608.645
1189	100.000	0.009	99.999	0.583	4.919	1772749608.896
1190	100.000	-0.021	99.996	0.501	5.085	1772749609.099
1191	100.000	-0.022	99.997	0.569	5.071	1772749609.333
1192	100.000	0.029	100.000	0.608	4.967	1772749609.607
1193	100.000	-0.042	99.999	0.675	5.011	1772749609.838
1194	100.000	0.057	100.002	0.650	4.942	1772749610.039
1195	100.000	0.014	100.000	0.537	5.050	1772749610.277
1196	100.000	-0.052	99.999	0.867	4.920	1772749610.465
1197	100.000	-0.070	100.002	0.567	5.208	1772749610.653
1198	100.000	-0.008	99.996	0.812	4.953	1772749610.884
1199	100.000	-0.042	100.002	0.456	5.285	1772749611.083
1200	100.000	0.045	100.001	0.672	5.156	1772749611.369
1201	100.000	-0.047	99.996	0.512	5.263	1772749611.577
1202	100.000	-0.049	100.002	0.678	5.006	1772749611.778
1203	100.000	-0.008	99.998	0.605	5.008	1772749612.046
1204	100.000	-0.007	100.001	0.419	4.807	1772749612.268
1205	100.000	0.024	100.000	0.776	4.866	1772749612.461
1206	100.000	0.006	100.004	0.604	5.115	1772749612.636
1207	100.000	0.030	100.000	0.943	4.861	1772749612.797
1208	100.000	0.043	99.996	0.644	5.208	1772749613.017
1209	100.000	0.037	99.997	0.616	5.060	1772749613.277
1210	100.000	-0.027	99.999	0.543	5.074	1772749613.509
1211	100.000	0.004	100.001	0.674	5.068	1772749613.713
1212	100.000	0.054	100.001	0.784	4.992	1772749613.972
1213	100.000	0.021	100.005	0.636	5.001	1772749614.198
