Frequency Set (GHz)	Frequency Act (GHz)	Amplitude (via StrMod)	Phase (via StrMod)
200.000	200.030	2.655	4.019
200.000	200.026	2.683	3.998
200.000	200.024	2.714	3.998
200.000	200.023	2.762	4.001
200.000	200.019	2.772	3.996
200.000	200.019	2.731	3.998
200.000	200.018	2.807	3.986
200.000	200.016	2.848	4.001
200.000	200.009	2.805	3.985
200.000	200.011	2.868	4.007
200.000	200.008	2.869	3.991
200.000	200.011	2.852	4.017
200.000	200.011	2.867	3.999
200.000	200.005	2.869	3.969
200.000	200.006	2.806	4.014
200.000	200.008	2.877	4.001
200.000	200.010	2.838	3.997
200.000	200.007	2.785	3.982
200.000	200.007	2.886	3.979
200.000	200.002	2.987	3.991
200.000	200.003	2.928	3.968
200.000	200.004	2.778	3.981
200.000	200.002	2.899	3.991
200.000	200.003	2.934	3.969
200.000	200.001	2.968	3.974
200.000	200.004	2.904	3.979
200.000	199.998	2.997	3.984
200.000	200.001	2.866	3.968
200.000	200.005	2.875	3.975
200.000	200.002	2.938	3.957
200.000	200.000	2.890	4.009
200.000	200.001	2.902	3.964
200.000	200.001	3.019	3.975
200.000	200.005	2.971	3.949
200.000	199.998	2.900	3.985
200.000	200.000	2.989	3.962
200.000	200.002	2.947	3.962
200.000	200.000	2.910	3.944
200.000	199.995	2.855	3.967
200.000	200.002	2.896	3.968
200.000	200.001	2.935	3.969
200.000	200.000	2.949	3.965
200.000	200.002	3.038	3.975
200.000	199.998	2.987	3.947
200.000	200.001	2.880	3.951
200.000	199.999	2.906	3.982
200.000	200.002	2.865	3.955
200.000	200.002	2.941	3.960
200.000	199.998	2.937	3.978
200.000	199.997	2.978	3.977
200.000	200.007	2.992	3.959
200.000	199.997	2.950	3.974
200.000	199.999	2.980	3.955
200.000	199.999	2.833	3.964
200.000	200.001	2.915	3.972
200.000	200.001	2.940	3.984
200.000	200.000	2.970	3.983
200.000	199.999	2.979	3.973
200.000	200.001	2.902	3.963
200.000	200.001	2.896	3.966
200.000	200.001	2.923	3.960
200.000	199.999	2.893	3.971
200.000	199.999	2.947	3.971
200.000	199.997	2.922	3.989
200.000	200.000	2.896	3.984
200.000	200.002	2.885	3.976
200.000	200.000	2.823	3.958
200.000	199.999	2.957	3.978
200.000	199.999	2.917	3.994
200.000	199.999	2.937	3.970
200.000	200.001	3.002	4.024
200.000	199.998	2.991	3.975
200.000	199.996	2.984	4.005
200.000	200.001	2.995	3.979
200.000	200.003	3.023	3.989
200.000	199.999	3.000	3.968
200.000	200.003	2.922	3.933
200.000	200.001	2.900	3.959
200.000	199.996	2.924	3.973
200.000	200.001	2.812	3.961
200.000	200.002	2.935	3.990
200.000	199.998	2.964	4.004
200.000	199.999	2.858	3.990
200.000	200.005	2.928	3.993
200.000	199.998	2.945	3.991
200.000	200.000	3.002	3.968
200.000	199.999	3.060	4.013
200.000	200.001	3.080	4.004
200.000	200.005	2.927	4.008
200.000	199.999	2.983	4.006
200.000	200.002	2.935	3.994
200.000	200.005	2.954	3.960
200.000	199.998	2.983	3.996
200.000	199.998	2.872	3.991
200.000	200.000	2.969	3.996
200.000	199.998	2.940	4.000
200.000	200.002	2.924	4.007
200.000	200.000	3.008	3.997
200.000	199.999	2.912	3.987
200.000	200.000	2.996	4.006
200.000	200.000	2.941	4.008
200.000	199.999	2.926	3.986
200.000	199.999	2.994	3.995
200.000	200.002	2.977	3.996
200.000	199.998	3.053	4.007
200.000	200.002	3.008	3.992
200.000	200.000	3.092	3.984
200.000	200.002	3.145	3.991
200.000	199.998	3.047	3.986
200.000	199.998	2.933	4.013
200.000	200.004	2.961	3.991
200.000	200.000	1.356	2.676
200.000	199.996	0.213	3.172
200.000	200.001	0.647	4.126
200.000	199.999	0.365	1.778
200.000	200.000	0.386	3.286
200.000	200.000	0.486	3.290
200.000	200.000	0.414	2.188
200.000	200.002	0.403	3.343
200.000	199.997	0.897	3.318
200.000	199.998	0.278	3.270
200.000	199.998	0.164	2.355
200.000	200.002	0.512	1.990
200.000	199.999	0.583	1.860
200.000	200.000	0.594	2.513
200.000	200.004	0.599	2.785
200.000	200.004	0.234	3.575
200.000	200.003	0.567	3.008
200.000	199.999	0.828	2.093
200.000	200.000	0.884	2.307
200.000	200.000	0.378	3.209
200.000	200.001	0.518	1.891
200.000	200.003	0.768	2.439
200.000	200.002	0.387	3.561
200.000	199.999	0.530	2.431
200.000	200.003	0.530	3.095
200.000	199.999	0.403	1.891
200.000	199.998	0.549	1.996
200.000	200.001	0.540	1.984
200.000	199.999	0.516	1.965
200.000	200.002	0.141	2.577
200.000	199.998	0.474	3.969
200.000	200.001	0.218	1.742
200.000	200.003	0.561	2.189
200.000	200.001	0.710	2.671
200.000	199.999	0.571	3.780
200.000	200.000	0.448	2.445
200.000	199.998	0.687	2.679
200.000	199.999	0.453	3.581
200.000	200.001	0.236	2.972
200.000	199.998	0.758	1.960
200.000	200.000	0.265	3.481
200.000	200.003	0.215	4.281
200.000	199.999	0.284	3.309
200.000	200.001	0.107	2.591
200.000	200.001	0.501	1.751
200.000	199.999	0.438	1.795
200.000	200.001	0.099	1.610
200.000	199.998	0.296	3.046
200.000	200.000	0.556	2.225
200.000	200.000	0.458	2.645
200.000	200.000	0.550	2.333
200.000	199.999	0.572	1.755
200.000	200.001	0.480	2.738
200.000	200.001	0.369	3.217
200.000	199.998	0.237	1.340
200.000	200.001	0.123	0.838
200.000	200.002	0.241	3.041
200.000	199.999	0.396	1.500
200.000	199.998	0.232	1.240
200.000	200.002	0.635	1.775
200.000	200.002	0.229	4.161
200.000	200.000	0.519	2.245
200.000	200.000	0.188	1.295
200.000	199.997	0.325	2.746
200.000	200.000	0.234	3.069
200.000	200.002	0.407	1.953
200.000	199.995	0.522	1.852
200.000	199.998	0.514	1.815
200.000	199.998	0.308	1.395
200.000	199.999	0.281	4.478
200.000	199.998	0.113	2.648
200.000	199.998	0.645	2.039
200.000	200.002	0.395	1.770
200.000	200.001	0.321	1.880
200.000	199.999	0.147	2.742
200.000	199.999	0.077	1.365
200.000	199.996	0.615	1.583
200.000	200.001	0.954	2.000
200.000	199.997	2.182	4.182
200.000	200.000	2.176	4.208
200.000	200.002	2.150	4.192
200.000	200.001	2.118	4.194
200.000	200.003	2.179	4.181
200.000	200.002	2.164	4.173
200.000	200.001	2.269	4.208
200.000	200.001	2.154	4.179
200.000	200.001	2.036	4.011
200.000	200.003	2.083	2.356
200.000	200.002	3.340	1.649
200.000	200.003	2.488	1.018
200.000	199.996	1.803	5.285
200.000	199.999	2.767	4.561
200.000	200.002	1.588	3.409
200.000	200.002	2.794	1.923
200.000	199.999	3.115	1.226
200.000	200.000	1.364	5.828
200.000	200.002	2.925	4.743
200.000	200.004	1.965	4.042
200.000	200.000	1.942	2.497
200.000	200.001	3.387	1.660
200.000	200.000	2.160	0.884
200.000	200.001	2.061	5.078
200.000	199.998	2.739	4.513
200.000	200.003	1.808	3.493
200.000	200.001	2.715	2.068
200.000	199.999	3.294	1.333
200.000	200.001	1.365	6.270
200.000	199.999	2.649	4.810
200.000	199.999	2.165	4.254
200.000	200.002	1.741	3.012
200.000	199.997	3.024	1.802
200.000	199.999	3.236	1.232
200.000	199.998	1.274	6.061
200.000	199.998	2.844	4.783
200.000	199.999	2.225	4.258
200.000	200.005	1.998	2.536
200.000	199.997	3.558	1.621
200.000	200.000	2.603	0.981
200.000	199.998	1.924	5.241
200.000	200.001	3.071	4.663
200.000	200.003	1.823	3.953
200.000	200.004	2.309	2.228
200.000	199.999	3.353	1.495
200.000	199.997	1.833	0.625
200.000	200.001	2.328	4.958
200.000	199.996	2.669	4.507
200.000	200.003	1.642	3.015
200.000	200.005	3.136	1.775
200.000	199.998	2.764	1.066
200.000	200.001	1.716	5.322
200.000	199.998	2.960	4.621
200.000	200.001	1.645	3.918
200.000	200.001	2.111	2.355
200.000	200.000	3.379	1.606
200.000	200.000	2.526	0.982
200.000	199.999	2.226	4.991
200.000	200.002	2.900	4.535
200.000	199.998	1.580	3.426
200.000	200.002	2.655	2.022
200.000	200.004	3.187	1.297
200.000	200.000	1.288	5.857
200.000	199.997	2.874	4.696
200.000	199.998	1.810	3.935
200.000	200.002	2.323	2.235
200.000	200.008	3.421	1.430
200.000	200.000	1.434	0.147
200.000	200.000	2.822	4.709
200.000	199.999	2.073	4.126
200.000	200.001	2.198	2.475
200.000	200.001	3.308	1.537
200.000	199.997	2.243	0.803
200.000	200.004	1.966	5.104
200.000	200.005	2.864	4.531
200.000	199.997	1.655	3.390
200.000	199.999	2.800	1.948
200.000	200.001	3.109	1.191
200.000	200.006	1.381	6.019
200.000	200.000	2.907	4.751
200.000	199.997	1.970	4.145
200.000	200.000	2.190	2.477
200.000	200.001	3.336	1.625
200.000	200.000	2.402	0.975
200.000	200.001	1.885	5.155
200.000	199.999	3.010	4.583
200.000	200.001	1.793	3.793
200.000	200.004	2.299	2.366
200.000	200.001	3.338	1.505
200.000	200.004	1.764	0.584
200.000	200.001	2.521	4.881
200.000	199.999	2.590	4.474
200.000	200.000	1.756	2.952
200.000	199.999	2.990	1.810
200.000	200.002	2.984	1.145
200.000	200.003	1.364	5.812
200.000	199.997	2.875	4.730
200.000	200.002	2.216	4.233
200.000	199.998	1.970	2.666
200.000	200.000	3.212	1.643
200.000	200.000	2.480	0.942
200.000	200.000	1.838	5.214
200.000	199.998	2.894	4.590
200.000	199.998	1.705	3.586
200.000	200.000	2.336	2.212
200.000	200.000	3.417	1.485
200.000	200.004	1.836	0.649
200.000	200.001	2.452	4.861
200.000	200.000	2.349	4.376
200.000	200.002	1.869	2.760
200.000	199.998	3.130	1.745
200.000	200.000	2.692	1.050
200.000	200.003	1.536	5.483
200.000	200.004	2.926	4.676
200.000	200.000	1.800	3.964
200.000	200.000	2.058	2.451
200.000	200.000	3.365	1.520
200.000	199.999	1.831	0.638
200.000	199.998	2.491	4.882
200.000	199.998	2.574	4.440
200.000	199.999	1.577	3.151
200.000	199.999	2.741	1.899
200.000	199.998	3.363	1.230
200.000	199.999	1.311	6.090
200.000	199.999	2.868	4.723
200.000	200.001	2.083	4.198
200.000	200.005	1.830	2.631
200.000	199.998	3.184	1.596
200.000	199.999	2.564	0.898
200.000	199.999	1.913	5.055
200.000	200.002	2.716	4.476
200.000	199.995	1.415	3.365
200.000	199.997	2.700	1.970
200.000	200.000	3.259	1.179
200.000	199.999	1.354	6.244
200.000	200.001	2.612	4.747
200.000	199.995	2.228	4.298
200.000	199.999	1.676	2.865
200.000	199.997	3.092	1.774
200.000	200.001	2.919	1.064
200.000	200.000	1.787	5.211
200.000	199.998	2.888	4.537
200.000	199.995	1.552	3.697
200.000	199.999	2.345	2.178
200.000	200.000	3.270	1.321
200.000	200.002	1.556	0.161
200.000	200.000	2.723	4.727
200.000	199.999	2.112	4.261
200.000	200.000	1.801	2.679
200.000	200.002	3.243	1.574
200.000	199.999	2.045	0.691
200.000	199.997	2.392	4.865
200.000	200.002	2.504	4.344
200.000	200.000	1.743	2.768
200.000	200.000	3.054	1.742
200.000	200.000	2.813	1.017
200.000	199.998	1.366	5.610
200.000	200.002	2.918	4.579
200.000	200.000	1.866	3.968
200.000	200.000	2.113	2.467
200.000	199.999	3.291	1.610
200.000	200.001	2.189	0.703
200.000	199.998	2.080	5.004
200.000	200.004	2.933	4.477
200.000	199.997	1.588	3.594
200.000	200.000	2.477	2.258
200.000	200.002	3.394	1.443
200.000	200.001	1.985	0.578
200.000	199.997	2.313	4.888
200.000	199.997	2.506	4.383
200.000	200.000	1.643	3.030
200.000	200.004	2.901	1.883
200.000	200.001	3.391	1.218
200.000	200.003	1.604	0.221
200.000	200.001	2.647	4.777
200.000	200.001	2.105	4.213
200.000	199.996	1.817	2.604
200.000	200.003	3.089	1.736
200.000	200.002	2.962	1.037
200.000	199.999	1.495	5.565
200.000	199.997	2.899	4.638
200.000	199.997	1.964	4.103
200.000	199.997	1.959	2.529
200.000	199.999	3.278	1.619
200.000	200.000	2.693	0.932
200.000	200.000	1.575	5.501
200.000	200.001	2.994	4.591
200.000	200.001	1.494	3.666
200.000	200.003	2.528	2.155
200.000	200.001	3.524	1.453
200.000	200.001	1.960	0.668
200.000	200.001	2.159	4.952
200.000	199.999	2.805	4.474
200.000	200.000	1.540	3.373
200.000	200.003	2.640	2.151
200.000	199.998	3.267	1.281
200.000	199.999	1.614	0.265
200.000	200.000	2.496	4.798
200.000	199.999	2.423	4.281
200.000	199.997	1.768	2.745
200.000	200.001	3.303	1.721
200.000	200.003	3.019	1.018
200.000	199.998	1.442	5.656
200.000	200.004	2.965	4.609
200.000	199.998	1.606	3.802
200.000	199.997	2.405	2.235
200.000	200.002	3.458	1.491
200.000	200.000	2.506	0.783
200.000	199.999	1.945	5.160
200.000	200.001	2.718	4.382
200.000	200.001	1.585	3.049
200.000	200.001	3.079	1.813
200.000	200.003	2.805	0.969
200.000	199.999	1.928	5.135
200.000	200.002	2.798	4.458
200.000	200.001	1.594	3.369
200.000	200.000	2.699	2.125
200.000	200.001	3.389	1.322
200.000	199.996	1.610	0.105
200.000	200.002	2.603	4.745
200.000	199.998	2.489	4.323
200.000	200.002	1.783	2.785
200.000	199.998	3.133	1.818
200.000	199.999	2.909	1.014
200.000	200.001	1.534	5.702
200.000	199.999	2.859	4.609
200.000	200.000	1.909	3.973
200.000	199.997	2.331	2.315
200.000	199.997	3.553	1.491
200.000	199.996	2.406	0.750
200.000	199.999	1.888	5.167
200.000	200.001	2.826	4.473
200.000	200.001	1.640	3.548
200.000	200.001	2.658	2.125
200.000	200.003	3.239	1.326
200.000	200.001	1.752	0.259
200.000	200.002	2.497	4.784
200.000	200.000	2.334	4.263
200.000	199.998	1.744	2.877
200.000	200.000	2.974	1.950
200.000	199.999	3.200	1.197
200.000	200.000	1.427	5.817
200.000	199.999	2.858	4.577
200.000	200.000	1.663	3.877
200.000	200.000	2.424	2.257
200.000	199.999	3.415	1.428
200.000	200.001	1.995	0.532
200.000	200.001	2.176	4.937
200.000	200.001	2.706	4.401
200.000	200.001	1.628	3.057
200.000	200.004	3.075	1.892
200.000	200.001	3.144	1.200
200.000	199.997	1.582	6.198
200.000	200.006	2.623	4.698
200.000	200.002	2.282	4.219
200.000	199.996	1.764	2.788
200.000	200.001	3.052	1.917
200.000	199.999	3.292	1.177
200.000	199.997	1.556	6.146
200.000	200.002	2.721	4.684
200.000	200.001	2.287	4.219
200.000	200.000	1.722	2.818
200.000	199.999	3.212	1.808
200.000	200.002	3.020	1.043
200.000	199.999	1.559	5.842
200.000	199.997	2.790	4.625
200.000	200.001	1.959	3.984
200.000	200.004	2.308	2.366
200.000	200.000	3.347	1.465
200.000	199.999	2.122	0.538
200.000	199.998	2.132	4.935
200.000	200.002	2.784	4.454
200.000	199.996	1.688	3.218
200.000	199.996	3.073	1.802
200.000	200.001	3.038	1.031
200.000	200.001	1.602	5.667
200.000	200.007	2.831	4.576
200.000	199.999	1.788	3.836
200.000	200.003	2.296	2.339
200.000	200.001	3.376	1.424
200.000	200.001	2.022	0.415
200.000	199.999	2.450	4.783
200.000	200.000	2.279	4.169
200.000	200.000	1.862	2.794
200.000	200.000	3.066	1.777
200.000	199.999	2.945	0.984
200.000	199.999	1.737	5.403
200.000	200.002	2.854	4.532
200.000	199.997	1.893	3.874
200.000	200.002	2.525	2.219
200.000	200.001	3.419	1.356
200.000	200.001	2.056	0.483
200.000	200.001	2.337	4.867
200.000	200.002	2.753	4.435
200.000	200.000	1.643	3.053
200.000	200.001	3.001	1.863
200.000	199.998	3.122	1.170
200.000	200.002	1.662	6.149
200.000	199.997	2.798	4.640
200.000	199.998	2.044	4.028
200.000	200.000	2.031	2.452
200.000	199.997	3.255	1.686
200.000	199.999	2.770	0.949
200.000	200.001	1.618	5.577
200.000	200.002	2.838	4.547
200.000	200.004	1.903	3.872
200.000	200.002	2.333	2.346
200.000	199.999	3.388	1.553
200.000	200.000	2.132	0.578
200.000	200.002	2.024	5.015
200.000	200.002	2.506	4.324
200.000	199.998	1.771	2.872
200.000	200.000	3.006	1.899
200.000	199.999	2.839	1.007
200.000	199.999	1.552	5.772
200.000	199.998	2.790	4.586
200.000	200.001	2.022	4.020
200.000	199.998	2.275	2.392
200.000	199.999	3.276	1.572
200.000	199.997	2.275	0.606
200.000	200.002	2.145	5.019
200.000	200.001	2.594	4.334
200.000	200.001	1.637	3.104
200.000	200.000	3.012	1.994
200.000	200.000	3.318	1.258
200.000	200.001	1.821	0.056
200.000	200.006	2.563	4.861
200.000	199.999	2.287	4.225
200.000	200.002	1.683	2.972
200.000	199.999	2.856	1.948
200.000	200.000	3.128	1.175
200.000	199.996	1.652	6.260
200.000	199.998	2.626	4.717
200.000	200.000	2.344	4.227
200.000	200.001	1.903	2.692
200.000	199.999	3.211	1.751
200.000	200.001	2.693	0.926
200.000	200.001	1.681	5.763
200.000	200.000	2.847	4.609
200.000	200.001	1.931	3.957
200.000	199.999	2.361	2.299
200.000	199.997	3.283	1.550
200.000	199.999	2.275	0.608
200.000	200.003	1.993	5.118
200.000	200.000	2.617	4.347
200.000	200.001	1.760	2.854
200.000	199.999	3.091	1.777
200.000	200.003	2.582	0.856
200.000	199.998	2.030	5.056
200.000	199.997	2.697	4.399
200.000	200.001	1.674	3.348
200.000	199.998	2.617	2.190
200.000	200.001	3.143	1.380
200.000	200.002	1.954	0.328
200.000	199.999	2.191	5.038
200.000	199.997	2.693	4.424
200.000	200.004	1.479	3.230
200.000	200.003	2.788	2.123
200.000	200.000	3.244	1.318
200.000	200.000	1.796	0.132
200.000	200.000	2.436	4.887
200.000	200.000	2.426	4.239
200.000	200.000	2.188	2.518
200.000	200.003	3.241	1.573
200.000	199.996	2.474	0.727
200.000	199.996	2.127	5.049
200.000	200.001	2.661	4.388
200.000	200.000	1.687	3.349
200.000	199.999	2.801	2.100
200.000	200.000	3.188	1.262
200.000	200.002	1.769	6.210
200.000	199.998	2.609	4.799
200.000	200.001	2.219	4.168
200.000	200.003	2.012	2.619
200.000	199.999	3.352	1.713
200.000	199.999	2.701	0.853
200.000	199.996	1.852	5.517
200.000	200.002	2.836	4.591
200.000	200.004	1.764	3.722
200.000	199.997	2.820	2.170
200.000	200.001	3.189	1.262
200.000	199.999	1.665	6.279
200.000	199.997	2.548	4.794
200.000	199.999	2.492	4.273
200.000	200.000	1.788	3.098
200.000	200.004	3.004	2.003
200.000	199.999	3.074	1.226
200.000	200.000	1.668	6.110
200.000	199.997	2.635	4.737
200.000	199.999	2.409	4.232
200.000	200.002	1.843	2.929
200.000	200.002	3.106	1.916
200.000	199.998	2.878	0.994
200.000	199.995	1.806	5.380
200.000	200.004	2.777	4.450
200.000	200.004	1.751	3.523
200.000	200.000	2.721	2.182
200.000	200.002	3.277	1.432
200.000	200.000	2.070	0.335
200.000	200.001	2.404	4.879
200.000	199.998	2.593	4.373
200.000	199.996	1.724	3.165
200.000	200.002	2.948	2.062
200.000	200.000	3.353	1.275
200.000	200.003	1.743	0.006
200.000	199.997	2.705	4.723
200.000	200.000	2.198	4.123
200.000	200.002	1.929	2.756
200.000	200.002	3.312	1.766
200.000	200.002	2.955	1.061
200.000	199.999	1.737	6.030
200.000	199.997	2.787	4.699
200.000	200.001	2.328	4.131
200.000	200.000	2.031	2.718
200.000	200.002	3.254	1.824
200.000	200.002	2.854	0.953
200.000	200.002	1.707	5.657
200.000	199.998	2.970	4.551
200.000	199.999	1.709	3.466
200.000	200.004	2.977	2.080
200.000	199.998	3.252	1.192
200.000	199.998	1.785	6.119
200.000	200.001	2.835	4.712
200.000	200.001	2.493	4.218
200.000	200.001	1.875	2.779
200.000	200.004	3.119	1.864
200.000	199.998	3.051	1.015
200.000	200.002	1.689	5.922
200.000	199.999	2.887	4.652
200.000	199.998	2.119	4.021
200.000	200.000	2.638	2.287
200.000	200.000	3.253	1.407
200.000	199.999	2.047	0.437
200.000	199.998	2.412	4.988
200.000	200.002	2.629	4.349
200.000	199.997	1.794	2.944
200.000	200.002	3.123	1.969
200.000	200.000	3.020	1.066
200.000	200.004	1.758	6.187
200.000	199.996	2.693	4.718
200.000	199.999	2.375	4.151
200.000	200.003	1.824	2.878
200.000	200.001	3.111	1.900
200.000	200.005	2.640	0.886
200.000	199.995	1.750	5.521
200.000	199.999	2.932	4.548
200.000	199.998	1.784	3.822
200.000	200.003	2.391	2.463
200.000	200.000	3.309	1.629
200.000	199.997	2.263	0.623
200.000	200.002	2.492	4.863
200.000	199.999	2.504	4.254
200.000	200.000	1.862	2.924
200.000	200.001	3.231	1.887
200.000	200.000	3.045	1.166
200.000	199.997	1.732	6.223
200.000	200.000	2.778	4.702
200.000	200.003	2.549	4.222
200.000	200.001	2.135	2.614
200.000	199.998	3.355	1.744
200.000	200.000	2.668	0.936
200.000	199.999	1.645	5.579
200.000	200.000	2.906	4.587
200.000	199.999	2.078	4.046
200.000	200.001	2.442	2.384
200.000	200.001	3.418	1.654
200.000	200.003	2.450	0.737
200.000	199.998	2.057	5.085
200.000	200.000	2.729	4.376
200.000	199.999	1.619	3.189
200.000	200.001	2.944	2.110
200.000	199.998	3.098	1.353
200.000	200.000	1.747	6.053
200.000	200.002	2.914	4.653
200.000	199.997	2.159	4.079
200.000	200.002	2.100	2.581
200.000	200.000	3.278	1.792
200.000	199.999	2.895	1.046
200.000	199.999	1.684	5.654
200.000	199.997	2.959	4.649
200.000	200.003	2.140	4.124
200.000	200.000	2.218	2.553
200.000	200.001	3.400	1.696
200.000	199.999	2.726	0.914
200.000	200.003	1.702	5.577
200.000	200.002	2.814	4.564
200.000	200.000	2.034	3.965
200.000	199.998	2.558	2.309
200.000	199.999	3.344	1.499
200.000	199.998	2.113	0.480
200.000	199.997	2.143	4.975
200.000	200.000	2.834	4.415
200.000	199.997	1.698	3.403
200.000	199.997	2.814	2.140
200.000	200.001	3.332	1.411
200.000	199.999	2.036	0.398
200.000	200.003	2.497	4.764
200.000	200.000	2.496	4.247
200.000	200.003	1.833	2.870
200.000	199.998	3.088	1.961
200.000	199.999	2.947	1.138
200.000	200.002	1.586	5.788
200.000	200.004	2.774	4.508
200.000	200.001	1.756	3.650
200.000	200.002	2.725	2.249
200.000	199.999	3.341	1.430
200.000	199.999	1.876	0.143
200.000	200.003	2.687	4.702
200.000	199.999	2.265	4.114
200.000	200.000	1.898	2.682
200.000	200.003	3.296	1.796
200.000	200.000	2.628	0.863
200.000	199.994	1.796	5.366
200.000	200.003	2.866	4.520
200.000	200.002	1.863	3.873
200.000	200.000	2.376	2.377
200.000	200.001	3.386	1.641
200.000	200.000	2.543	0.770
200.000	199.999	1.859	5.351
200.000	200.000	2.964	4.496
200.000	200.000	1.881	3.803
200.000	200.004	2.540	2.316
200.000	199.995	3.358	1.617
200.000	199.998	2.520	0.770
200.000	199.999	1.944	5.259
200.000	199.998	2.969	4.495
200.000	200.001	1.825	3.758
200.000	199.999	2.528	2.321
200.000	199.999	3.313	1.612
200.000	199.999	2.161	0.565
200.000	199.999	2.316	4.937
200.000	200.000	2.705	4.281
200.000	199.998	1.700	2.976
200.000	200.003	3.140	2.011
200.000	199.999	3.151	1.226
200.000	199.997	1.628	6.237
200.000	200.002	2.694	4.727
200.000	200.001	2.307	4.163
200.000	200.001	2.100	2.650
200.000	200.001	3.485	1.804
200.000	199.997	2.742	0.941
200.000	200.000	1.724	5.626
200.000	200.003	2.877	4.596
200.000	199.999	2.221	4.135
200.000	200.000	2.237	2.505
200.000	199.999	3.453	1.769
200.000	200.003	2.751	0.932
200.000	200.002	1.756	5.654
200.000	200.001	2.954	4.585
200.000	200.002	1.850	3.946
200.000	200.001	2.398	2.348
200.000	199.999	3.235	1.399
200.000	200.000	1.850	0.040
200.000	200.005	2.505	4.881
200.000	199.998	2.524	4.253
200.000	199.999	1.815	2.703
200.000	199.997	3.356	1.893
200.000	200.002	2.611	0.946
200.000	199.996	1.933	5.431
200.000	200.001	2.989	4.511
200.000	200.001	1.983	3.943
200.000	200.001	2.782	2.201
200.000	200.001	3.199	1.389
200.000	200.000	1.880	0.052
200.000	199.996	2.667	4.804
200.000	200.000	2.674	4.245
200.000	200.000	1.710	3.067
200.000	200.000	3.314	1.840
200.000	200.001	2.720	0.939
200.000	199.998	1.802	5.729
200.000	200.000	2.945	4.597
200.000	200.004	2.104	3.988
200.000	200.005	2.546	2.257
200.000	199.998	3.267	1.385
200.000	200.003	1.945	0.090
200.000	199.997	2.424	4.899
200.000	199.999	2.631	4.289
200.000	199.999	1.614	3.135
200.000	200.002	3.255	1.993
200.000	200.001	3.290	1.283
200.000	199.995	2.057	0.172
200.000	199.998	2.683	4.850
200.000	199.999	2.374	4.181
200.000	200.002	2.030	2.615
200.000	199.999	3.427	1.706
200.000	199.997	2.147	0.450
200.000	199.996	2.442	4.947
200.000	200.001	2.816	4.425
200.000	199.999	1.565	3.343
200.000	199.997	3.024	2.088
200.000	199.999	3.092	1.385
200.000	200.003	2.074	0.161
200.000	199.999	2.473	4.834
200.000	200.003	2.499	4.196
200.000	199.999	1.779	2.727
200.000	200.002	3.333	1.926
200.000	200.001	2.893	1.071
200.000	200.001	1.936	5.788
200.000	199.998	2.804	4.544
200.000	200.001	1.598	3.562
200.000	200.004	2.965	2.027
200.000	200.003	3.076	1.202
200.000	200.001	2.099	0.107
200.000	199.999	2.558	4.808
200.000	199.999	2.562	4.227
200.000	200.001	1.749	2.868
200.000	200.000	3.317	1.957
200.000	199.999	3.115	1.194
200.000	200.003	1.910	6.117
200.000	199.999	2.729	4.711
200.000	200.002	2.186	4.136
200.000	200.001	2.193	2.405
200.000	200.000	3.418	1.826
200.000	199.998	2.721	0.868
200.000	200.003	1.857	5.633
200.000	200.002	2.873	4.564
200.000	199.998	2.054	4.021
200.000	200.003	2.173	2.414
200.000	200.000	3.439	1.723
200.000	200.002	2.189	0.521
200.000	200.000	2.323	4.954
200.000	199.996	2.763	4.258
200.000	200.003	1.586	3.041
200.000	200.000	3.298	1.926
200.000	200.002	3.156	1.280
200.000	199.998	1.881	6.185
200.000	200.003	2.689	4.786
200.000	200.003	2.529	4.228
200.000	199.999	1.766	2.771
200.000	200.001	3.420	1.920
200.000	199.998	2.679	0.903
200.000	200.001	2.015	5.431
200.000	200.000	2.860	4.456
200.000	199.999	1.564	3.309
200.000	199.997	3.235	2.032
200.000	199.998	3.269	1.376
200.000	200.003	2.172	0.166
200.000	200.006	2.583	4.859
200.000	200.000	2.694	4.309
200.000	200.001	1.571	2.884
200.000	200.002	3.411	1.909
200.000	200.006	2.904	1.123
200.000	199.998	2.039	5.749
200.000	200.000	2.849	4.650
200.000	200.003	2.263	4.067
200.000	200.003	2.139	2.469
200.000	199.999	3.570	1.779
200.000	199.999	2.518	0.815
200.000	199.996	2.214	5.209
200.000	200.001	2.948	4.441
200.000	200.000	1.671	3.681
200.000	200.002	2.697	2.204
200.000	200.004	3.403	1.596
200.000	199.999	2.101	0.397
200.000	200.002	2.480	4.942
200.000	200.004	2.771	4.301
200.000	200.005	1.572	2.979
200.000	199.997	3.362	1.996
200.000	199.999	3.184	1.283
200.000	199.997	1.795	6.069
200.000	200.001	2.693	4.681
200.000	200.001	1.965	3.918
200.000	199.999	2.721	2.182
200.000	200.001	3.645	1.641
200.000	200.002	2.378	0.669
200.000	199.999	2.077	5.256
200.000	200.005	2.908	4.368
200.000	200.001	1.594	3.215
200.000	199.999	3.159	2.042
200.000	200.001	3.334	1.419
200.000	200.001	1.828	6.209
200.000	200.000	2.642	4.750
200.000	199.995	2.402	4.121
200.000	200.002	1.954	2.606
200.000	199.995	3.479	1.847
200.000	199.994	2.786	1.039
200.000	200.002	1.936	5.645
200.000	200.000	2.834	4.591
200.000	200.001	2.151	3.997
200.000	199.998	2.178	2.439
200.000	200.003	3.656	1.770
200.000	200.000	2.530	0.844
200.000	200.000	2.093	5.562
200.000	199.996	2.976	4.530
200.000	199.999	1.899	3.816
200.000	199.995	2.565	2.285
200.000	200.003	3.657	1.733
200.000	200.002	2.355	0.755
200.000	199.999	2.372	5.104
200.000	199.999	2.633	4.291
200.000	199.999	1.978	2.611
200.000	199.997	3.486	1.838
200.000	200.006	2.353	0.779
200.000	199.999	2.314	5.189
200.000	200.000	2.955	4.360
200.000	200.002	1.645	3.086
200.000	199.999	3.468	1.969
200.000	200.002	2.951	1.234
200.000	200.001	1.917	5.972
200.000	200.001	2.789	4.643
200.000	200.000	2.455	4.135
200.000	199.994	2.024	2.572
200.000	199.999	3.632	1.893
200.000	200.003	3.112	1.214
200.000	199.992	1.908	5.987
200.000	200.002	2.778	4.664
200.000	200.003	2.190	3.988
200.000	199.998	2.428	2.337
200.000	199.999	3.597	1.730
200.000	199.999	2.460	0.828
200.000	200.002	2.162	5.393
200.000	199.995	2.952	4.504
200.000	199.999	2.042	3.777
200.000	199.998	2.744	2.208
200.000	200.003	3.340	1.552
200.000	200.001	2.211	0.501
200.000	199.998	2.323	5.144
200.000	200.007	2.835	4.344
200.000	200.001	1.716	3.055
200.000	200.000	3.325	2.022
200.000	200.002	3.271	1.345
200.000	199.997	1.935	0.042
200.000	200.001	2.497	4.870
200.000	199.999	2.810	4.263
200.000	199.997	1.779	3.175
200.000	200.002	3.282	2.090
200.000	200.001	3.325	1.385
200.000	199.996	1.974	6.243
200.000	200.000	2.625	4.859
200.000	200.001	2.448	4.093
200.000	199.998	1.999	2.613
200.000	200.003	3.607	1.896
200.000	200.002	2.726	1.021
200.000	199.998	2.115	5.374
200.000	199.996	2.847	4.447
200.000	199.997	1.972	3.687
200.000	199.999	2.745	2.327
200.000	200.000	3.642	1.758
200.000	200.000	2.368	0.753
200.000	200.001	2.324	5.205
200.000	200.000	2.879	4.369
200.000	200.001	1.803	3.333
200.000	200.002	3.347	2.044
200.000	200.003	3.210	1.303
200.000	199.998	1.988	5.947
200.000	200.000	2.792	4.660
200.000	199.998	2.275	3.916
200.000	200.001	2.358	2.417
200.000	200.001	3.765	1.722
200.000	199.999	2.579	0.878
200.000	199.999	2.146	5.469
200.000	199.995	2.931	4.502
200.000	199.998	2.189	3.866
200.000	200.003	2.564	2.342
200.000	200.000	3.714	1.716
200.000	199.996	2.508	0.731
200.000	200.001	2.137	5.290
200.000	199.997	2.912	4.366
200.000	200.000	1.798	3.499
200.000	200.002	3.307	2.025
200.000	199.999	3.103	1.280
200.000	200.003	1.950	6.111
200.000	199.998	2.638	4.795
200.000	200.000	2.740	4.123
200.000	200.001	1.891	2.871
200.000	200.000	3.603	1.955
200.000	199.997	2.900	1.172
200.000	200.000	2.002	5.639
200.000	199.999	2.915	4.571
200.000	199.999	2.277	3.865
200.000	200.002	2.675	2.333
200.000	200.002	3.613	1.528
200.000	200.000	1.852	6.255
200.000	200.003	2.798	4.658
200.000	199.999	2.271	3.906
200.000	199.998	2.479	2.414
200.000	200.001	3.752	1.739
200.000	199.995	2.310	0.705
200.000	200.001	2.292	5.108
200.000	199.995	2.788	4.228
200.000	200.000	1.895	2.744
200.000	200.000	3.782	1.886
200.000	199.997	2.785	1.090
200.000	199.998	1.879	5.826
200.000	200.001	2.767	4.628
200.000	200.002	2.479	3.964
200.000	199.999	2.220	2.592
200.000	200.002	3.842	1.855
200.000	199.999	2.659	1.042
200.000	200.001	2.217	5.327
200.000	200.000	2.978	4.363
200.000	200.002	1.997	3.552
200.000	199.999	3.343	2.041
200.000	199.999	3.462	1.481
200.000	200.005	1.890	0.012
200.000	200.003	2.718	4.830
200.000	199.995	2.521	4.020
200.000	199.995	2.340	2.497
200.000	200.003	3.776	1.710
200.000	200.004	2.379	0.640
200.000	200.002	2.384	5.261
200.000	199.998	2.867	4.355
200.000	199.998	2.064	3.566
200.000	200.001	2.888	2.260
200.000	199.998	3.646	1.629
200.000	200.000	2.169	0.513
200.000	200.002	2.506	5.090
200.000	200.000	3.115	4.360
200.000	200.000	1.959	3.459
200.000	200.000	2.967	2.190
200.000	199.998	3.460	1.531
200.000	199.996	1.856	0.186
200.000	199.998	2.680	4.842
200.000	199.999	2.856	4.191
200.000	199.997	1.940	2.921
200.000	200.001	3.659	1.893
200.000	200.000	2.613	1.024
200.000	200.002	2.068	5.653
200.000	199.997	3.021	4.602
200.000	200.000	2.479	3.970
200.000	200.002	2.372	2.435
200.000	200.004	3.615	1.668
200.000	199.999	2.147	0.474
200.000	200.003	2.486	5.023
200.000	200.001	2.878	4.285
200.000	200.003	1.891	3.103
200.000	200.000	3.366	2.063
200.000	200.001	3.383	1.431
200.000	200.001	1.985	6.235
200.000	200.000	2.759	4.925
200.000	200.001	2.929	4.201
200.000	200.003	1.904	3.159
200.000	200.000	3.538	1.913
200.000	199.999	2.888	1.118
200.000	200.006	2.186	5.688
200.000	199.995	2.931	4.645
200.000	200.001	2.614	3.954
200.000	200.000	2.452	2.462
200.000	199.999	3.740	1.672
200.000	200.001	2.413	0.707
200.000	200.001	2.438	5.227
200.000	199.998	2.982	4.346
200.000	199.999	1.925	3.420
200.000	200.004	3.056	2.113
200.000	200.000	3.344	1.402
200.000	200.000	1.979	6.042
200.000	199.999	2.925	4.617
200.000	200.001	2.519	3.964
200.000	200.000	2.589	2.353
200.000	200.003	3.774	1.703
200.000	200.003	2.266	0.605
200.000	199.999	2.348	5.256
200.000	200.001	2.961	4.426
200.000	199.999	1.972	3.570
200.000	199.997	3.057	2.162
200.000	200.001	3.378	1.451
200.000	199.996	1.999	6.111
200.000	199.998	2.797	4.762
200.000	200.000	2.682	4.097
200.000	199.999	2.047	2.823
200.000	200.000	3.704	1.925
200.000	199.998	2.989	1.148
200.000	199.999	2.080	5.868
200.000	199.999	2.941	4.761
200.000	199.999	2.618	4.104
200.000	199.998	1.925	2.774
200.000	199.999	3.646	1.986
200.000	199.997	2.625	0.966
200.000	200.001	2.412	5.477
200.000	199.997	3.019	4.614
200.000	200.000	2.470	4.037
200.000	199.997	2.496	2.436
200.000	200.000	3.797	1.764
200.000	200.001	2.403	0.804
200.000	199.997	2.381	5.381
200.000	199.999	2.836	4.447
200.000	200.000	2.049	3.694
200.000	199.998	3.067	2.181
200.000	200.003	3.527	1.535
200.000	199.999	1.973	5.928
200.000	199.997	2.944	4.690
200.000	200.003	2.708	4.083
200.000	200.000	2.273	2.597
200.000	200.000	3.701	1.737
200.000	200.003	2.273	0.694
200.000	199.997	2.536	5.171
200.000	199.999	3.174	4.432
200.000	199.999	2.185	3.684
200.000	199.997	2.808	2.295
200.000	200.000	3.726	1.674
200.000	200.002	2.096	0.498
200.000	200.002	2.426	5.197
200.000	200.006	3.136	4.378
200.000	200.000	2.106	3.565
200.000	199.997	3.126	2.164
200.000	200.002	3.591	1.524
200.000	200.000	1.894	6.258
200.000	199.998	2.756	4.891
200.000	199.999	2.708	4.142
200.000	199.998	2.299	2.583
200.000	200.000	3.731	1.730
200.000	199.999	2.069	0.448
200.000	200.000	2.499	5.132
200.000	199.999	3.001	4.327
200.000	200.001	1.958	3.495
200.000	200.004	3.003	2.228
200.000	200.002	3.736	1.645
200.000	200.001	2.035	0.603
200.000	200.000	2.678	5.144
200.000	200.003	3.078	4.445
200.000	200.001	2.079	3.672
200.000	200.005	2.992	2.263
200.000	200.004	3.507	1.608
200.000	200.000	2.123	0.343
200.000	200.000	2.687	5.114
200.000	199.998	3.085	4.430
200.000	200.003	1.971	3.583
200.000	200.003	3.194	2.201
200.000	200.001	3.509	1.565
200.000	200.001	2.078	6.127
200.000	200.000	3.096	4.842
200.000	199.999	2.667	4.200
200.000	200.000	1.955	3.043
200.000	200.001	3.745	1.991
200.000	199.998	3.016	1.363
200.000	199.998	1.994	5.967
200.000	200.000	3.008	4.793
200.000	200.001	2.802	4.158
200.000	199.997	2.093	2.963
200.000	199.997	3.676	1.981
200.000	200.004	2.828	1.171
200.000	200.001	2.077	5.846
200.000	199.999	3.073	4.736
200.000	199.999	2.442	3.910
200.000	200.000	2.573	2.506
200.000	200.004	3.850	1.768
200.000	200.002	2.191	0.712
200.000	200.004	2.593	5.129
200.000	199.999	3.198	4.369
200.000	199.999	2.071	3.532
200.000	200.002	3.301	2.184
200.000	199.996	3.677	1.665
200.000	199.998	2.028	0.118
200.000	200.000	2.851	4.988
200.000	200.001	2.926	4.216
200.000	200.003	2.068	2.939
200.000	200.000	3.762	1.987
200.000	200.004	2.700	1.105
200.000	199.999	2.336	5.411
200.000	200.002	3.022	4.623
200.000	199.999	2.523	3.860
200.000	199.998	2.553	2.511
200.000	200.003	3.690	1.642
200.000	200.000	1.941	0.365
200.000	199.998	2.698	5.020
200.000	200.007	3.043	4.386
200.000	199.998	2.036	3.495
200.000	199.998	3.134	2.199
200.000	200.000	3.539	1.525
200.000	199.999	1.885	0.204
200.000	200.002	2.690	5.010
200.000	200.003	2.970	4.293
200.000	199.997	1.992	3.192
200.000	199.998	3.740	1.975
200.000	200.001	3.191	1.297
200.000	200.003	2.100	5.844
200.000	200.002	3.075	4.731
200.000	199.998	2.703	4.035
200.000	199.999	2.042	2.810
200.000	200.001	3.830	1.891
200.000	200.003	2.614	0.981
200.000	200.000	2.500	5.347
200.000	199.999	3.132	4.597
200.000	200.000	2.378	3.837
200.000	200.002	2.564	2.402
200.000	199.999	3.692	1.611
200.000	199.997	1.939	6.135
200.000	199.999	2.853	4.885
200.000	200.002	2.920	4.154
200.000	200.002	2.017	3.011
200.000	200.000	3.492	1.998
200.000	199.998	3.016	1.191
200.000	199.997	2.273	5.588
200.000	199.997	3.122	4.523
200.000	200.000	2.076	3.714
200.000	199.998	2.618	2.346
200.000	199.999	3.761	1.551
200.000	199.995	2.187	0.365
200.000	200.004	2.773	5.147
200.000	199.999	3.029	4.411
200.000	199.999	2.085	3.589
200.000	200.001	3.087	2.130
200.000	200.001	3.218	1.266
200.000	199.999	2.182	5.824
200.000	199.998	3.103	4.694
200.000	199.998	2.756	4.065
200.000	200.000	2.276	2.515
200.000	200.001	3.855	1.734
200.000	200.001	2.483	0.674
200.000	200.000	2.413	5.384
200.000	199.999	3.181	4.495
200.000	200.003	2.367	3.840
200.000	200.000	2.774	2.347
200.000	200.001	3.763	1.698
200.000	199.999	2.366	0.691
200.000	199.999	2.678	5.288
200.000	199.999	3.097	4.489
200.000	199.996	2.073	3.553
200.000	200.002	3.113	2.115
200.000	199.999	3.581	1.479
200.000	199.998	2.124	0.156
200.000	199.993	2.897	5.008
200.000	199.997	3.005	4.285
200.000	199.999	2.047	3.278
200.000	200.001	3.428	2.051
200.000	199.999	3.516	1.397
200.000	200.001	2.085	6.103
200.000	200.001	3.041	4.803
200.000	199.999	2.700	4.092
200.000	200.003	2.176	2.774
200.000	200.001	3.806	1.907
200.000	200.001	3.038	1.129
200.000	200.003	2.093	5.785
200.000	200.003	3.102	4.644
200.000	200.003	2.437	3.892
200.000	199.998	2.559	2.385
200.000	200.000	3.850	1.609
200.000	200.000	2.295	0.658
200.000	200.005	2.747	5.195
200.000	199.999	3.028	4.364
200.000	200.006	2.185	3.553
200.000	200.000	3.086	2.203
200.000	199.997	3.621	1.431
200.000	199.999	2.123	0.023
200.000	199.994	2.788	4.997
200.000	200.000	2.990	4.226
200.000	199.996	2.064	3.061
200.000	199.999	3.790	1.973
200.000	200.002	3.323	1.288
200.000	200.004	2.237	5.669
200.000	200.000	3.003	4.594
200.000	199.996	2.360	3.723
200.000	200.001	2.984	2.290
200.000	199.998	3.853	1.637
200.000	200.004	2.219	0.479
200.000	199.999	2.764	5.168
200.000	200.004	2.973	4.354
200.000	200.000	2.169	3.518
200.000	199.999	2.976	2.249
200.000	199.995	3.865	1.597
200.000	199.999	2.359	0.489
200.000	199.998	2.904	5.028
200.000	199.997	3.003	4.291
200.000	200.000	1.993	2.943
200.000	200.001	3.908	1.914
200.000	200.000	3.051	1.152
200.000	200.003	2.224	5.694
200.000	200.000	3.099	4.607
200.000	199.999	2.524	3.839
200.000	200.001	2.481	2.520
200.000	199.999	4.035	1.764
200.000	199.999	2.694	0.846
200.000	199.996	2.557	5.408
200.000	200.003	3.242	4.532
200.000	200.000	2.368	3.806
200.000	199.996	2.725	2.424
200.000	199.999	3.871	1.648
200.000	199.996	2.179	0.283
200.000	200.000	2.879	5.047
200.000	199.999	2.939	4.304
200.000	200.000	2.039	3.392
200.000	199.997	3.538	2.004
200.000	200.000	2.968	0.995
200.000	199.999	2.388	5.462
200.000	199.998	3.119	4.562
200.000	199.997	2.416	3.869
200.000	200.001	2.627	2.466
200.000	199.997	3.907	1.756
200.000	199.999	2.409	0.388
200.000	200.002	2.901	5.001
200.000	200.002	2.743	4.120
200.000	199.998	2.150	2.744
200.000	199.999	3.744	1.904
200.000	200.004	3.142	1.064
200.000	200.000	2.338	5.701
200.000	199.998	3.125	4.597
200.000	200.004	2.299	3.736
200.000	200.000	2.689	2.427
200.000	199.999	4.032	1.779
200.000	199.998	2.534	0.679
200.000	199.999	2.671	5.190
200.000	200.000	2.778	4.172
200.000	199.998	2.202	3.046
200.000	199.996	3.694	1.997
200.000	199.998	3.245	1.115
200.000	200.000	2.399	5.563
200.000	199.999	3.102	4.623
200.000	199.998	2.576	3.928
200.000	200.001	2.679	2.485
200.000	199.996	4.024	1.835
200.000	199.997	2.744	0.853
200.000	200.003	2.450	5.396
200.000	199.996	2.943	4.437
200.000	200.000	2.293	3.707
200.000	200.003	3.067	2.261
200.000	200.005	4.028	1.651
200.000	199.999	2.312	0.387
200.000	200.000	2.649	5.227
200.000	199.997	2.964	4.377
200.000	199.999	2.214	3.455
200.000	200.001	3.207	2.238
200.000	200.000	3.716	1.435
200.000	199.998	2.055	6.172
200.000	199.997	2.956	4.847
200.000	200.003	2.827	4.101
200.000	199.997	2.207	2.895
200.000	200.001	3.895	1.992
200.000	199.998	3.345	1.195
200.000	199.998	2.252	6.011
200.000	200.000	2.954	4.648
200.000	199.995	2.592	3.821
200.000	200.001	2.542	2.546
200.000	199.997	4.094	1.805
200.000	200.000	2.472	0.659
200.000	199.997	2.713	5.115
200.000	199.999	2.885	4.261
200.000	199.998	2.141	2.845
200.000	199.995	4.172	1.895
200.000	199.998	3.369	1.200
200.000	200.002	2.346	5.747
200.000	200.003	3.159	4.666
200.000	200.000	2.686	3.992
200.000	200.001	2.281	2.689
200.000	200.001	4.071	1.853
200.000	200.002	2.639	0.789
200.000	200.000	2.691	5.268
200.000	200.000	2.877	4.344
200.000	200.001	2.092	3.227
200.000	200.003	3.506	2.107
200.000	199.999	3.706	1.416
200.000	200.001	2.267	6.135
200.000	200.003	3.008	4.910
200.000	199.998	2.828	4.140
200.000	200.003	2.223	3.112
200.000	200.000	3.642	2.032
200.000	200.000	3.682	1.342
200.000	200.001	2.016	5.975
200.000	200.007	3.075	4.840
200.000	199.995	2.955	4.175
200.000	200.003	2.150	3.060
200.000	199.995	3.732	2.030
200.000	199.999	3.484	1.286
200.000	200.002	2.057	5.954
200.000	200.001	3.038	4.850
200.000	200.000	2.721	4.045
200.000	200.002	2.697	2.555
200.000	200.002	4.114	1.841
200.000	200.004	2.862	0.981
200.000	199.997	2.622	5.302
200.000	199.999	2.931	4.209
200.000	200.001	2.377	2.985
200.000	200.000	4.075	1.813
200.000	199.996	2.364	0.638
200.000	200.002	2.896	5.074
200.000	199.997	2.919	4.172
200.000	200.002	2.276	3.165
200.000	199.999	3.641	2.054
200.000	200.001	3.714	1.356
200.000	200.001	2.190	6.179
200.000	200.001	3.004	4.821
200.000	199.996	2.719	4.012
200.000	199.996	2.302	2.800
200.000	199.998	3.976	1.878
200.000	199.999	3.155	1.036
200.000	200.002	2.536	5.391
200.000	200.003	3.145	4.596
200.000	200.000	2.443	3.697
200.000	199.999	2.761	2.492
200.000	199.998	4.010	1.773
200.000	199.997	2.799	0.847
200.000	199.998	2.597	5.313
200.000	199.999	3.130	4.485
200.000	199.999	2.412	3.678
200.000	199.998	2.865	2.452
200.000	199.999	3.973	1.724
200.000	200.008	2.605	0.616
200.000	199.999	2.606	5.396
200.000	199.999	3.199	4.492
200.000	200.001	2.445	3.665
200.000	200.001	2.927	2.391
200.000	200.004	4.041	1.582
200.000	200.000	2.143	6.209
200.000	200.001	3.213	4.831
200.000	200.001	2.842	4.067
200.000	199.994	2.279	3.024
200.000	199.998	3.800	1.975
200.000	199.998	3.421	1.219
200.000	200.000	2.354	5.822
200.000	200.002	3.417	4.663
200.000	199.999	2.577	3.823
200.000	199.999	2.683	2.479
200.000	200.000	4.024	1.686
200.000	200.002	2.473	0.551
200.000	199.995	2.967	5.098
200.000	199.999	3.151	4.369
200.000	199.998	2.334	3.382
200.000	200.000	3.380	2.149
200.000	200.004	3.470	1.280
200.000	199.999	2.314	5.707
200.000	199.999	3.088	4.777
200.000	200.000	2.952	4.094
200.000	200.000	2.330	2.872
200.000	200.000	4.031	1.834
200.000	200.003	2.657	0.797
200.000	199.999	2.743	5.318
200.000	200.003	3.214	4.534
200.000	200.004	2.238	3.525
200.000	199.999	3.341	2.172
200.000	200.000	3.968	1.451
200.000	199.999	2.260	0.063
200.000	200.004	3.010	5.022
200.000	199.999	3.272	4.337
200.000	199.999	2.335	3.303
200.000	200.001	3.585	2.124
200.000	200.001	3.301	1.169
200.000	199.999	2.539	5.494
200.000	200.007	3.248	4.636
200.000	200.002	2.672	3.861
200.000	199.998	2.691	2.579
200.000	200.002	4.142	1.846
200.000	200.003	2.846	0.963
200.000	199.997	2.451	5.538
200.000	199.998	3.209	4.632
200.000	200.001	2.781	3.850
200.000	199.999	2.747	2.490
200.000	199.998	4.102	1.808
200.000	200.000	2.875	0.933
200.000	199.997	2.618	5.415
200.000	200.001	3.320	4.573
200.000	200.003	2.686	3.722
200.000	199.998	2.719	2.514
200.000	200.003	4.167	1.683
200.000	200.002	2.557	0.621
200.000	200.000	2.856	5.217
200.000	200.002	3.124	4.375
200.000	200.003	2.445	3.412
200.000	200.002	3.352	2.279
200.000	199.998	3.742	1.430
200.000	200.002	2.282	6.066
200.000	200.002	3.249	4.833
200.000	200.003	2.912	4.154
200.000	200.004	2.564	2.710
200.000	200.001	4.139	1.795
200.000	200.002	3.082	0.980
200.000	200.000	2.466	5.643
200.000	199.999	3.266	4.589
200.000	200.001	2.795	3.941
200.000	199.995	2.755	2.622
200.000	199.999	4.059	1.857
200.000	200.000	3.112	1.024
200.000	200.003	2.533	5.555
200.000	200.002	3.243	4.656
200.000	200.000	2.645	3.840
200.000	199.998	2.707	2.597
200.000	200.004	4.158	1.853
200.000	200.003	2.687	0.746
200.000	200.002	2.965	5.081
200.000	199.998	3.067	4.282
200.000	200.005	2.394	2.983
200.000	199.999	4.006	1.920
200.000	200.004	3.235	1.152
200.000	200.005	2.369	5.635
200.000	200.001	3.248	4.797
200.000	199.998	2.745	4.064
200.000	200.000	2.716	2.594
200.000	199.998	4.146	1.788
200.000	199.997	2.468	0.573
200.000	200.001	2.930	5.169
200.000	199.998	3.180	4.495
200.000	200.001	2.411	3.632
200.000	199.999	3.110	2.349
200.000	200.000	4.240	1.657
200.000	199.995	2.431	0.380
200.000	199.997	2.926	5.195
200.000	200.001	3.137	4.446
200.000	199.999	2.350	3.560
200.000	200.000	3.182	2.322
200.000	199.998	4.073	1.558
200.000	199.999	2.388	0.430
200.000	200.002	2.985	5.061
200.000	199.999	2.889	4.344
200.000	200.000	2.345	3.102
200.000	200.003	3.928	1.999
200.000	200.002	3.387	1.218
200.000	199.998	2.304	5.796
200.000	199.999	3.132	4.766
200.000	199.999	2.703	3.984
200.000	200.000	2.655	2.608
200.000	200.001	4.217	1.738
200.000	200.001	2.764	0.777
200.000	200.001	2.727	5.294
200.000	199.997	3.251	4.529
200.000	199.998	2.526	3.725
200.000	199.999	2.955	2.336
200.000	199.997	4.215	1.698
200.000	200.002	2.200	0.298
200.000	200.003	3.158	4.953
200.000	199.999	2.775	3.975
200.000	199.995	2.563	2.644
200.000	200.000	4.258	1.889
200.000	199.999	2.661	0.868
200.000	199.998	2.953	5.105
200.000	200.003	2.860	4.191
200.000	200.000	2.460	2.814
200.000	199.994	4.044	1.992
200.000	200.004	3.328	1.158
200.000	200.001	2.298	5.703
200.000	199.993	3.251	4.672
200.000	199.997	2.636	3.821
200.000	200.001	2.901	2.368
200.000	199.998	3.919	1.489
200.000	199.999	2.176	6.233
200.000	200.005	3.253	4.878
200.000	199.999	2.908	4.220
200.000	199.998	2.410	2.837
200.000	200.000	4.079	1.887
200.000	199.998	2.740	0.831
200.000	200.003	2.739	5.268
200.000	199.999	3.230	4.496
200.000	199.997	2.403	3.576
200.000	199.999	3.144	2.367
200.000	200.002	4.361	1.691
200.000	199.997	2.587	0.727
200.000	200.002	2.758	5.238
200.000	200.001	3.227	4.438
200.000	200.001	2.386	3.602
200.000	200.000	3.150	2.269
200.000	200.003	4.156	1.613
200.000	199.997	2.334	0.399
200.000	200.001	3.067	5.027
200.000	200.003	2.924	4.229
200.000	199.999	2.231	3.058
200.000	200.000	3.699	2.056
200.000	200.000	3.860	1.374
200.000	199.994	2.225	5.729
200.000	199.998	3.375	4.746
200.000	199.998	3.014	4.147
200.000	200.003	2.283	2.991
200.000	200.003	4.166	1.905
200.000	199.997	2.854	0.892
200.000	199.998	2.995	5.036
200.000	199.997	3.067	4.253
200.000	200.003	2.158	3.170
200.000	199.998	3.773	2.026
200.000	199.998	3.651	1.343
200.000	199.999	2.247	6.064
200.000	199.999	3.300	4.887
200.000	199.998	2.951	4.241
200.000	199.995	2.268	3.004
200.000	199.999	4.093	1.877
200.000	199.999	3.272	1.045
200.000	199.999	2.585	5.473
200.000	199.999	3.297	4.658
200.000	199.998	2.684	3.999
200.000	200.000	2.837	2.525
200.000	200.000	4.223	1.873
200.000	199.996	3.685	1.298
200.000	200.001	2.268	5.888
200.000	200.001	3.358	4.697
200.000	199.998	2.278	3.641
200.000	200.004	3.514	2.151
200.000	199.999	3.940	1.378
200.000	200.000	2.264	5.971
200.000	199.999	3.341	4.826
200.000	199.997	3.010	4.181
200.000	200.000	2.261	3.385
200.000	199.997	3.759	2.033
200.000	199.995	3.067	0.988
200.000	200.000	2.571	5.386
200.000	199.995	3.478	4.606
200.000	199.995	2.549	3.913
200.000	200.001	2.661	2.564
200.000	199.998	4.233	1.806
200.000	199.999	2.780	0.750
200.000	199.999	2.606	5.431
200.000	199.999	3.354	4.584
200.000	200.001	2.692	3.909
200.000	199.995	2.910	2.482
200.000	199.999	4.394	1.783
200.000	200.002	3.030	0.947
200.000	200.000	2.709	5.328
200.000	200.000	3.149	4.312
200.000	199.999	2.195	3.114
200.000	200.001	3.803	2.114
200.000	200.003	3.960	1.476
200.000	199.998	2.322	6.037
200.000	199.998	3.324	4.806
200.000	199.999	2.640	3.913
200.000	199.997	2.995	2.399
200.000	200.002	4.142	1.572
200.000	199.996	2.265	0.097
200.000	200.001	3.218	4.947
200.000	200.003	2.997	4.224
200.000	200.000	2.232	3.015
200.000	200.001	4.036	1.982
200.000	200.001	3.870	1.381
200.000	200.001	2.389	6.030
200.000	199.998	3.446	4.764
200.000	200.004	2.773	3.957
200.000	200.002	2.647	2.602
200.000	200.002	4.335	1.776
200.000	200.000	2.788	0.676
200.000	200.002	2.899	5.246
200.000	200.001	3.380	4.564
200.000	199.996	2.431	3.757
200.000	200.001	2.988	2.387
200.000	200.000	4.343	1.694
200.000	200.001	2.365	0.339
200.000	200.000	3.127	4.989
200.000	200.000	3.204	4.345
200.000	199.998	2.221	3.239
200.000	199.997	3.941	2.017
200.000	200.001	3.630	1.238
200.000	200.001	2.461	5.651
200.000	199.998	3.272	4.527
200.000	200.003	2.371	3.633
200.000	199.999	3.176	2.334
200.000	199.997	4.348	1.564
200.000	199.998	2.466	0.325
200.000	199.998	3.125	5.003
200.000	199.999	2.785	4.125
200.000	199.999	2.496	2.723
200.000	200.005	4.323	1.894
200.000	199.998	3.259	1.030
200.000	200.000	2.682	5.458
200.000	200.001	3.286	4.498
200.000	200.000	2.282	3.435
200.000	199.998	3.798	2.070
200.000	199.997	4.096	1.458
200.000	200.001	2.134	5.992
200.000	200.000	3.379	4.833
200.000	200.004	2.703	3.965
200.000	199.996	2.538	2.757
200.000	200.000	4.313	1.921
200.000	200.004	3.540	1.167
200.000	200.001	2.436	5.674
200.000	200.000	3.411	4.529
200.000	200.001	2.386	3.402
200.000	200.002	3.927	2.078
200.000	200.000	3.947	1.339
200.000	199.999	2.290	5.877
200.000	199.999	3.345	4.802
200.000	200.000	3.054	4.133
200.000	200.000	2.439	2.986
200.000	200.001	4.080	2.022
200.000	199.998	3.629	1.283
200.000	200.000	2.267	6.068
200.000	199.999	3.387	4.823
200.000	200.000	2.899	4.129
200.000	199.998	2.568	2.898
200.000	199.998	4.273	1.956
200.000	199.999	3.499	1.188
200.000	200.000	2.405	5.602
200.000	199.999	3.327	4.558
200.000	200.001	2.519	3.684
200.000	200.000	3.192	2.411
200.000	200.000	4.650	1.745
200.000	200.001	2.798	0.800
200.000	199.996	2.843	5.283
200.000	199.997	3.350	4.461
200.000	199.995	2.500	3.647
200.000	200.001	3.473	2.298
200.000	199.997	4.340	1.574
200.000	200.002	2.200	0.155
200.000	200.005	3.227	4.962
200.000	200.002	3.268	4.295
200.000	199.998	2.399	3.338
200.000	199.997	3.962	2.068
200.000	199.999	3.352	1.183
200.000	199.999	2.528	5.620
200.000	200.005	3.504	4.520
200.000	200.001	2.435	3.612
200.000	200.001	3.585	2.239
200.000	199.998	3.843	1.411
200.000	199.999	2.332	5.867
200.000	199.997	3.573	4.851
200.000	200.004	3.020	4.068
200.000	199.999	2.571	2.759
200.000	199.998	4.421	1.894
200.000	199.999	3.194	1.109
200.000	199.998	2.549	5.501
200.000	199.999	3.523	4.601
200.000	200.003	2.608	3.755
200.000	199.998	3.177	2.417
200.000	200.003	4.451	1.655
200.000	200.000	2.479	0.527
200.000	199.996	3.105	5.112
200.000	200.001	3.274	4.378
200.000	200.000	2.520	3.579
200.000	199.999	3.296	2.350
200.000	200.002	4.500	1.664
200.000	199.997	2.183	0.102
200.000	199.999	3.417	4.919
200.000	199.999	3.410	4.314
200.000	200.001	2.378	3.261
200.000	200.004	4.038	2.087
200.000	200.004	3.884	1.362
200.000	199.999	2.339	5.923
200.000	199.996	3.464	4.822
200.000	200.003	3.258	4.196
200.000	200.001	2.402	3.239
200.000	199.998	4.350	1.871
200.000	199.998	2.619	0.798
200.000	199.998	2.944	5.229
200.000	199.997	3.526	4.557
200.000	200.002	2.612	3.657
200.000	200.002	3.678	2.193
200.000	200.003	4.451	1.579
200.000	200.000	2.485	0.482
200.000	199.996	3.059	5.187
200.000	199.999	3.560	4.458
200.000	199.997	3.080	4.131
200.000	200.000	2.871	3.938
200.000	199.998	2.836	3.942
200.000	199.997	2.743	3.944
200.000	199.999	2.847	3.945
200.000	200.001	2.764	3.941
200.000	200.004	2.757	3.975
200.000	200.000	2.723	3.959
200.000	200.002	2.723	3.910
200.000	199.999	2.803	3.981
200.000	200.000	2.816	3.953
200.000	200.001	2.865	3.955
200.000	199.999	2.819	3.926
200.000	200.003	2.726	3.954
200.000	199.998	2.690	3.962
200.000	200.002	2.764	3.958
200.000	200.003	2.863	3.932
200.000	200.002	2.718	3.893
200.000	199.998	2.776	3.915
200.000	200.000	2.829	3.923
200.000	200.003	2.810	3.914
200.000	200.002	2.926	3.920
200.000	200.001	2.867	3.913
200.000	199.997	2.862	3.899
200.000	200.001	2.834	3.942
200.000	199.999	2.874	3.938
200.000	200.000	2.880	3.927
200.000	199.998	2.834	3.915
200.000	199.998	2.847	3.926
200.000	199.999	2.861	3.918
200.000	199.998	2.829	3.908
200.000	200.003	2.886	3.909
200.000	199.997	2.775	3.895
200.000	200.000	2.719	3.891
200.000	199.999	2.749	3.932
200.000	199.999	2.861	3.920
200.000	200.000	2.795	3.902
200.000	200.002	2.796	3.932
200.000	200.001	2.791	3.895
200.000	200.000	2.774	3.926
200.000	200.000	2.869	3.911
200.000	199.999	2.799	3.906
200.000	199.997	2.816	3.919
200.000	200.001	2.770	3.907
200.000	200.000	2.822	3.910
200.000	200.002	2.822	3.916
200.000	200.001	2.876	3.911
200.000	200.002	2.872	3.921
200.000	199.997	2.850	3.922
200.000	200.001	2.976	3.921
200.000	200.000	2.901	3.905
200.000	199.997	2.908	3.926
200.000	199.996	2.881	3.887
200.000	200.000	2.883	3.881
200.000	200.001	2.969	3.891
200.000	200.000	2.934	3.902
200.000	199.999	2.851	3.891
200.000	200.003	2.825	3.883
200.000	199.999	2.904	3.921
200.000	199.998	2.790	3.910
200.000	199.997	2.842	3.909
200.000	200.001	2.899	3.899
200.000	200.003	2.916	3.926
200.000	199.996	2.899	3.897
200.000	200.002	2.854	3.899
200.000	199.997	2.949	3.903
200.000	200.001	2.844	3.929
200.000	200.000	2.726	3.948
200.000	199.998	2.751	3.901
200.000	199.997	2.707	3.924
200.000	199.997	2.903	3.896
200.000	200.001	2.958	3.912
200.000	199.996	2.825	3.922
200.000	199.997	2.888	3.929
200.000	199.998	2.805	3.897
200.000	200.000	2.917	3.930
200.000	199.996	2.886	3.905
200.000	199.996	2.878	3.918
200.000	199.997	2.873	3.932
200.000	200.000	2.875	3.939
200.000	200.001	2.908	3.926
200.000	200.000	2.868	3.937
200.000	199.999	2.974	3.922
200.000	200.003	2.789	3.909
200.000	199.999	2.968	3.935
200.000	199.999	2.878	3.949
200.000	200.003	2.884	3.949
200.000	199.999	2.859	3.916
200.000	200.002	2.871	3.950
200.000	199.999	2.804	3.942
200.000	199.997	2.890	3.950
200.000	200.001	2.891	3.955
200.000	199.997	2.851	3.938
200.000	199.999	2.904	3.940
200.000	199.995	2.948	3.952
200.000	200.000	2.874	3.953
200.000	200.003	2.859	3.913
200.000	200.004	2.879	3.920
200.000	199.999	2.860	3.968
200.000	200.001	2.822	3.917
200.000	199.997	2.858	3.956
200.000	200.002	2.893	3.912
200.000	200.000	2.913	3.902
200.000	199.997	3.016	3.939
200.000	200.002	2.862	3.915
200.000	199.999	2.769	3.911
200.000	199.998	2.894	3.919
200.000	199.998	2.905	3.920
200.000	200.002	2.898	3.929
200.000	200.001	2.832	3.931
200.000	199.999	2.798	3.914
200.000	200.000	2.842	3.916
200.000	199.999	2.913	3.940
200.000	199.994	2.780	3.929
200.000	200.000	2.899	3.940
200.000	200.000	2.962	3.921
200.000	200.000	2.850	3.889
200.000	199.999	2.941	3.905
200.000	199.998	2.899	3.923
200.000	200.002	2.987	3.906
200.000	199.995	2.845	3.928
200.000	200.004	2.871	3.910
200.000	199.999	2.762	3.917
200.000	200.000	2.865	3.923
200.000	199.997	2.798	3.891
200.000	200.002	2.813	3.911
200.000	199.997	2.899	3.930
200.000	199.999	2.840	3.924
200.000	200.001	2.775	3.903
200.000	200.001	2.774	3.905
200.000	200.001	2.775	3.902
200.000	200.003	2.856	3.943
200.000	199.997	2.882	3.906
200.000	200.003	2.772	3.887
200.000	200.000	2.851	3.935
200.000	200.002	2.866	3.908
200.000	200.000	2.907	3.908
200.000	200.000	2.827	3.906
200.000	200.001	2.832	3.912
200.000	199.999	2.824	3.886
200.000	200.004	2.850	3.934
200.000	199.999	2.852	3.921
200.000	200.001	2.751	3.881
200.000	199.998	2.798	3.934
200.000	199.998	2.865	3.896
200.000	199.999	2.906	3.887
200.000	200.002	2.830	3.904
200.000	200.001	2.911	3.905
200.000	200.000	2.810	3.905
200.000	199.997	2.863	3.907
200.000	199.998	2.862	3.892
200.000	199.997	2.900	3.923
200.000	199.998	2.732	3.894
200.000	200.003	2.971	3.917
200.000	199.999	2.795	3.876
200.000	199.997	2.888	3.912
200.000	199.997	2.830	3.881
200.000	200.000	2.927	3.925
200.000	200.001	2.858	3.935
200.000	200.000	2.790	3.921
200.000	200.000	2.758	3.896
200.000	199.999	2.878	3.913
200.000	200.001	2.847	3.902
200.000	199.996	2.780	3.912
200.000	199.998	2.834	3.878
200.000	199.999	2.826	3.910
200.000	200.003	2.790	3.870
200.000	200.001	2.746	3.892
200.000	199.999	2.857	3.859
200.000	199.997	2.885	3.878
200.000	199.998	2.879	3.909
200.000	200.002	2.810	3.870
200.000	199.997	2.952	3.919
200.000	200.000	2.817	3.870
200.000	199.998	2.828	3.910
200.000	199.999	2.784	3.887
200.000	200.001	2.856	3.881
200.000	200.000	2.824	3.866
200.000	200.002	2.838	3.863
200.000	199.998	2.863	3.897
200.000	199.998	2.748	3.911
200.000	199.997	2.777	3.890
200.000	199.998	2.796	3.901
200.000	200.003	2.843	3.898
200.000	199.998	2.737	3.877
200.000	200.000	2.907	3.889
200.000	200.002	2.912	3.884
200.000	199.998	2.831	3.887
200.000	200.002	2.739	3.881
200.000	200.006	2.832	3.870
200.000	200.001	2.859	3.866
200.000	200.002	2.815	3.868
200.000	200.001	2.923	3.901
200.000	200.001	2.853	3.860
200.000	200.000	2.772	3.891
200.000	199.998	2.753	3.891
200.000	200.000	2.825	3.900
200.000	200.004	2.814	3.900
200.000	199.999	2.815	3.871
200.000	199.999	2.865	3.913
200.000	200.001	2.892	3.907
200.000	199.998	2.909	3.893
200.000	200.000	2.833	3.893
200.000	200.000	2.857	3.897
200.000	200.003	2.734	3.891
200.000	200.001	2.738	3.864
200.000	200.001	2.838	3.910
